"abu","acum_busd","acum_busd_val","acum_val_bu","acum_val_sd","acum_val","avg_val_bu","avg_val_sd","rbusd","asd","auk","bs","bu","bu-sd","bu-sd_val","c","date","datetime","h","l","o","pbu","psd","puk","rbu","rsd","ruk","sb","sd","sum_vol","total_vol","uk","val","val_bu","val_sd","val_uk"
577.8,1000,2900000,2900000,0,2900000,1727777.8,21266666.7,-0.1,7333.3,0,Infinity,1000,1000,2900000,2900,"2023-02-14T09:06:00.000Z",1676365560000,2900,2900,2900,100,0,0,1.7,,,0,,1000,1000,,2900000,2900000,,
577.8,800,2320000,2900000,580000,3480000,1727777.8,21266666.7,0,7333.3,0,0,,-200,-580000,2900,"2023-02-14T09:20:00.000Z",1676366400000,2900,2900,2900,0,100,0,,0,,Infinity,200,200,1200,,580000,,580000,
577.8,900,2620000,3200000,580000,3780000,1727777.8,21266666.7,0,7333.3,0,Infinity,100,100,300000,3000,"2023-02-14T09:26:00.000Z",1676366760000,3000,3000,3000,100,0,0,0.2,,,0,,100,1300,,300000,300000,,
577.8,1000,2920000,3500000,580000,4080000,1727777.8,21266666.7,0,7333.3,0,Infinity,100,100,300000,3000,"2023-02-14T09:28:00.000Z",1676366880000,3000,3000,3000,100,0,0,0.2,,,0,,100,1400,,300000,300000,,
577.8,-99000,-287080000,3500000,290580000,294080000,1727777.8,21266666.7,14.8,7333.3,0,0,,-100000,-290000000,2900,"2023-02-14T10:22:00.000Z",1676370120000,2900,2900,2900,0,100,0,,13.6,,Infinity,100000,100000,101400,,290000000,,290000000,
577.8,-98000,-284080000,6500000,290580000,297080000,1727777.8,21266666.7,-0.2,7333.3,0,Infinity,1000,1000,3000000,3000,"2023-02-14T11:06:00.000Z",1676372760000,3000,3000,3000,100,0,0,1.7,,,0,,1000,102400,,3000000,3000000,,
577.8,-97600,-282880000,7700000,290580000,298280000,1727777.8,21266666.7,-0.1,7333.3,0,Infinity,400,400,1200000,3000,"2023-02-14T11:14:00.000Z",1676373240000,3000,3000,3000,100,0,0,0.7,,,0,,400,102800,,1200000,1200000,,
577.8,-96600,-279880000,10700000,290580000,301280000,1727777.8,21266666.7,-0.2,7333.3,0,Infinity,1000,1000,3000000,3000,"2023-02-14T11:22:00.000Z",1676373720000,3000,3000,3000,100,0,0,1.7,,,0,,1000,103800,,3000000,3000000,,
577.8,-95600,-276780000,16700000,293480000,310180000,1727777.8,21266666.7,-0.2,7333.3,0,2,2000,1000,3100000,3000,"2023-02-14T13:00:00.000Z",1676379600000,3000,2900,2900,66.7,33.3,0,3.5,0.1,,0.5,1000,3000,106800,,8900000,6000000,2900000,
577.8,-95400,-276180000,17300000,293480000,310780000,1727777.8,21266666.7,0,7333.3,0,Infinity,200,200,600000,3000,"2023-02-14T13:04:00.000Z",1676379840000,3000,3000,3000,100,0,0,0.3,,,0,,200,107000,,600000,600000,,
577.8,-105200,-304580000,17900000,322480000,340380000,1727777.8,21266666.7,1.5,7333.3,0,0,200,-9800,-28400000,3000,"2023-02-14T13:06:00.000Z",1676379960000,3000,2900,2900,2,98,0,0.3,1.4,,50,10000,10200,117200,,29600000,600000,29000000,
577.8,-105100,-304280000,18200000,322480000,340680000,1727777.8,21266666.7,0,7333.3,0,Infinity,100,100,300000,3000,"2023-02-14T13:10:00.000Z",1676380200000,3000,3000,3000,100,0,0,0.2,,,0,,100,117300,,300000,300000,,
577.8,-104000,-300980000,21500000,322480000,343980000,1727777.8,21266666.7,-0.2,7333.3,0,Infinity,1100,1100,3300000,3000,"2023-02-14T13:16:00.000Z",1676380560000,3000,3000,3000,100,0,0,1.9,,,0,,1100,118400,,3300000,3300000,,
577.8,-102900,-297680000,24800000,322480000,347280000,1727777.8,21266666.7,-0.2,7333.3,0,Infinity,1100,1100,3300000,3000,"2023-02-14T13:22:00.000Z",1676380920000,3000,3000,3000,100,0,0,1.9,,,0,,1100,119500,,3300000,3300000,,
577.8,-102800,-297380000,25100000,322480000,347580000,1727777.8,21266666.7,0,7333.3,0,Infinity,100,100,300000,3000,"2023-02-14T13:26:00.000Z",1676381160000,3000,3000,3000,100,0,0,0.2,,,0,,100,119600,,300000,300000,,
577.8,-101800,-294380000,28100000,322480000,350580000,1727777.8,21266666.7,-0.2,7333.3,0,Infinity,1000,1000,3000000,3000,"2023-02-14T13:32:00.000Z",1676381520000,3000,3000,3000,100,0,0,1.7,,,0,,1000,120600,,3000000,3000000,,
577.8,-100800,-291380000,31100000,322480000,353580000,1727777.8,21266666.7,-0.2,7333.3,0,Infinity,1000,1000,3000000,3000,"2023-02-14T14:18:00.000Z",1676384280000,3000,3000,3000,100,0,0,1.7,,,0,,1000,121600,,3000000,3000000,,
577.8,-121600,-351700000,31100000,382800000,413900000,1727777.8,21266666.7,3.1,7333.3,0,0,,-20800,-60320000,2900,"2023-02-14T14:32:00.000Z",1676385120000,2900,2900,2900,0,100,0,,2.8,,Infinity,20800,20800,142400,,60320000,,60320000,
