"abu","acum_busd","acum_busd_val","acum_val_bu","acum_val_sd","acum_val","avg_val_bu","avg_val_sd","rbusd","asd","auk","bs","bu","bu-sd","bu-sd_val","c","date","datetime","h","l","o","pbu","psd","puk","rbu","rsd","ruk","sb","sd","sum_vol","total_vol","uk","val","val_bu","val_sd","val_uk"
200,-100,-3500000,0,3500000,3500000,7000000,17719444.4,0.3,511.1,0,0,,-100,-3500000,35000,"2023-02-14T10:35:00.000Z",1676370900000,35000,35000,35000,0,100,0,,0.2,,Infinity,100,100,100,,3500000,,3500000,
200,0,0,3500000,3500000,7000000,7000000,17719444.4,-0.3,511.1,0,Infinity,100,100,3500000,35000,"2023-02-14T10:55:00.000Z",1676372100000,35000,35000,35000,100,0,0,0.5,,,0,,100,200,,3500000,3500000,,
200,100,3500000,7000000,3500000,10500000,7000000,17719444.4,-0.3,511.1,0,Infinity,100,100,3500000,35000,"2023-02-14T13:00:00.000Z",1676379600000,35000,35000,35000,100,0,0,0.5,,,0,,100,300,,3500000,3500000,,
200,400,14000000,17500000,3500000,21000000,7000000,17719444.4,-1,511.1,0,Infinity,300,300,10500000,35000,"2023-02-14T13:10:00.000Z",1676380200000,35000,35000,35000,100,0,0,1.5,,,0,,300,600,,10500000,10500000,,
200,700,24500000,28000000,3500000,31500000,7000000,17719444.4,-1,511.1,0,Infinity,300,300,10500000,35000,"2023-02-14T13:20:00.000Z",1676380800000,35000,35000,35000,100,0,0,1.5,,,0,,300,900,,10500000,10500000,,
200,800,28000000,31500000,3500000,35000000,7000000,17719444.4,-0.3,511.1,0,Infinity,100,100,3500000,35000,"2023-02-14T13:25:00.000Z",1676381100000,35000,35000,35000,100,0,0,0.5,,,0,,100,1000,,3500000,3500000,,
200,1700,59500000,63000000,3500000,66500000,7000000,17719444.4,-2.9,511.1,0,Infinity,900,900,31500000,35000,"2023-02-14T14:15:00.000Z",1676384100000,35000,35000,35000,100,0,0,4.5,,,0,,900,1900,,31500000,31500000,,
200,-1800,-61775000,63000000,124775000,187775000,7000000,17719444.4,11.3,511.1,0,0,,-3500,-121275000,34650,"2023-02-14T14:25:00.000Z",1676384700000,34650,34650,34650,0,100,0,,6.8,,Infinity,3500,3500,5400,,121275000,,121275000,
200,-2800,-96475000,63000000,159475000,222475000,7000000,17719444.4,3.2,511.1,0,0,,-1000,-34700000,34700,"2023-02-14T14:45:00.000Z",1676385900000,34700,34700,34700,0,100,0,,2,,Infinity,1000,1000,6400,,34700000,,34700000,
