"abu","acum_busd","acum_busd_val","acum_val_bu","acum_val_sd","acum_val","avg_val_bu","avg_val_sd","rbusd","asd","auk","bs","bu","bu-sd","bu-sd_val","c","date","datetime","h","l","o","pbu","psd","puk","rbu","rsd","ruk","sb","sd","sum_vol","total_vol","uk","val","val_bu","val_sd","val_uk"
157210.6,13800,196985000,1762915000,1565930000,4649405000,2084093340.4,2053383314.9,6.4,149155.3,11602.1,1.1,127900,13800,196985000,13.7,"2023-02-08T09:15:00.000Z",1675847700000,13.85,13.6,13.6,37.7,33.6,28.6,0.8,0.8,8.4,0.9,114100,339100,339100,97100,4649405000,1762915000,1565930000,1320560000
157210.6,-105400,-1428715000,2119745000,3548460000,6988765000,2084093340.4,2053383314.9,-52.9,149155.3,11602.1,0.2,26100,-119200,-1625700000,13.6,"2023-02-08T09:20:00.000Z",1675848000000,13.7,13.6,13.7,15.2,84.8,0,0.2,1,,5.6,145300,171400,510500,,2339360000,356830000,1982530000,
157210.6,-251500,-3413125000,2523785000,5936910000,9781255000,2084093340.4,2053383314.9,-64.6,149155.3,11602.1,0.2,29700,-146100,-1984410000,13.6,"2023-02-08T09:25:00.000Z",1675848300000,13.65,13.55,13.6,14.5,85.5,0,0.2,1.2,,5.9,175800,205500,716000,,2792490000,404040000,2388450000,
157210.6,-218500,-2962935000,3350665000,6313600000,10984825000,2084093340.4,2053383314.9,14.7,149155.3,11602.1,2.2,60800,33000,450190000,13.6,"2023-02-08T09:30:00.000Z",1675848600000,13.6,13.55,13.55,68.6,31.4,0,0.4,0.2,,0.5,27800,88600,804600,,1203570000,826880000,376690000,
157210.6,-71400,-962355000,6127795000,7090150000,14538505000,2084093340.4,2053383314.9,65.1,149155.3,11602.1,3.6,204200,147100,2000580000,13.6,"2023-02-08T09:35:00.000Z",1675848900000,13.65,13.55,13.6,78.1,21.9,0,1.3,0.4,,0.3,57100,261300,1065900,,3553680000,2777130000,776550000,
157210.6,6900,105270000,7482640000,7377370000,16180570000,2084093340.4,2053383314.9,34.8,149155.3,11602.1,4.7,99400,78300,1067625000,13.65,"2023-02-08T09:40:00.000Z",1675849200000,13.7,13.55,13.6,82.5,17.5,0,0.6,0.1,,0.2,21100,120500,1186400,,1642065000,1354845000,287220000,
157210.6,-14600,-187095000,7786780000,7973875000,17081215000,2084093340.4,2053383314.9,-9.5,149155.3,11602.1,0.5,22200,-21500,-292365000,13.7,"2023-02-08T09:45:00.000Z",1675849500000,13.7,13.65,13.65,33.7,66.3,0,0.1,0.3,,2,43700,65900,1252300,,900645000,304140000,596505000,
157210.6,-63800,-858165000,8281105000,9139270000,18740935000,2084093340.4,2053383314.9,-21.9,149155.3,11602.1,0.4,36200,-49200,-671070000,13.65,"2023-02-08T09:50:00.000Z",1675849800000,13.7,13.6,13.7,29.8,70.2,0,0.2,0.6,,2.4,85400,121600,1373900,,1659720000,494325000,1165395000,
157210.6,-46500,-621640000,8667505000,9289145000,19277210000,2084093340.4,2053383314.9,7.7,149155.3,11602.1,2.6,28300,17300,236525000,13.7,"2023-02-08T09:55:00.000Z",1675850100000,13.7,13.6,13.6,72,28,0,0.2,0.1,,0.4,11000,39300,1413200,,536275000,386400000,149875000,
157210.6,-75200,-1012940000,8792175000,9805115000,19917850000,2084093340.4,2053383314.9,-12.7,149155.3,11602.1,0.2,9100,-28700,-391300000,13.65,"2023-02-08T10:00:00.000Z",1675850400000,13.7,13.65,13.65,19.4,80.6,0,0.1,0.3,,4.2,37800,46900,1460100,,640640000,124670000,515970000,
157210.6,-161800,-2194630000,8901775000,11096405000,21318740000,2084093340.4,2053383314.9,-38.5,149155.3,11602.1,0.1,8000,-86600,-1181690000,13.65,"2023-02-08T10:05:00.000Z",1675850700000,13.7,13.65,13.65,7.8,92.2,0,0.1,0.6,,11.8,94600,102600,1562700,,1400890000,109600000,1291290000,
157210.6,-246600,-3349625000,9297625000,12647250000,23265435000,2084093340.4,2053383314.9,-37.6,149155.3,11602.1,0.3,29000,-84800,-1154995000,13.6,"2023-02-08T10:10:00.000Z",1675851000000,13.65,13.6,13.65,20.3,79.7,0,0.2,0.8,,3.9,113800,142800,1705500,,1946695000,395850000,1550845000,
157210.6,-246300,-3344700000,9528310000,12873010000,23721880000,2084093340.4,2053383314.9,0.2,149155.3,11602.1,1,16900,300,4925000,13.6,"2023-02-08T10:15:00.000Z",1675851300000,13.65,13.6,13.6,50.4,49.6,0,0.1,0.1,,1,16600,33500,1739000,,456445000,230685000,225760000,
157210.6,-243300,-3303265000,9701665000,13004930000,24027155000,2084093340.4,2053383314.9,1.3,149155.3,11602.1,1.3,12700,3000,41435000,13.65,"2023-02-08T10:20:00.000Z",1675851600000,13.65,13.6,13.6,56.7,43.3,0,0.1,0.1,,0.8,9700,22400,1761400,,305275000,173355000,131920000,
157210.6,-222900,-3024305000,10116625000,13140930000,24578115000,2084093340.4,2053383314.9,9.1,149155.3,11602.1,3,30400,20400,278960000,13.65,"2023-02-08T10:25:00.000Z",1675851900000,13.65,13.6,13.65,75.2,24.8,0,0.2,0.1,,0.3,10000,40400,1801800,,550960000,414960000,136000000,
157210.6,-91300,-1227355000,12144050000,13371405000,26836015000,2084093340.4,2053383314.9,58.5,149155.3,11602.1,8.8,148500,131600,1796950000,13.7,"2023-02-08T10:30:00.000Z",1675852200000,13.7,13.6,13.65,89.8,10.2,0,0.9,0.1,,0.1,16900,165400,1967200,,2257900000,2027425000,230475000,
157210.6,-154100,-2083900000,12480460000,14564360000,28365380000,2084093340.4,2053383314.9,-27.9,149155.3,11602.1,0.3,24600,-62800,-856545000,13.6,"2023-02-08T10:35:00.000Z",1675852500000,13.7,13.6,13.7,22,78,0,0.2,0.6,,3.6,87400,112000,2079200,,1529365000,336410000,1192955000,
157210.6,-184400,-2494875000,12782125000,15277000000,29379685000,2084093340.4,2053383314.9,-13.4,149155.3,11602.1,0.4,22100,-30300,-410975000,13.6,"2023-02-08T10:40:00.000Z",1675852800000,13.65,13.6,13.6,29.7,70.3,0,0.1,0.4,,2.4,52400,74500,2153700,,1014305000,301665000,712640000,
157210.6,-262400,-3555615000,12798505000,16354120000,30473185000,2084093340.4,2053383314.9,-34.5,149155.3,11602.1,0,1200,-78000,-1060740000,13.6,"2023-02-08T10:45:00.000Z",1675853100000,13.65,13.6,13.6,1.5,98.5,0,0,0.5,,66,79200,80400,2234100,,1093500000,16380000,1077120000,
157210.6,-281200,-3811075000,13153465000,16964540000,31438565000,2084093340.4,2053383314.9,-8.3,149155.3,11602.1,0.6,26100,-18800,-255460000,13.6,"2023-02-08T10:50:00.000Z",1675853400000,13.6,13.55,13.6,36.8,63.2,0,0.2,0.3,,1.7,44900,71000,2305100,,965380000,354960000,610420000,
157210.6,-566800,-7679090000,13660745000,21339835000,36321140000,2084093340.4,2053383314.9,-126,149155.3,11602.1,0.1,37300,-285600,-3868015000,13.55,"2023-02-08T10:55:00.000Z",1675853700000,13.6,13.55,13.55,10.4,89.6,0,0.2,2.2,,8.7,322900,360200,2665300,,4882575000,507280000,4375295000,
157210.6,-812100,-10990215000,13806970000,24797185000,39924715000,2084093340.4,2053383314.9,-107.8,149155.3,11602.1,0,10800,-245300,-3311125000,13.5,"2023-02-08T11:00:00.000Z",1675854000000,13.55,13.5,13.5,4,96,0,0.1,1.7,,23.7,256100,266900,2932200,,3603575000,146225000,3457350000,
157210.6,-907600,-12275535000,15789545000,28065080000,45175185000,2084093340.4,2053383314.9,-41.9,149155.3,11602.1,0.6,147900,-95500,-1285320000,13.4,"2023-02-08T11:05:00.000Z",1675854300000,13.5,13.35,13.5,37.8,62.2,0,0.9,1.6,,1.6,243400,391300,3323500,,5250470000,1982575000,3267895000,
157210.6,-875600,-11841325000,16948495000,28789820000,47058875000,2084093340.4,2053383314.9,14.1,149155.3,11602.1,1.6,86000,32000,434210000,13.5,"2023-02-08T11:10:00.000Z",1675854600000,13.5,13.4,13.4,61.4,38.6,0,0.5,0.4,,0.6,54000,140000,3463500,,1883690000,1158950000,724740000,
157210.6,-919100,-12426420000,17015995000,29442415000,47778970000,2084093340.4,2053383314.9,-19.1,149155.3,11602.1,0.1,5000,-43500,-585095000,13.45,"2023-02-08T11:15:00.000Z",1675854900000,13.5,13.45,13.5,9.3,90.7,0,0,0.3,,9.7,48500,53500,3517000,,720095000,67500000,652595000,
157210.6,-1135000,-15306480000,17320615000,32627095000,51268270000,2084093340.4,2053383314.9,-93.8,149155.3,11602.1,0.1,22800,-215900,-2880060000,13.3,"2023-02-08T11:20:00.000Z",1675855200000,13.4,13.3,13.4,8.7,91.3,0,0.1,1.6,,10.5,238700,261500,3778500,,3489300000,304620000,3184680000,
157210.6,-1348400,-18139765000,17921860000,36061625000,55304045000,2084093340.4,2053383314.9,-92.3,149155.3,11602.1,0.2,45200,-213400,-2833285000,13.25,"2023-02-08T11:25:00.000Z",1675855500000,13.35,13.25,13.35,14.9,85.1,0,0.3,1.7,,5.7,258600,303800,4082300,,4035775000,601245000,3434530000,
157210.6,-1347400,-18126515000,17935110000,36061625000,55317295000,2084093340.4,2053383314.9,0.4,149155.3,11602.1,Infinity,1000,1000,13250000,13.25,"2023-02-08T11:30:00.000Z",1675855800000,13.25,13.25,13.25,100,0,0,0,,,0,,1000,4083300,,13250000,13250000,,
157210.6,-1432900,-19236460000,21238420000,40474880000,63073310000,2084093340.4,2053383314.9,-36.1,149155.3,11602.1,0.7,250200,-85500,-1109945000,13.25,"2023-02-08T13:00:00.000Z",1675861200000,13.25,13.1,13.25,42.5,57,0.5,1.6,2.3,0.3,1.3,335700,588900,4672200,3000,7756015000,3303310000,4413255000,39450000
157210.6,-1404400,-18856020000,22610535000,41466555000,65437100000,2084093340.4,2053383314.9,12.4,149155.3,11602.1,1.4,103400,28500,380440000,13.3,"2023-02-08T13:05:00.000Z",1675861500000,13.3,13.2,13.25,58,42,0,0.7,0.5,,0.7,74900,178300,4850500,,2363790000,1372115000,991675000,
157210.6,-1763300,-23566585000,23568820000,47135405000,72066885000,2084093340.4,2053383314.9,-153.4,149155.3,11602.1,0.2,72600,-358900,-4710565000,13.1,"2023-02-08T13:10:00.000Z",1675861800000,13.3,13.05,13.3,14.4,85.6,0,0.5,2.9,0,5.9,431500,504300,5354800,200,6629785000,958285000,5668850000,2650000
157210.6,-1729100,-23112755000,25138365000,48251120000,74752145000,2084093340.4,2053383314.9,14.8,149155.3,11602.1,1.4,119100,34200,453830000,13.25,"2023-02-08T13:15:00.000Z",1675862100000,13.25,13.05,13.1,58.4,41.6,0,0.8,0.6,,0.7,84900,204000,5558800,,2685260000,1569545000,1115715000,
157210.6,-1712400,-22882480000,27021605000,49904085000,78288350000,2084093340.4,2053383314.9,7.5,149155.3,11602.1,1.1,141600,16700,230275000,13.35,"2023-02-08T13:20:00.000Z",1675862400000,13.35,13.2,13.25,53.1,46.9,0,0.9,0.8,,0.9,124900,266500,5825300,,3536205000,1883240000,1652965000,
157210.6,-1350000,-17983605000,32518095000,50501700000,84382455000,2084093340.4,2053383314.9,159.5,149155.3,11602.1,9.2,406800,362400,4898875000,13.6,"2023-02-08T13:25:00.000Z",1675862700000,13.6,13.35,13.35,90.2,9.8,0,2.6,0.3,,0.1,44400,451200,6276500,,6094105000,5496490000,597615000,
157210.6,-1250700,-16641190000,35105495000,51746685000,88221540000,2084093340.4,2053383314.9,43.7,149155.3,11602.1,2.1,191500,99300,1342415000,13.6,"2023-02-08T13:30:00.000Z",1675863000000,13.6,13.35,13.55,67.4,32.4,0.2,1.2,0.6,0,0.5,92200,284200,6560700,500,3839085000,2587400000,1244985000,6700000
157210.6,-733500,-9532580000,47575750000,57108330000,106053440000,2084093340.4,2053383314.9,231.5,149155.3,11602.1,2.3,905700,517200,7108610000,13.8,"2023-02-08T13:35:00.000Z",1675863300000,13.9,13.55,13.6,70,30,0,5.8,2.6,,0.4,388500,1294200,7854900,,17831900000,12470255000,5361645000,
157210.6,-834100,-10883315000,51804830000,62688145000,115862335000,2084093340.4,2053383314.9,-44,149155.3,11602.1,0.8,306200,-100600,-1350735000,13.65,"2023-02-08T13:40:00.000Z",1675863600000,13.9,13.6,13.85,42.9,57.1,0,1.9,2.7,,1.3,406800,713000,8567900,,9808895000,4229080000,5579815000,
157210.6,-631100,-8096440000,54855225000,62951665000,119176250000,2084093340.4,2053383314.9,90.7,149155.3,11602.1,11.6,222200,203000,2786875000,13.8,"2023-02-08T13:45:00.000Z",1675863900000,13.8,13.6,13.65,92,8,0,1.4,0.1,,0.1,19200,241400,8809300,,3313915000,3050395000,263520000,
157210.6,-466500,-5818395000,58239795000,64058190000,123667345000,2084093340.4,2053383314.9,74.2,149155.3,11602.1,3.1,244800,164600,2278045000,13.9,"2023-02-08T13:50:00.000Z",1675864200000,13.9,13.75,13.8,75.3,24.7,0,1.6,0.5,,0.3,80200,325000,9134300,,4491095000,3384570000,1106525000,
157210.6,275300,7251200,65181132000,65173880800,131724372800,2084093340.4,2053383314.9,189.7,149155.3,11602.1,10.1,823500,741800,5825646200,14.2,"2023-02-08T13:55:00.000Z",1675864500000,14.25,13.85,13.85,91,9,0,5.2,0.5,,0.1,81700,905200,10039500,,8057027800,6941337000,1115690800,
157210.6,804900,7579176200,76138507000,68559330800,146072917800,2084093340.4,2053383314.9,246.6,149155.3,11602.1,3.2,767700,529600,7571925000,14.4,"2023-02-08T14:00:00.000Z",1675864800000,14.4,14.1,14.2,76.3,23.7,0,4.9,1.6,0,0.3,238100,1006200,11045700,400,14348545000,10957375000,3385450000,5720000
157210.6,1370000,15743566200,91223732000,75480165800,168078977800,2084093340.4,2053383314.9,265.9,149155.3,11602.1,2.2,1044700,565100,8164390000,14.45,"2023-02-08T14:05:00.000Z",1675865100000,14.45,14.35,14.35,68.5,31.5,0,6.6,3.2,,0.5,479600,1524300,12570000,,22006060000,15085225000,6920835000,
157210.6,435200,2238431200,91514077000,89275645800,182164802800,2084093340.4,2053383314.9,-439.8,149155.3,11602.1,0,20100,-934800,-13505135000,14.4,"2023-02-08T14:10:00.000Z",1675865400000,14.45,14.4,14.45,2.1,97.9,0,0.1,6.4,,47.5,954900,975000,13545000,,14085825000,290345000,13795480000,
157210.6,308600,432931200,93136222000,92703290800,187214592800,2084093340.4,2053383314.9,-58.8,149155.3,11602.1,0.5,113700,-126600,-1805500000,14.25,"2023-02-08T14:15:00.000Z",1675865700000,14.4,14.2,14.4,32.1,67.9,0,0.7,1.6,,2.1,240300,354000,13899000,,5049790000,1622145000,3427645000,
157210.6,443700,2375306200,96611457000,94236150800,192222687800,2084093340.4,2053383314.9,63.2,149155.3,11602.1,2.3,242400,135100,1942375000,14.35,"2023-02-08T14:20:00.000Z",1675866000000,14.45,14.2,14.25,69.3,30.7,0,1.5,0.7,,0.4,107300,349700,14248700,,5008095000,3475235000,1532860000,
157210.6,378600,1443371200,97952387000,96509015800,195836482800,2084093340.4,2053383314.9,-30.3,149155.3,11602.1,0.6,93300,-65100,-931935000,14.4,"2023-02-08T14:25:00.000Z",1675866300000,14.4,14.3,14.35,37.1,62.9,0,0.6,1.1,,1.7,158400,251700,14500400,,3613795000,1340930000,2272865000,
157210.6,378600,1443371200,97952387000,96509015800,202253727800,2084093340.4,2053383314.9,0,149155.3,11602.1,NaN,,0,0,14.45,"2023-02-08T14:45:00.000Z",1675867500000,14.45,14.45,14.45,0,0,100,,,38.3,NaN,,444100,14944500,444100,6417245000,,,6417245000
