"abu","acum_busd","acum_busd_val","acum_val","asd","auk","bs","bu","bu-sd","bu-sd_val","c","date","datetime","h","l","o","pbu","psd","puk","rbu","rsd","ruk","sb","sd","sum_vol","total_vol","uk","val","val_bu","val_sd","val_uk"
2657.1,200,980000.0000000001,980000.0000000001,2906.3,0,Infinity,200,200,980000.0000000001,4.9,"2022-12-13T09:00:00.000Z",1670922000000,4.9,4.9,4.9,100,0,0,0.1,,,0,,200,200,,980000.0000000001,980000.0000000001,,
2657.1,3000,14700000.000000002,14700000.000000002,2906.3,0,Infinity,2800,2800,13720000.000000002,4.9,"2022-12-13T09:02:00.000Z",1670922120000,4.9,4.9,4.9,100,0,0,1.1,,,0,,2800,3000,,13720000.000000002,13720000.000000002,,
2657.1,19400,95060000,95060000.00000001,2906.3,0,Infinity,16400,16400,80360000,4.9,"2022-12-13T09:10:00.000Z",1670922600000,4.9,4.9,4.9,100,0,0,6.2,,,0,,16400,19400,,80360000,80360000,,
2657.1,21400,104860000,112700000.00000001,2906.3,0,3.5,2800,2000,9800000,4.9,"2022-12-13T09:12:00.000Z",1670922720000,4.9,4.9,4.9,77.8,22.2,0,1.1,0.3,,0.3,800,3600,23000,,17640000,13720000,3920000.0000000005,
2657.1,20900,102410000,115150000.00000001,2906.3,0,0,,-500,-2450000,4.9,"2022-12-13T09:16:00.000Z",1670922960000,4.9,4.9,4.9,0,100,0,,0.2,,Infinity,500,500,23500,,2450000,,2450000,
2657.1,19600,96040000,121520000.00000001,2906.3,0,0,,-1300,-6370000.000000001,4.9,"2022-12-13T09:18:00.000Z",1670923080000,4.9,4.9,4.9,0,100,0,,0.4,,Infinity,1300,1300,24800,,6370000.000000001,,6370000.000000001,
2657.1,21500,105350000,130830000.00000001,2906.3,0,Infinity,1900,1900,9310000,4.9,"2022-12-13T09:22:00.000Z",1670923320000,4.9,4.9,4.9,100,0,0,0.7,,,0,,1900,26700,,9310000,9310000,,
2657.1,22800,111720000,137200000,2906.3,0,Infinity,1300,1300,6370000,4.9,"2022-12-13T09:24:00.000Z",1670923440000,4.9,4.9,4.9,100,0,0,0.5,,,0,,1300,28000,,6370000,6370000,,
2657.1,25400,124460000,151900000,2906.3,0,14,2800,2600,12740000,4.9,"2022-12-13T09:26:00.000Z",1670923560000,4.9,4.9,4.9,93.3,6.7,0,1.1,0.1,,0.1,200,3000,31000,,14700000,13720000,980000.0000000001,
2657.1,25900,126910000,154350000,2906.3,0,Infinity,500,500,2450000,4.9,"2022-12-13T09:30:00.000Z",1670923800000,4.9,4.9,4.9,100,0,0,0.2,,,0,,500,31500,,2450000,2450000,,
2657.1,900,6910000,274350000,2906.3,0,0,,-25000,-120000000,4.8,"2022-12-13T09:32:00.000Z",1670923920000,4.8,4.8,4.8,0,100,0,,8.6,,Infinity,25000,25000,56500,,120000000,,120000000,
2657.1,600,5470000,275790000,2906.3,0,0,,-300,-1440000,4.8,"2022-12-13T09:34:00.000Z",1670924040000,4.8,4.8,4.8,0,100,0,,0.1,,Infinity,300,300,56800,,1440000,,1440000,
2657.1,-1900,-6530000,287790000,2906.3,0,0,,-2500,-12000000,4.8,"2022-12-13T09:36:00.000Z",1670924160000,4.8,4.8,4.8,0,100,0,,0.9,,Infinity,2500,2500,59300,,12000000,,12000000,
2657.1,-2000,-7010000,288270000,2906.3,0,0,,-100,-480000,4.8,"2022-12-13T09:40:00.000Z",1670924400000,4.8,4.8,4.8,0,100,0,,0,,Infinity,100,100,59400,,480000,,480000,
2657.1,-4000,-16610000,297870000,2906.3,0,0,,-2000,-9600000,4.8,"2022-12-13T09:46:00.000Z",1670924760000,4.8,4.8,4.8,0,100,0,,0.7,,Infinity,2000,2000,61400,,9600000,,9600000,
2657.1,-22500,-105260000,401220000,2906.3,0,0.1,1500,-18500,-88650000,4.9,"2022-12-13T09:50:00.000Z",1670925000000,4.9,4.8,4.8,7,93,0,0.6,6.9,,13.3,20000,21500,82900,,103350000,7350000.000000001,96000000,
2657.1,-21500,-100360000,406120000,2906.3,0,Infinity,1000,1000,4900000,4.9,"2022-12-13T09:52:00.000Z",1670925120000,4.9,4.9,4.9,100,0,0,0.4,,,0,,1000,83900,,4900000,4900000,,
2657.1,-9800,-44200000,611080000,2906.3,0,1.8,27200,11700,56160000,4.8,"2022-12-13T10:00:00.000Z",1670925600000,4.8,4.8,4.8,63.7,36.3,0,10.2,5.3,,0.6,15500,42700,126600,,204960000,130560000,74400000,
2657.1,-8400,-37480000,635080000,2906.3,0,1.8,3200,1400,6720000,4.8,"2022-12-13T10:02:00.000Z",1670925720000,4.8,4.8,4.8,64,36,0,1.2,0.6,,0.6,1800,5000,131600,,24000000,15360000,8640000,
2657.1,-12400,-56280000,653880000,2906.3,0,0,,-4000,-18800000,4.7,"2022-12-13T10:04:00.000Z",1670925840000,4.7,4.7,4.7,0,100,0,,1.4,,Infinity,4000,4000,135600,,18800000,,18800000,
2657.1,-15400,-70380000,667980000,2906.3,0,0,,-3000,-14100000,4.7,"2022-12-13T10:08:00.000Z",1670926080000,4.7,4.7,4.7,0,100,0,,1,,Infinity,3000,3000,138600,,14100000,,14100000,
2657.1,-12300,-55500000,682860000,2906.3,0,Infinity,3100,3100,14880000,4.8,"2022-12-13T10:10:00.000Z",1670926200000,4.8,4.8,4.8,100,0,0,1.2,,,0,,3100,141700,,14880000,14880000,,
2657.1,100,4020000,742380000,2906.3,0,Infinity,12400,12400,59520000,4.8,"2022-12-13T10:14:00.000Z",1670926440000,4.8,4.8,4.8,100,0,0,4.7,,,0,,12400,154100,,59520000,59520000,,
2657.1,3000,17950000,757250000,2906.3,0,30,3000,2900,13930000,4.7,"2022-12-13T10:16:00.000Z",1670926560000,4.8,4.7,4.8,96.8,3.2,0,1.1,0,,0,100,3100,157200,,14870000,14400000,470000,
2657.1,4000,22750000,762050000,2906.3,0,Infinity,1000,1000,4800000,4.8,"2022-12-13T10:24:00.000Z",1670927040000,4.8,4.8,4.8,100,0,0,0.4,,,0,,1000,158200,,4800000,4800000,,
2657.1,10000,51550000,790850000,2906.3,0,Infinity,6000,6000,28800000,4.8,"2022-12-13T10:26:00.000Z",1670927160000,4.8,4.8,4.8,100,0,0,2.3,,,0,,6000,164200,,28800000,28800000,,
2657.1,14100,71230000,810530000,2906.3,0,Infinity,4100,4100,19680000,4.8,"2022-12-13T10:28:00.000Z",1670927280000,4.8,4.8,4.8,100,0,0,1.5,,,0,,4100,168300,,19680000,19680000,,
2657.1,14000,70750000,811010000,2906.3,0,0,,-100,-480000,4.8,"2022-12-13T10:34:00.000Z",1670927640000,4.8,4.8,4.8,0,100,0,,0,,Infinity,100,100,168400,,480000,,480000,
2657.1,14100,71240000,811500000,2906.3,0,Infinity,100,100,490000.00000000006,4.9,"2022-12-13T10:40:00.000Z",1670928000000,4.9,4.9,4.9,100,0,0,0,,,0,,100,168500,,490000.00000000006,490000.00000000006,,
2657.1,14000,70760000,811980000,2906.3,0,0,,-100,-480000,4.8,"2022-12-13T10:42:00.000Z",1670928120000,4.8,4.8,4.8,0,100,0,,0,,Infinity,100,100,168600,,480000,,480000,
2657.1,4000,22760000,859980000,2906.3,0,0,,-10000,-48000000,4.8,"2022-12-13T11:02:00.000Z",1670929320000,4.8,4.8,4.8,0,100,0,,3.4,,Infinity,10000,10000,178600,,48000000,,48000000,
2657.1,3800,21800000,860940000,2906.3,0,0,,-200,-960000,4.8,"2022-12-13T11:04:00.000Z",1670929440000,4.8,4.8,4.8,0,100,0,,0.1,,Infinity,200,200,178800,,960000,,960000,
2657.1,2800,17000000,865740000,2906.3,0,0,,-1000,-4800000,4.8,"2022-12-13T11:08:00.000Z",1670929680000,4.8,4.8,4.8,0,100,0,,0.3,,Infinity,1000,1000,179800,,4800000,,4800000,
2657.1,-2200,-7000000,889740000,2906.3,0,0,,-5000,-24000000,4.8,"2022-12-13T11:14:00.000Z",1670930040000,4.8,4.8,4.8,0,100,0,,1.7,,Infinity,5000,5000,184800,,24000000,,24000000,
2657.1,4500,25160000,921900000,2906.3,0,Infinity,6700,6700,32160000,4.8,"2022-12-13T13:00:00.000Z",1670936400000,4.8,4.8,4.8,100,0,0,2.5,,,0,,6700,191500,,32160000,32160000,,
2657.1,11200,57320000,985740000,2906.3,0,3,10000,6700,32160000,4.8,"2022-12-13T13:04:00.000Z",1670936640000,4.8,4.8,4.8,75.2,24.8,0,3.8,1.1,,0.3,3300,13300,204800,,63840000,48000000,15840000,
2657.1,10100,52040000,991020000,2906.3,0,0,,-1100,-5280000,4.8,"2022-12-13T13:08:00.000Z",1670936880000,4.8,4.8,4.8,0,100,0,,0.4,,Infinity,1100,1100,205900,,5280000,,5280000,
2657.1,-16900,-77560000,1120620000,2906.3,0,0,,-27000,-129600000,4.8,"2022-12-13T13:12:00.000Z",1670937120000,4.8,4.8,4.8,0,100,0,,9.3,,Infinity,27000,27000,232900,,129600000,,129600000,
2657.1,-16800,-77080000,1121100000,2906.3,0,Infinity,100,100,480000,4.8,"2022-12-13T13:14:00.000Z",1670937240000,4.8,4.8,4.8,100,0,0,0,,,0,,100,233000,,480000,480000,,
2657.1,-17000,-78040000,1122060000,2906.3,0,0,,-200,-960000,4.8,"2022-12-13T13:18:00.000Z",1670937480000,4.8,4.8,4.8,0,100,0,,0.1,,Infinity,200,200,233200,,960000,,960000,
2657.1,-19000,-87640000,1131660000,2906.3,0,0,,-2000,-9600000,4.8,"2022-12-13T13:22:00.000Z",1670937720000,4.8,4.8,4.8,0,100,0,,0.7,,Infinity,2000,2000,235200,,9600000,,9600000,
2657.1,-19500,-90040000,1134060000,2906.3,0,0,,-500,-2400000,4.8,"2022-12-13T13:30:00.000Z",1670938200000,4.8,4.8,4.8,0,100,0,,0.2,,Infinity,500,500,235700,,2400000,,2400000,
2657.1,-20000,-92440000,1136460000,2906.3,0,0,,-500,-2400000,4.8,"2022-12-13T13:34:00.000Z",1670938440000,4.8,4.8,4.8,0,100,0,,0.2,,Infinity,500,500,236200,,2400000,,2400000,
2657.1,-21800,-101080000,1145100000,2906.3,0,0,,-1800,-8640000,4.8,"2022-12-13T13:38:00.000Z",1670938680000,4.8,4.8,4.8,0,100,0,,0.6,,Infinity,1800,1800,238000,,8640000,,8640000,
2657.1,-21500,-99610000,1146570000,2906.3,0,Infinity,300,300,1470000,4.9,"2022-12-13T13:44:00.000Z",1670939040000,4.9,4.9,4.9,100,0,0,0.1,,,0,,300,238300,,1470000,1470000,,
2657.1,-20800,-95680000,1198500000,2906.3,0,1.1,5700,700,3930000.0000000037,4.8,"2022-12-13T13:50:00.000Z",1670939400000,4.9,4.8,4.9,53.3,46.7,0,2.1,1.7,,0.9,5000,10700,249000,,51930000,27930000.000000004,24000000,
2657.1,-21300,-98080000,1200900000,2906.3,0,0,,-500,-2400000,4.8,"2022-12-13T13:52:00.000Z",1670939520000,4.8,4.8,4.8,0,100,0,,0.2,,Infinity,500,500,249500,,2400000,,2400000,
2657.1,-21400,-98560000,1201380000,2906.3,0,0,,-100,-480000,4.8,"2022-12-13T13:58:00.000Z",1670939880000,4.8,4.8,4.8,0,100,0,,0,,Infinity,100,100,249600,,480000,,480000,
2657.1,-22000,-101440000,1204260000,2906.3,0,0,,-600,-2880000,4.8,"2022-12-13T14:00:00.000Z",1670940000000,4.8,4.8,4.8,0,100,0,,0.2,,Infinity,600,600,250200,,2880000,,2880000,
2657.1,-29600,-137920000,1298340000,2906.3,0,0.4,6000,-7600,-36480000,4.8,"2022-12-13T14:04:00.000Z",1670940240000,4.8,4.8,4.8,30.6,69.4,0,2.3,4.7,,2.3,13600,19600,269800,,94080000,28800000,65280000,
2657.1,-29800,-138880000,1299300000,2906.3,0,0,,-200,-960000,4.8,"2022-12-13T14:06:00.000Z",1670940360000,4.8,4.8,4.8,0,100,0,,0.1,,Infinity,200,200,270000,,960000,,960000,
2657.1,-34800,-162880000,1323300000,2906.3,0,0,,-5000,-24000000,4.8,"2022-12-13T14:10:00.000Z",1670940600000,4.8,4.8,4.8,0,100,0,,1.7,,Infinity,5000,5000,275000,,24000000,,24000000,
2657.1,-37600,-176320000,1336740000,2906.3,0,0,,-2800,-13440000,4.8,"2022-12-13T14:12:00.000Z",1670940720000,4.8,4.8,4.8,0,100,0,,1,,Infinity,2800,2800,277800,,13440000,,13440000,
2657.1,-35200,-164800000,1348260000,2906.3,0,Infinity,2400,2400,11520000,4.8,"2022-12-13T14:14:00.000Z",1670940840000,4.8,4.8,4.8,100,0,0,0.9,,,0,,2400,280200,,11520000,11520000,,
2657.1,-34500,-161370000,1351690000,2906.3,0,Infinity,700,700,3430000,4.9,"2022-12-13T14:28:00.000Z",1670941680000,4.9,4.9,4.9,100,0,0,0.3,,,0,,700,280900,,3430000,3430000,,
2657.1,-33900,-158430000,1354630000,2906.3,0,Infinity,600,600,2940000,4.9,"2022-12-13T14:34:00.000Z",1670942040000,4.9,4.9,4.9,100,0,0,0.2,,,0,,600,281500,,2940000,2940000,,
2657.1,-3100,-7510000,1505550000,2906.3,0,Infinity,30800,30800,150920000,4.9,"2022-12-13T14:38:00.000Z",1670942280000,4.9,4.9,4.9,100,0,0,11.6,,,0,,30800,312300,,150920000,150920000,,
2657.1,-2500,-7507000,1505553000,2906.3,0,Infinity,600,600,3000,5,"2022-12-13T14:46:00.000Z",1670942760000,5,5,5,100,0,0,0.2,,,0,,600,312900,,3000,3000,,
2657.1,8900,-7450000,1505610000,2906.3,0,Infinity,11400,11400,57000,5,"2022-12-13T14:48:00.000Z",1670942880000,5,5,5,100,0,0,4.3,,,0,,11400,324300,,57000,57000,,
2657.1,9300,-7448000,1505612000,2906.3,0,Infinity,400,400,2000,5,"2022-12-13T14:50:00.000Z",1670943000000,5,5,5,100,0,0,0.2,,,0,,400,324700,,2000,2000,,
2657.1,9600,-7446500,1505613500,2906.3,0,Infinity,300,300,1500,5,"2022-12-13T14:52:00.000Z",1670943120000,5,5,5,100,0,0,0.1,,,0,,300,325000,,1500,1500,,
2657.1,3700,-36356500,1534523500,2906.3,0,0,,-5900,-28910000,4.9,"2022-12-13T14:54:00.000Z",1670943240000,4.9,4.9,4.9,0,100,0,,2,,Infinity,5900,5900,330900,,28910000,,28910000,
2657.1,-15700,-131906000,1630074000,2906.3,0,0,100,-19400,-95549500,5,"2022-12-13T14:58:00.000Z",1670943480000,5,4.9,4.9,0.5,99.5,0,0,6.7,,195,19500,19600,350500,,95550500,500,95550000,
