"abu","acum_busd","acum_busd_val","acum_val","asd","auk","bs","bu","bu-sd","bu-sd_val","c","date","datetime","h","l","o","pbu","psd","puk","rbu","rsd","ruk","sb","sd","sum_vol","total_vol","uk","val","val_bu","val_sd","val_uk"
5787,500,14720000,178920000,4304.3,4.3,1.2,3300,500,14720000,29.3,"2022-12-13T09:15:00.000Z",1670922900000,29.5,29.3,29.3,54.1,45.9,0,0.6,0.7,,0.8,2800,6100,6100,,178920000,96820000,82100000,
5787,-1600,-45345000,707065000,4304.3,4.3,0.8,8000,-2100,-60065000,29.1,"2022-12-13T09:20:00.000Z",1670923200000,29.3,29,29.3,44.2,55.8,0,1.4,2.3,,1.3,10100,18100,24200,,528145000,234040000,294105000,
5787,-6000,-173075000,962415000,4304.3,4.3,0.3,2200,-4400,-127730000,29.05,"2022-12-13T09:25:00.000Z",1670923500000,29.05,29,29.05,25,75,0,0.4,1.5,,3,6600,8800,33000,,255350000,63810000,191540000,
5787,-5400,-154705000,1184135000,4304.3,4.3,1.2,4100,600,18370000,29.4,"2022-12-13T09:30:00.000Z",1670923800000,29.4,29,29.05,53.9,46.1,0,0.7,0.8,,0.9,3500,7600,40600,,221720000,120045000,101675000,
5787,-7600,-218785000,1259935000,4304.3,4.3,0.1,200,-2200,-64080000,29.3,"2022-12-13T09:35:00.000Z",1670924100000,29.3,29,29.3,7.7,92.3,0,0,0.6,,12,2400,2600,43200,,75800000,5860000,69940000,
5787,-14200,-410385000,1451535000,4304.3,4.3,0,,-6600,-191600000,29.2,"2022-12-13T09:40:00.000Z",1670924400000,29.2,29,29,0,100,0,,1.5,,Infinity,6600,6600,49800,,191600000,,191600000,
5787,-12700,-366435000,1495485000,4304.3,4.3,Infinity,1500,1500,43950000,29.3,"2022-12-13T09:45:00.000Z",1670924700000,29.3,29.3,29.3,100,0,0,0.3,,,0,,1500,51300,,43950000,43950000,,
5787,-15700,-454210000,1735870000,4304.3,4.3,0.5,2600,-3000,-87775000,29.3,"2022-12-13T09:50:00.000Z",1670925000000,29.35,29.3,29.3,31.7,68.3,0,0.4,1.3,,2.2,5600,8200,59500,,240385000,76305000,164080000,
5787,-17300,-500710000,1805770000,4304.3,4.3,0.2,400,-1600,-46500000,29.1,"2022-12-13T09:55:00.000Z",1670925300000,29.25,29.1,29.25,16.7,83.3,0,0.1,0.5,,5,2000,2400,61900,,69900000,11700000,58200000,
5787,-25500,-738525000,2095785000,4304.3,4.3,0.1,900,-8200,-237815000,29,"2022-12-13T10:00:00.000Z",1670925600000,29.05,29,29.05,9,91,0,0.2,2.1,,10.1,9100,10000,71900,,290015000,26100000,263915000,
5787,-26100,-755925000,2113185000,4304.3,4.3,0,,-600,-17400000,29,"2022-12-13T10:05:00.000Z",1670925900000,29,29,29,0,100,0,,0.1,,Infinity,600,600,72500,,17400000,,17400000,
5787,-27100,-784925000,2142185000,4304.3,4.3,0,,-1000,-29000000,29,"2022-12-13T10:10:00.000Z",1670926200000,29,29,29,0,100,0,,0.2,,Infinity,1000,1000,73500,,29000000,,29000000,
5787,-36500,-1057460000,2414720000,4304.3,4.3,0,,-9400,-272535000,28.95,"2022-12-13T10:15:00.000Z",1670926500000,29.05,28.95,29.05,0,100,0,,2.2,,Infinity,9400,9400,82900,,272535000,,272535000,
5787,-37300,-1080570000,2449410000,4304.3,4.3,0.2,200,-800,-23110000,28.9,"2022-12-13T10:20:00.000Z",1670926800000,28.95,28.9,28.95,16.7,83.3,0,0,0.2,,5,1000,1200,84100,,34690000,5790000,28900000,
5787,-40700,-1178335000,2662775000,4304.3,4.3,0.4,2000,-3400,-97765000,28.8,"2022-12-13T10:25:00.000Z",1670927100000,28.9,28.8,28.9,27,73,0,0.3,1.3,,2.7,5400,7400,91500,,213365000,57800000,155565000,
5787,-41600,-1204200000,2919890000,4304.3,4.3,0.8,4000,-900,-25865000,28.85,"2022-12-13T10:30:00.000Z",1670927400000,28.95,28.85,28.9,44.9,55.1,0,0.7,1.1,,1.2,4900,8900,100400,,257115000,115625000,141490000,
5787,-35500,-1027410000,3096680000,4304.3,4.3,Infinity,6100,6100,176790000,29.3,"2022-12-13T10:35:00.000Z",1670927700000,29.3,28.95,28.95,100,0,0,1.1,,,0,,6100,106500,,176790000,176790000,,
5787,-36500,-1056410000,3125680000,4304.3,4.3,0,,-1000,-29000000,29,"2022-12-13T10:40:00.000Z",1670928000000,29,29,29,0,100,0,,0.2,,Infinity,1000,1000,107500,,29000000,,29000000,
5787,-36800,-1065125000,3134395000,4304.3,4.3,0,,-300,-8715000,29.05,"2022-12-13T10:45:00.000Z",1670928300000,29.05,29.05,29.05,0,100,0,,0.1,,Infinity,300,300,107800,,8715000,,8715000,
5787,-37900,-1097080000,3166350000,4304.3,4.3,0,,-1100,-31955000,29.05,"2022-12-13T10:50:00.000Z",1670928600000,29.05,29.05,29.05,0,100,0,,0.3,,Infinity,1100,1100,108900,,31955000,,31955000,
5787,-39200,-1134820000,3204090000,4304.3,4.3,0,,-1300,-37740000,29,"2022-12-13T10:55:00.000Z",1670928900000,29.05,29,29.05,0,100,0,,0.3,,Infinity,1300,1300,110200,,37740000,,37740000,
5787,-45700,-1323320000,3392590000,4304.3,4.3,0,,-6500,-188500000,29,"2022-12-13T11:00:00.000Z",1670929200000,29,29,29,0,100,0,,1.5,,Infinity,6500,6500,116700,,188500000,,188500000,
5787,-51800,-1500200000,3569470000,4304.3,4.3,0,,-6100,-176880000,28.9,"2022-12-13T11:05:00.000Z",1670929500000,29,28.9,29,0,100,0,,1.4,,Infinity,6100,6100,122800,,176880000,,176880000,
5787,-52100,-1508870000,3578140000,4304.3,4.3,0,,-300,-8670000,28.9,"2022-12-13T11:10:00.000Z",1670929800000,28.9,28.9,28.9,0,100,0,,0.1,,Infinity,300,300,123100,,8670000,,8670000,
5787,-51700,-1497270000,3589740000,4304.3,4.3,Infinity,400,400,11600000,29,"2022-12-13T11:15:00.000Z",1670930100000,29,29,29,100,0,0,0.1,,,0,,400,123500,,11600000,11600000,,
5787,-52400,-1517470000,3627340000,4304.3,4.3,0.3,300,-700,-20200000,28.9,"2022-12-13T11:20:00.000Z",1670930400000,29,28.9,29,23.1,76.9,0,0.1,0.2,,3.3,1000,1300,124800,,37600000,8700000,28900000,
5787,-52000,-1505625000,3789465000,4304.3,4.3,1.2,3000,400,11845000,29,"2022-12-13T11:25:00.000Z",1670930700000,29,28.9,28.9,53.6,46.4,0,0.5,0.6,,0.9,2600,5600,130400,,162125000,86985000,75140000,
5787,-68000,-1966840000,4452410000,4304.3,4.3,0.2,3500,-16000,-461215000,28.85,"2022-12-13T13:00:00.000Z",1670936400000,28.9,28.8,28.85,15.2,84.8,0,0.6,4.5,,5.6,19500,23000,153400,,662945000,100865000,562080000,
5787,-79400,-2294345000,4826075000,4304.3,4.3,0.1,700,-11400,-327505000,28.85,"2022-12-13T13:05:00.000Z",1670936700000,28.85,28.6,28.8,5.4,93.1,1.5,0.1,2.8,46.5,17.3,12100,13000,166400,200,373665000,20195000,347700000,5770000
5787,-79400,-2294270000,5040040000,4304.3,4.3,1,3700,0,75000,28.95,"2022-12-13T13:10:00.000Z",1670937000000,29,28.75,28.85,50,50,0,0.6,0.9,,1,3700,7400,173800,,213965000,107020000,106945000,
5787,-81300,-2348980000,5274180000,4304.3,4.3,0.6,3100,-1900,-54710000,28.85,"2022-12-13T13:15:00.000Z",1670937300000,28.95,28.85,28.95,38.3,61.7,0,0.5,1.2,,1.6,5000,8100,181900,,234140000,89715000,144425000,
5787,-71400,-2062410000,5572310000,4304.3,4.3,50.5,10100,9900,286570000,28.95,"2022-12-13T13:20:00.000Z",1670937600000,28.95,28.9,28.9,98.1,1.9,0,1.7,0,,0,200,10300,192200,,298130000,292350000,5780000,
5787,-64300,-1855030000,5843930000,4304.3,4.3,7.5,8200,7100,207380000,29.3,"2022-12-13T13:25:00.000Z",1670937900000,29.3,28.95,28.95,88.2,11.8,0,1.4,0.3,,0.1,1100,9300,201500,,271620000,239500000,32120000,
5787,-51400,-1475200000,6476780000,4304.3,4.3,4,17200,12900,379830000,29.4,"2022-12-13T13:30:00.000Z",1670938200000,29.55,29.3,29.3,80,20,0,3,1,,0.3,4300,21500,223000,,632850000,506340000,126510000,
5787,-41400,-1186245000,7104045000,4304.3,4.3,2.7,15800,10000,288955000,28.85,"2022-12-13T13:35:00.000Z",1670938500000,29.35,28.85,29.35,73.1,26.9,0,2.7,1.3,,0.4,5800,21600,244600,,627265000,458110000,169155000,
5787,-32600,-928730000,7373160000,4304.3,4.3,45,9000,8800,257515000,29.3,"2022-12-13T13:40:00.000Z",1670938800000,29.3,28.85,28.85,97.8,2.2,0,1.6,0,,0,200,9200,253800,,269115000,263315000,5800000,
5787,-21600,-606180000,7753810000,4304.3,4.3,12,12000,11000,322550000,29.05,"2022-12-13T13:45:00.000Z",1670939100000,29.3,29.05,29.3,92.3,7.7,0,2.1,0.2,,0.1,1000,13000,266800,,380650000,351600000,29050000,
5787,-19300,-539480000,7913310000,4304.3,4.3,2.4,3900,2300,66700000,29,"2022-12-13T13:50:00.000Z",1670939400000,29,29,29,70.9,29.1,0,0.7,0.4,,0.4,1600,5500,272300,,159500000,113100000,46400000,
5787,-29100,-821880000,8236210000,4304.3,4.3,0.1,700,-9800,-282400000,28.8,"2022-12-13T13:55:00.000Z",1670939700000,29,28.8,29,6.3,93.8,0,0.1,2.4,,15,10500,11200,283500,,322900000,20250000,302650000,
5787,-36600,-1037880000,8492630000,4304.3,4.3,0.1,700,-7500,-216000000,28.85,"2022-12-13T14:00:00.000Z",1670940000000,28.9,28.8,28.9,7.9,92.1,0,0.1,1.9,,11.7,8200,8900,292400,,256420000,20210000,236210000,
5787,-39100,-1109685000,8644935000,4304.3,4.3,0.4,1400,-2500,-71805000,28.75,"2022-12-13T14:05:00.000Z",1670940300000,28.8,28.7,28.8,26.4,73.6,0,0.2,0.9,,2.8,3900,5300,297700,,152305000,40250000,112055000,
5787,-56900,-1619215000,9360305000,4304.3,4.3,0.2,3600,-17800,-509530000,28.55,"2022-12-13T14:10:00.000Z",1670940600000,28.75,28.55,28.75,14.4,85.6,0,0.6,5,,5.9,21400,25000,322700,,715370000,102920000,612450000,
5787,-35500,-1006820000,10218870000,4304.3,4.3,6,25700,21400,612395000,28.9,"2022-12-13T14:15:00.000Z",1670940900000,28.9,28.55,28.55,85.7,14.3,0,4.4,1,,0.2,4300,30000,352700,,858565000,735480000,123085000,
5787,-11300,-297180000,10928510000,4304.3,4.3,Infinity,24200,24200,709640000,29.3,"2022-12-13T14:20:00.000Z",1670941200000,29.5,29,29,100,0,0,4.2,,,0,,24200,376900,,709640000,709640000,,
5787,9200,308365000,11770405000,4304.3,4.3,6.1,24500,20500,605545000,29.6,"2022-12-13T14:25:00.000Z",1670941500000,29.6,29.5,29.5,86,14,0,4.2,0.9,,0.2,4000,28500,405400,,841895000,723720000,118175000,
5787,68200,2054765000,13516805000,4304.3,4.3,Infinity,59000,59000,1746400000,29.6,"2022-12-13T14:45:00.000Z",1670942700000,29.6,29.6,29.6,100,0,0,10.2,,,0,,59000,464400,,1746400000,1746400000,,
