"abu","acum_busd","acum_busd_val","acum_val_bu","acum_val_sd","acum_val","avg_val_bu","avg_val_sd","rbusd","asd","auk","bs","bu","bu-sd","bu-sd_val","c","date","datetime","h","l","o","pbu","psd","puk","rbu","rsd","ruk","sb","sd","sum_vol","total_vol","uk","val","val_bu","val_sd","val_uk"
12084.8,106600,1321575000,1346275000,24700000,1410315000,115556882.6,95262069.6,65.1,8730.4,1452.2,54.3,108600,106600,1321575000,12.3,"2022-12-13T09:15:00.000Z",1670922900000,12.4,12.2,12.4,95.4,1.8,2.8,9,0.2,2.2,0,2000,113800,113800,3200,1410315000,1346275000,24700000,39340000
12084.8,110300,1366675000,1391375000,24700000,1455415000,115556882.6,95262069.6,2.2,8730.4,1452.2,Infinity,3700,3700,45100000,12.2,"2022-12-13T09:20:00.000Z",1670923200000,12.25,12.15,12.25,100,0,0,0.3,,,0,,3700,117500,,45100000,45100000,,
12084.8,106400,1431133400,1480995000,49861600,1570196600,115556882.6,95262069.6,3.2,8730.4,1452.2,0.7,7500,-3900,64458400,11.95,"2022-12-13T09:25:00.000Z",1670923500000,12,11.9,12,39.7,60.3,0,0.6,1.3,,1.5,11400,18900,136400,,114781600,89620000,25161600,
12084.8,128700,1590233800,1660411600,70177800,1769929400,115556882.6,95262069.6,7.8,8730.4,1452.2,13.4,24100,22300,159100400,12.2,"2022-12-13T09:30:00.000Z",1670923800000,12.2,11.95,11.95,93.1,6.9,0,2,0.2,,0.1,1800,25900,162300,,199732800,179416600,20316200,
12084.8,168000,2072863800,2311036600,238172800,2588549400,115556882.6,95262069.6,23.8,8730.4,1452.2,3.9,53000,39300,482630000,12.35,"2022-12-13T09:35:00.000Z",1670924100000,12.35,12.2,12.2,79.5,20.5,0,4.4,1.6,,0.3,13700,66700,229000,,818620000,650625000,167995000,
12084.8,164600,2032488800,2449131600,416642800,2905114400,115556882.6,95262069.6,-2,8730.4,1452.2,0.8,11200,-3400,-40375000,12.15,"2022-12-13T09:40:00.000Z",1670924400000,12.35,12.1,12.3,43.4,56.6,0,0.9,1.7,,1.3,14600,25800,254800,,316565000,138095000,178470000,
12084.8,178000,2195833800,2619736600,423902800,3082979400,115556882.6,95262069.6,8,8730.4,1452.2,23.3,14000,13400,163345000,12.15,"2022-12-13T09:45:00.000Z",1670924700000,12.2,12.1,12.2,95.9,4.1,0,1.2,0.1,,0,600,14600,269400,,177865000,170605000,7260000,
12084.8,185500,2287948800,2743701600,455752800,3238794400,115556882.6,95262069.6,4.5,8730.4,1452.2,3.9,10100,7500,92115000,12.25,"2022-12-13T09:50:00.000Z",1670925000000,12.3,12.15,12.15,79.5,20.5,0,0.8,0.3,,0.3,2600,12700,282100,,155815000,123965000,31850000,
12084.8,119600,1502316800,2749789800,1247473000,4036602800,115556882.6,95262069.6,-38.7,8730.4,1452.2,0,1600,-65900,-785632000,12,"2022-12-13T09:55:00.000Z",1670925300000,12.15,12,12.15,2.3,97.7,0,0.1,7.7,,42.2,67500,69100,351200,,797808400,6088200,791720200,
12084.8,118500,1443807400,2749876200,1306068800,4097715000,115556882.6,95262069.6,-2.9,8730.4,1452.2,0.9,7200,-1100,-58509400,12.15,"2022-12-13T10:00:00.000Z",1670925600000,12.15,11.95,12,45.9,52.9,1.3,0.6,1,0.1,1.2,8300,15700,366900,200,61112200,86400,58595800,2430000
12084.8,119000,1449887400,2757166200,1307278800,4106215000,115556882.6,95262069.6,0.3,8730.4,1452.2,6,600,500,6080000,12.1,"2022-12-13T10:05:00.000Z",1670925900000,12.2,12.1,12.2,85.7,14.3,0,0,0,,0.2,100,700,367600,,8500000,7290000,1210000,
12084.8,115400,1449844200,2757168600,1307324400,4106263000,115556882.6,95262069.6,0,8730.4,1452.2,0.1,200,-3600,-43200,12,"2022-12-13T10:10:00.000Z",1670926200000,12,12,12,5,95,0,0,0.4,,19,3800,4000,371600,,48000,2400,45600,
12084.8,114100,1428340200,2764344600,1336004400,4142119000,115556882.6,95262069.6,-1.1,8730.4,1452.2,0.5,1100,-1300,-21504000,11.95,"2022-12-13T10:15:00.000Z",1670926500000,12,11.95,11.95,31.4,68.6,0,0.1,0.3,,2.2,2400,3500,375100,,35856000,7176000,28680000,
12084.8,116900,1461540200,2898814600,1437274400,4377859000,115556882.6,95262069.6,1.6,8730.4,1452.2,1.3,11300,2800,33200000,11.9,"2022-12-13T10:20:00.000Z",1670926800000,11.95,11.9,11.95,57.1,42.9,0,0.9,1,,0.8,8500,19800,394900,,235740000,134470000,101270000,
12084.8,116100,1452245200,2942844600,1490599400,4475214000,115556882.6,95262069.6,-0.5,8730.4,1452.2,0.8,3700,-800,-9295000,11.85,"2022-12-13T10:25:00.000Z",1670927100000,11.9,11.85,11.9,45.1,54.9,0,0.3,0.5,,1.2,4500,8200,403100,,97355000,44030000,53325000,
12084.8,119700,1494905200,3076749600,1581844400,4700364000,115556882.6,95262069.6,2.1,8730.4,1452.2,1.5,11300,3600,42660000,11.85,"2022-12-13T10:30:00.000Z",1670927400000,11.85,11.85,11.85,59.5,40.5,0,0.9,0.9,,0.7,7700,19000,422100,,225150000,133905000,91245000,
12084.8,133000,1594924000,3176782800,1581858800,4800411600,115556882.6,95262069.6,4.9,8730.4,1452.2,12.1,14500,13300,100018800,12,"2022-12-13T10:35:00.000Z",1670927700000,12,11.9,11.9,92.4,7.6,0,1.2,0.1,,0.1,1200,15700,437800,,100047600,100033200,14400,
12084.8,131900,1594910800,3176782800,1581872000,4800424800,115556882.6,95262069.6,0,8730.4,1452.2,0,,-1100,-13200,12,"2022-12-13T10:40:00.000Z",1670928000000,12,12,12,0,100,0,,0.1,,Infinity,1100,1100,438900,,13200,,13200,
12084.8,139700,1655444400,3237317600,1581873200,4860960800,115556882.6,95262069.6,3,8730.4,1452.2,79,7900,7800,60533600,12,"2022-12-13T10:45:00.000Z",1670928300000,12.1,12,12,98.8,1.3,0,0.7,0,,0,100,8000,446900,,60536000,60534800,1200,
12084.8,141800,1655469600,3237342800,1581873200,4860986000,115556882.6,95262069.6,0,8730.4,1452.2,Infinity,2100,2100,25200,12,"2022-12-13T10:50:00.000Z",1670928600000,12,12,12,100,0,0,0.2,,,0,,2100,449000,,25200,25200,,
12084.8,131400,1531654600,3237342800,1705688200,4984801000,115556882.6,95262069.6,-6.1,8730.4,1452.2,0,,-10400,-123815000,11.9,"2022-12-13T10:55:00.000Z",1670928900000,11.95,11.9,11.95,0,100,0,,1.2,,Infinity,10400,10400,459400,,123815000,,123815000,
12084.8,131300,1530464600,3237342800,1706878200,4985991000,115556882.6,95262069.6,-0.1,8730.4,1452.2,0,,-100,-1190000,11.9,"2022-12-13T11:00:00.000Z",1670929200000,11.9,11.9,11.9,0,100,0,,0,,Infinity,100,100,459500,,1190000,,1190000,
12084.8,129000,1503099600,3238537800,1735438200,5015746000,115556882.6,95262069.6,-1.3,8730.4,1452.2,0,100,-2300,-27365000,11.9,"2022-12-13T11:05:00.000Z",1670929500000,11.95,11.9,11.95,4,96,0,0,0.3,,24,2400,2500,462000,,29755000,1195000,28560000,
12084.8,112400,1306384600,3250437800,1944053200,5236261000,115556882.6,95262069.6,-9.7,8730.4,1452.2,0.1,1000,-16600,-196715000,11.9,"2022-12-13T11:10:00.000Z",1670929800000,11.9,11.85,11.9,5.4,94.6,0,0.1,2,,17.6,17600,18600,480600,,220515000,11900000,208615000,
12084.8,118100,1374214600,3318267800,1944053200,5304091000,115556882.6,95262069.6,3.3,8730.4,1452.2,Infinity,5700,5700,67830000,11.9,"2022-12-13T11:15:00.000Z",1670930100000,11.9,11.9,11.9,100,0,0,0.5,,,0,,5700,486300,,67830000,67830000,,
12084.8,123500,1438474600,3382527800,1944053200,5368351000,115556882.6,95262069.6,3.2,8730.4,1452.2,Infinity,5400,5400,64260000,11.9,"2022-12-13T11:20:00.000Z",1670930400000,11.9,11.9,11.9,100,0,0,0.4,,,0,,5400,491700,,64260000,64260000,,
12084.8,123900,1438479400,3382532600,1944053200,5368355800,115556882.6,95262069.6,0,8730.4,1452.2,Infinity,400,400,4800,12,"2022-12-13T11:25:00.000Z",1670930700000,12,12,12,100,0,0,0,,,0,,400,492100,,4800,4800,,
12084.8,183300,2060108400,4058696600,1998588200,6099054800,115556882.6,95262069.6,30.6,8730.4,1452.2,13.9,64000,59400,621629000,12,"2022-12-13T13:00:00.000Z",1670936400000,12,11.85,12,93.3,6.7,0,5.3,0.5,,0.1,4600,68600,560700,,730699000,676164000,54535000,
12084.8,123400,1233122200,4137355400,2904233200,7083358600,115556882.6,95262069.6,-40.7,8730.4,1452.2,0.2,16500,-59900,-826986200,11.85,"2022-12-13T13:05:00.000Z",1670936700000,12,11.85,12,17.8,82.2,0,1.4,8.8,,4.6,76400,92900,653600,,984303800,78658800,905645000,
12084.8,118000,1169672200,4206085400,3036413200,7284268600,115556882.6,95262069.6,-3.1,8730.4,1452.2,0.5,5800,-5400,-63450000,11.8,"2022-12-13T13:10:00.000Z",1670937000000,11.85,11.8,11.85,34.1,65.9,0,0.5,1.3,,1.9,11200,17000,670600,,200910000,68730000,132180000,
12084.8,120200,1195807200,4314820400,3119013200,7475603600,115556882.6,95262069.6,1.3,8730.4,1452.2,1.3,9200,2200,26135000,11.8,"2022-12-13T13:15:00.000Z",1670937300000,11.85,11.8,11.8,56.8,43.2,0,0.8,0.8,,0.8,7000,16200,686800,,191335000,108735000,82600000,
12084.8,130200,1314337200,4455770400,3141433200,7638973600,115556882.6,95262069.6,5.8,8730.4,1452.2,6.3,11900,10000,118530000,11.8,"2022-12-13T13:20:00.000Z",1670937600000,11.85,11.8,11.8,86.2,13.8,0,1,0.2,,0.2,1900,13800,700600,,163370000,140950000,22420000,
12084.8,142200,1455353400,4645371600,3190018200,7877159800,115556882.6,95262069.6,6.9,8730.4,1452.2,3.9,16100,12000,141016200,11.85,"2022-12-13T13:25:00.000Z",1670937900000,12,11.85,11.85,79.7,20.3,0,1.3,0.5,,0.3,4100,20200,720800,,238186200,189601200,48585000,
12084.8,158500,1457956600,4650448400,3192491800,7884710200,115556882.6,95262069.6,0.1,8730.4,1452.2,4,21800,16300,2603200,12.05,"2022-12-13T13:30:00.000Z",1670938200000,12.05,12,12,79.9,20.1,0,1.8,0.6,,0.3,5500,27300,748100,,7550400,5076800,2473600,
12084.8,136500,1232749400,4656473400,3423724000,8121967400,115556882.6,95262069.6,-11.1,8730.4,1452.2,0,500,-22000,-225207200,11.85,"2022-12-13T13:35:00.000Z",1670938500000,12.05,11.85,12.05,2.2,97.8,0,0,2.6,,45,22500,23000,771100,,237257200,6025000,231232200,
12084.8,130100,1156929400,4661233400,3504304000,8207307400,115556882.6,95262069.6,-3.7,8730.4,1452.2,0.1,400,-6400,-75820000,11.9,"2022-12-13T13:40:00.000Z",1670938800000,11.9,11.85,11.85,5.6,94.4,0,0,0.8,,17,6800,7200,778300,,85340000,4760000,80580000,
12084.8,129800,1153384400,4793963400,3640579000,8476312400,115556882.6,95262069.6,-0.2,8730.4,1452.2,1,11200,-300,-3545000,11.85,"2022-12-13T13:45:00.000Z",1670939100000,11.9,11.85,11.9,49.3,50.7,0,0.9,1.3,,1,11500,22700,801000,,269005000,132730000,136275000,
12084.8,129400,1148699400,4807053400,3658354000,8507177400,115556882.6,95262069.6,-0.2,8730.4,1452.2,0.7,1100,-400,-4685000,11.9,"2022-12-13T13:50:00.000Z",1670939400000,11.9,11.85,11.85,42.3,57.7,0,0.1,0.2,,1.4,1500,2600,803600,,30865000,13090000,17775000,
12084.8,119100,1026084400,4856048400,3829964000,8727782400,115556882.6,95262069.6,-6,8730.4,1452.2,0.3,4100,-10300,-122615000,11.95,"2022-12-13T13:55:00.000Z",1670939700000,11.95,11.9,11.9,22.2,77.8,0,0.3,1.6,,3.5,14400,18500,822100,,220605000,48995000,171610000,
12084.8,118000,1013304400,4965528400,3952224000,8959522400,115556882.6,95262069.6,-0.6,8730.4,1452.2,0.9,9200,-1100,-12780000,11.8,"2022-12-13T14:00:00.000Z",1670940000000,11.9,11.8,11.9,47.2,52.8,0,0.8,1.2,,1.1,10300,19500,841600,,231740000,109480000,122260000,
12084.8,117700,1009909400,4999893400,3989984000,9031647400,115556882.6,95262069.6,-0.2,8730.4,1452.2,0.9,2900,-300,-3395000,11.85,"2022-12-13T14:05:00.000Z",1670940300000,11.85,11.8,11.8,47.5,52.5,0,0.2,0.4,,1.1,3200,6100,847700,,72125000,34365000,37760000,
12084.8,91800,704754400,5017593400,4312839000,9372202400,115556882.6,95262069.6,-15,8730.4,1452.2,0.1,1500,-25900,-305155000,11.8,"2022-12-13T14:10:00.000Z",1670940600000,11.85,11.75,11.85,5.2,94.8,0,0.1,3.1,,18.3,27400,28900,876600,,340555000,17700000,322855000,
12084.8,97200,768514400,5102733400,4334219000,9478722400,115556882.6,95262069.6,3.1,8730.4,1452.2,4,7200,5400,63760000,11.9,"2022-12-13T14:15:00.000Z",1670940900000,11.9,11.8,11.8,80,20,0,0.6,0.2,,0.3,1800,9000,885600,,106520000,85140000,21380000,
12084.8,117400,756853800,5136447800,4379594000,9557811800,115556882.6,95262069.6,-0.6,8730.4,1452.2,6.3,24000,20200,-11660600,11.95,"2022-12-13T14:20:00.000Z",1670941200000,12,11.9,11.9,86.3,13.7,0,2,0.4,,0.2,3800,27800,913400,,79089400,33714400,45375000,
12084.8,154300,933561400,5315616600,4382055200,9739441800,115556882.6,95262069.6,8.7,8730.4,1452.2,8,42200,36900,176707600,12.1,"2022-12-13T14:25:00.000Z",1670941500000,12.1,11.95,11.95,88.8,11.2,0,3.5,0.6,,0.1,5300,47500,960900,,181630000,179168800,2461200,
12084.8,154300,933561400,5315616600,4382055200,10512921800,115556882.6,95262069.6,0,8730.4,1452.2,NaN,,0,0,12.2,"2022-12-13T14:45:00.000Z",1670942700000,12.2,12.2,12.2,0,0,100,,,43.7,NaN,,63400,1024300,63400,773480000,,,773480000
