"abu","acum_busd","acum_busd_val","acum_val_bu","acum_val_sd","acum_val","avg_val_bu","avg_val_sd","rbusd","asd","auk","bs","bu","bu-sd","bu-sd_val","c","date","datetime","h","l","o","pbu","psd","puk","rbu","rsd","ruk","sb","sd","sum_vol","total_vol","uk","val","val_bu","val_sd","val_uk"
332.3,-6200,-48980000,0,48980000,48980000,2598064.5,12976451.6,4.7,1664.5,6.5,0,,-6200,-48980000,7.9,"2023-01-18T09:00:00.000Z",1674032400000,7.9,7.9,7.9,0,100,0,,3.7,,Infinity,6200,6200,6200,,48980000,,48980000,
332.3,-5400,-42660000,6320000,48980000,55300000,2598064.5,12976451.6,0.6,1664.5,6.5,Infinity,800,800,6320000,7.9,"2023-01-18T09:02:00.000Z",1674032520000,7.9,7.9,7.9,100,0,0,2.4,,,0,,800,7000,,6320000,6320000,,
332.3,-5100,-40290000,8690000,48980000,57670000,2598064.5,12976451.6,0.2,1664.5,6.5,Infinity,300,300,2370000,7.9,"2023-01-18T09:12:00.000Z",1674033120000,7.9,7.9,7.9,100,0,0,0.9,,,0,,300,7300,,2370000,2370000,,
332.3,-5200,-41070000,8690000,49760000,58450000,2598064.5,12976451.6,0.1,1664.5,6.5,0,,-100,-780000,7.8,"2023-01-18T09:32:00.000Z",1674034320000,7.8,7.8,7.8,0,100,0,,0.1,,Infinity,100,100,7400,,780000,,780000,
332.3,-5900,-46530000,8690000,55220000,63910000,2598064.5,12976451.6,0.5,1664.5,6.5,0,,-700,-5460000,7.8,"2023-01-18T09:36:00.000Z",1674034560000,7.8,7.8,7.8,0,100,0,,0.4,,Infinity,700,700,8100,,5460000,,5460000,
332.3,-15900,-124530000,8690000,133220000,141910000,2598064.5,12976451.6,7.5,1664.5,6.5,0,,-10000,-78000000,7.8,"2023-01-18T10:14:00.000Z",1674036840000,7.8,7.8,7.8,0,100,0,,6,,Infinity,10000,10000,18100,,78000000,,78000000,
332.3,-16400,-128430000,8690000,137120000,145810000,2598064.5,12976451.6,0.4,1664.5,6.5,0,,-500,-3900000,7.8,"2023-01-18T10:44:00.000Z",1674038640000,7.8,7.8,7.8,0,100,0,,0.3,,Infinity,500,500,18600,,3900000,,3900000,
332.3,-17800,-139350000,8690000,148040000,156730000,2598064.5,12976451.6,1.1,1664.5,6.5,0,,-1400,-10920000,7.8,"2023-01-18T10:48:00.000Z",1674038880000,7.8,7.8,7.8,0,100,0,,0.8,,Infinity,1400,1400,20000,,10920000,,10920000,
332.3,-19800,-154950000,8690000,163640000,172330000,2598064.5,12976451.6,1.5,1664.5,6.5,0,,-2000,-15600000,7.8,"2023-01-18T10:52:00.000Z",1674039120000,7.8,7.8,7.8,0,100,0,,1.2,,Infinity,2000,2000,22000,,15600000,,15600000,
332.3,-19700,-154160000,9480000,163640000,173120000,2598064.5,12976451.6,0.1,1664.5,6.5,Infinity,100,100,790000,7.9,"2023-01-18T11:12:00.000Z",1674040320000,7.9,7.9,7.9,100,0,0,0.3,,,0,,100,22100,,790000,790000,,
332.3,-19300,-151000000,12640000,163640000,176280000,2598064.5,12976451.6,0.3,1664.5,6.5,Infinity,400,400,3160000,7.9,"2023-01-18T11:16:00.000Z",1674040560000,7.9,7.9,7.9,100,0,0,1.2,,,0,,400,22500,,3160000,3160000,,
332.3,-19200,-150210000,13430000,163640000,177070000,2598064.5,12976451.6,0.1,1664.5,6.5,Infinity,100,100,790000,7.9,"2023-01-18T11:20:00.000Z",1674040800000,7.9,7.9,7.9,100,0,0,0.3,,,0,,100,22600,,790000,790000,,
332.3,-19100,-149420000,14220000,163640000,177860000,2598064.5,12976451.6,0.1,1664.5,6.5,Infinity,100,100,790000,7.9,"2023-01-18T11:24:00.000Z",1674041040000,7.9,7.9,7.9,100,0,0,0.3,,,0,,100,22700,,790000,790000,,
332.3,-17100,-133820000,29820000,163640000,193460000,2598064.5,12976451.6,1.5,1664.5,6.5,Infinity,2000,2000,15600000,7.8,"2023-01-18T13:00:00.000Z",1674046800000,7.8,7.8,7.8,100,0,0,6,,,0,,2000,24700,,15600000,15600000,,
332.3,-15900,-124460000,39180000,163640000,202820000,2598064.5,12976451.6,0.9,1664.5,6.5,Infinity,1200,1200,9360000,7.8,"2023-01-18T13:08:00.000Z",1674047280000,7.8,7.8,7.8,100,0,0,3.6,,,0,,1200,25900,,9360000,9360000,,
332.3,-15900,-124460000,39180000,163640000,204380000,2598064.5,12976451.6,0,1664.5,6.5,NaN,,0,0,7.8,"2023-01-18T13:12:00.000Z",1674047520000,7.8,7.8,7.8,0,0,100,,,30.8,NaN,,200,26100,200,1560000,,,1560000
332.3,-16000,-125240000,39180000,164420000,205160000,2598064.5,12976451.6,0.1,1664.5,6.5,0,,-100,-780000,7.8,"2023-01-18T13:14:00.000Z",1674047640000,7.8,7.8,7.8,0,100,0,,0.1,,Infinity,100,100,26200,,780000,,780000,
332.3,-16000,-125240000,39960000,165200000,206720000,2598064.5,12976451.6,0,1664.5,6.5,1,100,0,0,7.8,"2023-01-18T13:18:00.000Z",1674047880000,7.8,7.8,7.8,50,50,0,0.3,0.1,,1,100,200,26400,,1560000,780000,780000,
332.3,-16800,-131480000,39960000,171440000,212960000,2598064.5,12976451.6,0.6,1664.5,6.5,0,,-800,-6240000,7.8,"2023-01-18T13:20:00.000Z",1674048000000,7.8,7.8,7.8,0,100,0,,0.5,,Infinity,800,800,27200,,6240000,,6240000,
332.3,-17200,-134600000,39960000,174560000,216080000,2598064.5,12976451.6,0.3,1664.5,6.5,0,,-400,-3120000,7.8,"2023-01-18T13:40:00.000Z",1674049200000,7.8,7.8,7.8,0,100,0,,0.2,,Infinity,400,400,27600,,3120000,,3120000,
332.3,-22200,-173600000,39960000,213560000,255080000,2598064.5,12976451.6,3.8,1664.5,6.5,0,,-5000,-39000000,7.8,"2023-01-18T13:50:00.000Z",1674049800000,7.8,7.8,7.8,0,100,0,,3,,Infinity,5000,5000,32600,,39000000,,39000000,
332.3,-28200,-220400000,39960000,260360000,301880000,2598064.5,12976451.6,4.5,1664.5,6.5,0,,-6000,-46800000,7.8,"2023-01-18T13:56:00.000Z",1674050160000,7.8,7.8,7.8,0,100,0,,3.6,,Infinity,6000,6000,38600,,46800000,,46800000,
332.3,-30200,-236000000,39960000,275960000,317480000,2598064.5,12976451.6,1.5,1664.5,6.5,0,,-2000,-15600000,7.8,"2023-01-18T14:00:00.000Z",1674050400000,7.8,7.8,7.8,0,100,0,,1.2,,Infinity,2000,2000,40600,,15600000,,15600000,
332.3,-37600,-293720000,39960000,333680000,375200000,2598064.5,12976451.6,5.6,1664.5,6.5,0,,-7400,-57720000,7.8,"2023-01-18T14:06:00.000Z",1674050760000,7.8,7.8,7.8,0,100,0,,4.4,,Infinity,7400,7400,48000,,57720000,,57720000,
332.3,-36700,-286700000,46980000,333680000,382220000,2598064.5,12976451.6,0.7,1664.5,6.5,Infinity,900,900,7020000,7.8,"2023-01-18T14:08:00.000Z",1674050880000,7.8,7.8,7.8,100,0,0,2.7,,,0,,900,48900,,7020000,7020000,,
332.3,-44400,-345930000,51660000,397590000,450810000,2598064.5,12976451.6,5.7,1664.5,6.5,0.1,600,-7700,-59230000,7.7,"2023-01-18T14:10:00.000Z",1674051000000,7.8,7.7,7.8,6.7,93.3,0,1.8,5,,13.8,8300,8900,57800,,68590000,4680000,63910000,
332.3,-43700,-340470000,61020000,401490000,464070000,2598064.5,12976451.6,0.5,1664.5,6.5,2.4,1200,700,5460000,7.8,"2023-01-18T14:14:00.000Z",1674051240000,7.8,7.8,7.8,70.6,29.4,0,3.6,0.3,,0.4,500,1700,59500,,13260000,9360000,3900000,
332.3,-41500,-323310000,78180000,401490000,481230000,2598064.5,12976451.6,1.7,1664.5,6.5,Infinity,2200,2200,17160000,7.8,"2023-01-18T14:16:00.000Z",1674051360000,7.8,7.8,7.8,100,0,0,6.6,,,0,,2200,61700,,17160000,17160000,,
332.3,-41400,-322530000,78960000,401490000,482010000,2598064.5,12976451.6,0.1,1664.5,6.5,Infinity,100,100,780000,7.8,"2023-01-18T14:18:00.000Z",1674051480000,7.8,7.8,7.8,100,0,0,0.3,,,0,,100,61800,,780000,780000,,
332.3,-41400,-322520000,79750000,402270000,483580000,2598064.5,12976451.6,0,1664.5,6.5,1,100,0,10000,7.9,"2023-01-18T14:48:00.000Z",1674053280000,7.9,7.8,7.8,50,50,0,0.3,0.1,,1,100,200,62000,,1570000,790000,780000,
332.3,-41300,-321730000,80540000,402270000,484370000,2598064.5,12976451.6,0.1,1664.5,6.5,Infinity,100,100,790000,7.9,"2023-01-18T14:50:00.000Z",1674053400000,7.9,7.9,7.9,100,0,0,0.3,,,0,,100,62100,,790000,790000,,
