"abu","acum_busd","acum_busd_val","acum_val","asd","auk","bs","bu","bu-sd","bu-sd_val","c","date","datetime","h","l","o","pbu","psd","puk","rbu","rsd","ruk","sb","sd","sum_vol","total_vol","uk","val","val_bu","val_sd","val_uk"
2861.3,0,0,800000,5862.5,13.8,NaN,,0,0,4,"2022-12-20T09:00:00.000Z",1671526800000,4,4,4,0,0,100,,,14.5,NaN,,200,200,200,800000,,,800000
2861.3,1000,4100000,4900000,5862.5,13.8,Infinity,1000,1000,4100000,4.1,"2022-12-20T09:06:00.000Z",1671527160000,4.1,4.1,4.1,100,0,0,0.3,,,0,,1000,1200,,4100000,4100000,,
2861.3,700,2870000,6130000,5862.5,13.8,0,,-300,-1230000,4.1,"2022-12-20T09:08:00.000Z",1671527280000,4.1,4.1,4.1,0,100,0,,0.1,,Infinity,300,300,1500,,1230000,,1230000,
2861.3,700,2870000,6950000,5862.5,13.8,NaN,,0,0,4.1,"2022-12-20T09:18:00.000Z",1671527880000,4.1,4.1,4.1,0,0,100,,,14.5,NaN,,200,1700,200,819999.9999999999,,,819999.9999999999
2861.3,600,2460000,7360000,5862.5,13.8,0,,-100,-409999.99999999994,4.1,"2022-12-20T09:20:00.000Z",1671528000000,4.1,4.1,4.1,0,100,0,,0,,Infinity,100,100,1800,,409999.99999999994,,409999.99999999994,
2861.3,1500,6150000,11050000,5862.5,13.8,Infinity,900,900,3689999.9999999995,4.1,"2022-12-20T09:22:00.000Z",1671528120000,4.1,4.1,4.1,100,0,0,0.3,,,0,,900,2700,,3689999.9999999995,3689999.9999999995,,
2861.3,1600,6560000,11460000,5862.5,13.8,Infinity,100,100,409999.99999999994,4.1,"2022-12-20T09:28:00.000Z",1671528480000,4.1,4.1,4.1,100,0,0,0,,,0,,100,2800,,409999.99999999994,409999.99999999994,,
2861.3,100,560000,17460000,5862.5,13.8,0,,-1500,-6000000,4,"2022-12-20T09:48:00.000Z",1671529680000,4,4,4,0,100,0,,0.3,,Infinity,1500,1500,4300,,6000000,,6000000,
2861.3,-200,-640000,18660000,5862.5,13.8,0,,-300,-1200000,4,"2022-12-20T09:52:00.000Z",1671529920000,4,4,4,0,100,0,,0.1,,Infinity,300,300,4600,,1200000,,1200000,
2861.3,-3700,-14640000,32660000,5862.5,13.8,0,,-3500,-14000000,4,"2022-12-20T09:54:00.000Z",1671530040000,4,4,4,0,100,0,,0.6,,Infinity,3500,3500,8100,,14000000,,14000000,
2861.3,-15000,-59840000,82660000,5862.5,13.8,0.1,600,-11300,-45200000,4,"2022-12-20T09:56:00.000Z",1671530160000,4,4,4,4.8,95.2,0,0.2,2,,19.8,11900,12500,20600,,50000000,2400000,47600000,
2861.3,-14900,-59440000,83060000,5862.5,13.8,Infinity,100,100,400000,4,"2022-12-20T09:58:00.000Z",1671530280000,4,4,4,100,0,0,0,,,0,,100,20700,,400000,400000,,
2861.3,-13900,-55440000,87060000,5862.5,13.8,Infinity,1000,1000,4000000,4,"2022-12-20T10:04:00.000Z",1671530640000,4,4,4,100,0,0,0.3,,,0,,1000,21700,,4000000,4000000,,
2861.3,-3900,-15440000,127060000,5862.5,13.8,Infinity,10000,10000,40000000,4,"2022-12-20T10:22:00.000Z",1671531720000,4,4,4,100,0,0,3.5,,,0,,10000,31700,,40000000,40000000,,
2861.3,-15700,-61460000,173080000,5862.5,13.8,0,,-11800,-46020000,3.9,"2022-12-20T10:28:00.000Z",1671532080000,3.9,3.9,3.9,0,100,0,,2,,Infinity,11800,11800,43500,,46020000,,46020000,
2861.3,-14100,-55220000,184780000,5862.5,13.8,3.3,2300,1600,6240000,3.9,"2022-12-20T10:32:00.000Z",1671532320000,3.9,3.9,3.9,76.7,23.3,0,0.8,0.1,,0.3,700,3000,46500,,11700000,8970000,2730000,
2861.3,-22200,-86810000,221050000,5862.5,13.8,0.1,600,-8100,-31590000,3.9,"2022-12-20T10:48:00.000Z",1671533280000,3.9,3.9,3.9,6.5,93.5,0,0.2,1.5,,14.5,8700,9300,55800,,36270000,2340000,33930000,
2861.3,-22100,-86420000,221440000,5862.5,13.8,Infinity,100,100,390000,3.9,"2022-12-20T10:50:00.000Z",1671533400000,3.9,3.9,3.9,100,0,0,0,,,0,,100,55900,,390000,390000,,
2861.3,-21500,-84080000,223780000,5862.5,13.8,Infinity,600,600,2340000,3.9,"2022-12-20T10:52:00.000Z",1671533520000,3.9,3.9,3.9,100,0,0,0.2,,,0,,600,56500,,2340000,2340000,,
2861.3,-21400,-83690000,248350000,5862.5,13.8,1,3200,100,390000,3.9,"2022-12-20T10:58:00.000Z",1671533880000,3.9,3.9,3.9,50.8,49.2,0,1.1,0.5,,1,3100,6300,62800,,24570000,12480000,12090000,
2861.3,-23400,-91490000,256150000,5862.5,13.8,0,,-2000,-7800000,3.9,"2022-12-20T11:06:00.000Z",1671534360000,3.9,3.9,3.9,0,100,0,,0.3,,Infinity,2000,2000,64800,,7800000,,7800000,
2861.3,-29200,-114110000,278770000,5862.5,13.8,0,,-5800,-22620000,3.9,"2022-12-20T11:12:00.000Z",1671534720000,3.9,3.9,3.9,0,100,0,,1,,Infinity,5800,5800,70600,,22620000,,22620000,
2861.3,-29100,-113720000,279160000,5862.5,13.8,Infinity,100,100,390000,3.9,"2022-12-20T11:16:00.000Z",1671534960000,3.9,3.9,3.9,100,0,0,0,,,0,,100,70700,,390000,390000,,
2861.3,-54000,-208340000,373780000,5862.5,13.8,0,,-24900,-94620000,3.8,"2022-12-20T11:18:00.000Z",1671535080000,3.8,3.8,3.8,0,100,0,,4.2,,Infinity,24900,24900,95600,,94620000,,94620000,
2861.3,-47400,-182910000,495610000,5862.5,13.8,1.5,19900,6600,25430000,3.6,"2022-12-20T11:22:00.000Z",1671535320000,3.8,3.6,3.8,59.9,40.1,0,7,2.3,,0.7,13300,33200,128800,,121830000,73630000,48200000,
2861.3,-50300,-193630000,507090000,5862.5,13.8,0,100,-2900,-10720000,3.8,"2022-12-20T13:00:00.000Z",1671541200000,3.8,3.7,3.7,3.2,96.8,0,0,0.5,,30,3000,3100,131900,,11480000,380000,11100000,
2861.3,-77600,-288910000,680370000,5862.5,13.8,0.3,10000,-27300,-95280000,3.9,"2022-12-20T13:02:00.000Z",1671541320000,3.9,3.6,3.6,21.1,78.9,0,3.5,6.4,,3.7,37300,47300,179200,,173280000,39000000,134280000,
2861.3,-182600,-665910000,1097170000,5862.5,13.8,0,5000,-105000,-377000000,3.8,"2022-12-20T13:04:00.000Z",1671541440000,3.8,3.6,3.6,4.3,95.2,0.4,1.7,18.8,36.2,22,110000,115500,294700,500,416800000,19000000,396000000,1800000
2861.3,-177600,-646910000,1116170000,5862.5,13.8,Infinity,5000,5000,19000000,3.8,"2022-12-20T13:06:00.000Z",1671541560000,3.8,3.8,3.8,100,0,0,1.7,,,0,,5000,299700,,19000000,19000000,,
2861.3,-215900,-784620000,1266460000,5862.5,13.8,0,1700,-38300,-137710000,3.6,"2022-12-20T13:10:00.000Z",1671541800000,3.7,3.6,3.7,4.1,95.9,0,0.6,6.8,,23.5,40000,41700,341400,,150290000,6290000,144000000,
2861.3,-236400,-858420000,1340260000,5862.5,13.8,0,,-20500,-73800000,3.6,"2022-12-20T13:12:00.000Z",1671541920000,3.6,3.6,3.6,0,100,0,,3.5,,Infinity,20500,20500,361900,,73800000,,73800000,
2861.3,-236300,-857860000,1354500000,5862.5,13.8,1.1,2000,100,560000,3.7,"2022-12-20T13:14:00.000Z",1671542040000,3.7,3.6,3.6,51.3,48.7,0,0.7,0.3,,1,1900,3900,365800,,14240000,7400000,6840000,
2861.3,-253100,-918340000,1414980000,5862.5,13.8,0,,-16800,-60480000,3.6,"2022-12-20T13:16:00.000Z",1671542160000,3.6,3.6,3.6,0,100,0,,2.9,,Infinity,16800,16800,382600,,60480000,,60480000,
2861.3,-252900,-917600000,1415720000,5862.5,13.8,Infinity,200,200,740000,3.7,"2022-12-20T13:18:00.000Z",1671542280000,3.7,3.7,3.7,100,0,0,0.1,,,0,,200,382800,,740000,740000,,
2861.3,-249500,-905020000,1428300000,5862.5,13.8,Infinity,3400,3400,12580000,3.7,"2022-12-20T13:20:00.000Z",1671542400000,3.7,3.7,3.7,100,0,0,1.2,,,0,,3400,386200,,12580000,12580000,,
2861.3,-243400,-882450000,1450870000,5862.5,13.8,Infinity,6100,6100,22570000,3.7,"2022-12-20T13:22:00.000Z",1671542520000,3.7,3.7,3.7,100,0,0,2.1,,,0,,6100,392300,,22570000,22570000,,
2861.3,-271300,-982890000,1551310000,5862.5,13.8,0,,-27900,-100440000,3.6,"2022-12-20T13:24:00.000Z",1671542640000,3.6,3.6,3.6,0,100,0,,4.8,,Infinity,27900,27900,420200,,100440000,,100440000,
2861.3,-260900,-945450000,1590190000,5862.5,13.8,53,10600,10400,37440000,3.6,"2022-12-20T13:26:00.000Z",1671542760000,3.6,3.6,3.6,98.1,1.9,0,3.7,0,,0,200,10800,431000,,38880000,38160000,720000,
2861.3,-255800,-927090000,1608550000,5862.5,13.8,Infinity,5100,5100,18360000,3.6,"2022-12-20T13:28:00.000Z",1671542880000,3.6,3.6,3.6,100,0,0,1.8,,,0,,5100,436100,,18360000,18360000,,
2861.3,-257100,-931770000,1614670000,5862.5,13.8,0.1,200,-1300,-4680000,3.6,"2022-12-20T13:30:00.000Z",1671543000000,3.6,3.6,3.6,11.8,88.2,0,0.1,0.3,,7.5,1500,1700,437800,,6120000,720000,5400000,
2861.3,-255600,-926370000,1635190000,5862.5,13.8,1.7,3600,1500,5400000,3.6,"2022-12-20T13:32:00.000Z",1671543120000,3.6,3.6,3.6,63.2,36.8,0,1.3,0.4,,0.6,2100,5700,443500,,20520000,12960000,7560000,
2861.3,-242800,-880290000,1681270000,5862.5,13.8,Infinity,12800,12800,46080000,3.6,"2022-12-20T13:34:00.000Z",1671543240000,3.6,3.6,3.6,100,0,0,4.5,,,0,,12800,456300,,46080000,46080000,,
2861.3,-237700,-861930000,1699630000,5862.5,13.8,Infinity,5100,5100,18360000,3.6,"2022-12-20T13:36:00.000Z",1671543360000,3.6,3.6,3.6,100,0,0,1.8,,,0,,5100,461400,,18360000,18360000,,
2861.3,-231400,-839250000,1729510000,5862.5,13.8,7.3,7300,6300,22680000,3.6,"2022-12-20T13:38:00.000Z",1671543480000,3.6,3.6,3.6,88,12,0,2.6,0.2,,0.1,1000,8300,469700,,29880000,26280000,3600000,
2861.3,-234100,-848970000,1739230000,5862.5,13.8,0,,-2700,-9720000,3.6,"2022-12-20T13:40:00.000Z",1671543600000,3.6,3.6,3.6,0,100,0,,0.5,,Infinity,2700,2700,472400,,9720000,,9720000,
2861.3,-233200,-845640000,1742560000,5862.5,13.8,Infinity,900,900,3330000,3.7,"2022-12-20T13:42:00.000Z",1671543720000,3.7,3.7,3.7,100,0,0,0.3,,,0,,900,473300,,3330000,3330000,,
2861.3,-232700,-843790000,1744410000,5862.5,13.8,Infinity,500,500,1850000,3.7,"2022-12-20T13:44:00.000Z",1671543840000,3.7,3.7,3.7,100,0,0,0.2,,,0,,500,473800,,1850000,1850000,,
2861.3,-246300,-892750000,1793370000,5862.5,13.8,0,,-13600,-48960000,3.6,"2022-12-20T13:48:00.000Z",1671544080000,3.6,3.6,3.6,0,100,0,,2.3,,Infinity,13600,13600,487400,,48960000,,48960000,
2861.3,-218600,-793030000,1893450000,5862.5,13.8,Infinity,27700,27700,99720000,3.6,"2022-12-20T13:52:00.000Z",1671544320000,3.6,3.6,3.6,99.6,0,0.4,9.7,,7.2,0,,27800,515200,100,100080000,99720000,,360000
2861.3,-220700,-800590000,1902450000,5862.5,13.8,0.1,200,-2100,-7560000,3.6,"2022-12-20T13:54:00.000Z",1671544440000,3.6,3.6,3.6,8,92,0,0.1,0.4,,11.5,2300,2500,517700,,9000000,720000,8280000,
2861.3,-221200,-802390000,1904250000,5862.5,13.8,0,,-500,-1800000,3.6,"2022-12-20T13:56:00.000Z",1671544560000,3.6,3.6,3.6,0,100,0,,0.1,,Infinity,500,500,518200,,1800000,,1800000,
2861.3,-225500,-817870000,1919730000,5862.5,13.8,0,,-4300,-15480000,3.6,"2022-12-20T13:58:00.000Z",1671544680000,3.6,3.6,3.6,0,100,0,,0.7,,Infinity,4300,4300,522500,,15480000,,15480000,
2861.3,-224100,-812690000,1924910000,5862.5,13.8,Infinity,1400,1400,5180000,3.7,"2022-12-20T14:04:00.000Z",1671545040000,3.7,3.7,3.7,100,0,0,0.5,,,0,,1400,523900,,5180000,5180000,,
2861.3,-218800,-793080000,1993360000,5862.5,13.8,1.8,11900,5300,19610000,3.7,"2022-12-20T14:06:00.000Z",1671545160000,3.7,3.7,3.7,64.3,35.7,0,4.2,1.1,,0.6,6600,18500,542400,,68450000,44030000,24420000,
2861.3,-218700,-792710000,1995950000,5862.5,13.8,1.3,400,100,370000,3.7,"2022-12-20T14:08:00.000Z",1671545280000,3.7,3.7,3.7,57.1,42.9,0,0.1,0.1,,0.8,300,700,543100,,2590000,1480000,1110000,
2861.3,-216900,-786050000,2002610000,5862.5,13.8,Infinity,1800,1800,6660000,3.7,"2022-12-20T14:10:00.000Z",1671545400000,3.7,3.7,3.7,100,0,0,0.6,,,0,,1800,544900,,6660000,6660000,,
2861.3,-229100,-829970000,2046530000,5862.5,13.8,0,,-12200,-43920000,3.6,"2022-12-20T14:12:00.000Z",1671545520000,3.6,3.6,3.6,0,100,0,,2.1,,Infinity,12200,12200,557100,,43920000,,43920000,
2861.3,-227200,-823130000,2078570000,5862.5,13.8,1.5,5400,1900,6840000,3.6,"2022-12-20T14:14:00.000Z",1671545640000,3.6,3.6,3.6,60.7,39.3,0,1.9,0.6,,0.6,3500,8900,566000,,32040000,19440000,12600000,
2861.3,-221100,-801170000,2100530000,5862.5,13.8,Infinity,6100,6100,21960000,3.6,"2022-12-20T14:16:00.000Z",1671545760000,3.6,3.6,3.6,100,0,0,2.1,,,0,,6100,572100,,21960000,21960000,,
2861.3,-227800,-825290000,2147690000,5862.5,13.8,0.3,3200,-6700,-24120000,3.6,"2022-12-20T14:18:00.000Z",1671545880000,3.6,3.6,3.6,24.4,75.6,0,1.1,1.7,,3.1,9900,13100,585200,,47160000,11520000,35640000,
2861.3,-219000,-792730000,2180250000,5862.5,13.8,Infinity,8800,8800,32560000,3.7,"2022-12-20T14:20:00.000Z",1671546000000,3.7,3.7,3.7,100,0,0,3.1,,,0,,8800,594000,,32560000,32560000,,
2861.3,-215000,-777930000,2195050000,5862.5,13.8,Infinity,4000,4000,14800000,3.7,"2022-12-20T14:22:00.000Z",1671546120000,3.7,3.7,3.7,100,0,0,1.4,,,0,,4000,598000,,14800000,14800000,,
2861.3,-223500,-808380000,2236600000,5862.5,13.8,0.2,1500,-8500,-30450000,3.6,"2022-12-20T14:24:00.000Z",1671546240000,3.7,3.6,3.7,13,87,0,0.5,1.7,,6.7,10000,11500,609500,,41550000,5550000,36000000,
2861.3,-242100,-875340000,2303560000,5862.5,13.8,0,,-18600,-66960000,3.6,"2022-12-20T14:26:00.000Z",1671546360000,3.6,3.6,3.6,0,100,0,,3.2,,Infinity,18600,18600,628100,,66960000,,66960000,
2861.3,-239200,-864900000,2317600000,5862.5,13.8,6.8,3400,2900,10440000,3.6,"2022-12-20T14:28:00.000Z",1671546480000,3.6,3.6,3.6,87.2,12.8,0,1.2,0.1,,0.1,500,3900,632000,,14040000,12240000,1800000,
2861.3,-245400,-887220000,2392480000,5862.5,13.8,0.5,7300,-6200,-22320000,3.6,"2022-12-20T14:30:00.000Z",1671546600000,3.6,3.6,3.6,35.1,64.9,0,2.6,2.3,,1.8,13500,20800,652800,,74880000,26280000,48600000,
2861.3,-242500,-876780000,2402920000,5862.5,13.8,Infinity,2900,2900,10440000,3.6,"2022-12-20T14:32:00.000Z",1671546720000,3.6,3.6,3.6,100,0,0,1,,,0,,2900,655700,,10440000,10440000,,
2861.3,-241200,-872100000,2407600000,5862.5,13.8,Infinity,1300,1300,4680000,3.6,"2022-12-20T14:34:00.000Z",1671546840000,3.6,3.6,3.6,100,0,0,0.5,,,0,,1300,657000,,4680000,4680000,,
2861.3,-235000,-849780000,2429920000,5862.5,13.8,Infinity,6200,6200,22320000,3.6,"2022-12-20T14:36:00.000Z",1671546960000,3.6,3.6,3.6,100,0,0,2.2,,,0,,6200,663200,,22320000,22320000,,
2861.3,-231100,-835740000,2445400000,5862.5,13.8,20.5,4100,3900,14040000,3.6,"2022-12-20T14:38:00.000Z",1671547080000,3.6,3.6,3.6,95.3,4.7,0,1.4,0,,0,200,4300,667500,,15480000,14760000,720000,
2861.3,-231000,-835370000,2445770000,5862.5,13.8,Infinity,100,100,370000,3.7,"2022-12-20T14:40:00.000Z",1671547200000,3.7,3.7,3.7,100,0,0,0,,,0,,100,667600,,370000,370000,,
2861.3,-233300,-843650000,2454050000,5862.5,13.8,0,,-2300,-8280000,3.6,"2022-12-20T14:42:00.000Z",1671547320000,3.6,3.6,3.6,0,100,0,,0.4,,Infinity,2300,2300,669900,,8280000,,8280000,
2861.3,-241000,-871370000,2481770000,5862.5,13.8,0,,-7700,-27720000,3.6,"2022-12-20T14:44:00.000Z",1671547440000,3.6,3.6,3.6,0,100,0,,1.3,,Infinity,7700,7700,677600,,27720000,,27720000,
2861.3,-239200,-864890000,2492570000,5862.5,13.8,4,2400,1800,6480000,3.6,"2022-12-20T14:46:00.000Z",1671547560000,3.6,3.6,3.6,80,20,0,0.8,0.1,,0.3,600,3000,680600,,10800000,8640000,2160000,
2861.3,-239300,-865250000,2493650000,5862.5,13.8,0.5,100,-100,-360000,3.6,"2022-12-20T14:48:00.000Z",1671547680000,3.6,3.6,3.6,33.3,66.7,0,0,0,,2,200,300,680900,,1080000,360000,720000,
2861.3,-238800,-863450000,2495450000,5862.5,13.8,Infinity,500,500,1800000,3.6,"2022-12-20T14:50:00.000Z",1671547800000,3.6,3.6,3.6,100,0,0,0.2,,,0,,500,681400,,1800000,1800000,,
2861.3,-235300,-850850000,2524610000,5862.5,13.8,2.5,5800,3500,12600000,3.6,"2022-12-20T14:52:00.000Z",1671547920000,3.6,3.6,3.6,71.6,28.4,0,2,0.4,,0.4,2300,8100,689500,,29160000,20880000,8280000,
2861.3,-241500,-873170000,2553770000,5862.5,13.8,0.1,900,-6200,-22320000,3.6,"2022-12-20T14:54:00.000Z",1671548040000,3.6,3.6,3.6,11.1,87.7,1.2,0.3,1.2,7.2,7.9,7100,8100,697600,100,29160000,3240000,25560000,360000
2861.3,-241400,-872800000,2554140000,5862.5,13.8,Infinity,100,100,370000,3.7,"2022-12-20T14:56:00.000Z",1671548160000,3.7,3.7,3.7,100,0,0,0,,,0,,100,697700,,370000,370000,,
2861.3,-240100,-867990000,2558950000,5862.5,13.8,Infinity,1300,1300,4810000,3.7,"2022-12-20T14:58:00.000Z",1671548280000,3.7,3.7,3.7,100,0,0,0.5,,,0,,1300,699000,,4810000,4810000,,
