"abu","acum_busd","acum_busd_val","acum_val_bu","acum_val_sd","acum_val","avg_val_bu","avg_val_sd","rbusd","asd","auk","bs","bu","bu-sd","bu-sd_val","c","date","datetime","h","l","o","pbu","psd","puk","rbu","rsd","ruk","sb","sd","sum_vol","total_vol","uk","val","val_bu","val_sd","val_uk"
753.7,1100,23320000,23320000,0,1405560000,15977561,0,1.5,0,1590.2,Infinity,1100,1100,23320000,21.2,"2022-12-20T09:14:00.000Z",1671527640000,21.2,21.2,21.2,1.7,0,98.3,1.5,,41,0,,66300,66300,65200,1405560000,23320000,,1382240000
753.7,1900,40280000,40280000,0,1422520000,15977561,0,1.1,0,1590.2,Infinity,800,800,16960000,21.2,"2022-12-20T09:16:00.000Z",1671527760000,21.2,21.2,21.2,100,0,0,1.1,,,0,,800,67100,,16960000,16960000,,
753.7,2500,53000000,53000000,0,1435240000,15977561,0,0.8,0,1590.2,Infinity,600,600,12720000,21.2,"2022-12-20T09:18:00.000Z",1671527880000,21.2,21.2,21.2,100,0,0,0.8,,,0,,600,67700,,12720000,12720000,,
753.7,2700,57240000,57240000,0,1439480000,15977561,0,0.3,0,1590.2,Infinity,200,200,4240000,21.2,"2022-12-20T09:20:00.000Z",1671528000000,21.2,21.2,21.2,100,0,0,0.3,,,0,,200,67900,,4240000,4240000,,
753.7,3600,76320000,76320000,0,1458560000,15977561,0,1.2,0,1590.2,Infinity,900,900,19080000,21.2,"2022-12-20T09:22:00.000Z",1671528120000,21.2,21.2,21.2,100,0,0,1.2,,,0,,900,68800,,19080000,19080000,,
753.7,5600,118720000,118720000,0,1500960000,15977561,0,2.7,0,1590.2,Infinity,2000,2000,42400000,21.2,"2022-12-20T09:24:00.000Z",1671528240000,21.2,21.2,21.2,100,0,0,2.7,,,0,,2000,70800,,42400000,42400000,,
753.7,5700,120840000,120840000,0,1503080000,15977561,0,0.1,0,1590.2,Infinity,100,100,2120000,21.2,"2022-12-20T09:26:00.000Z",1671528360000,21.2,21.2,21.2,100,0,0,0.1,,,0,,100,70900,,2120000,2120000,,
753.7,6500,137800000,137800000,0,1520040000,15977561,0,1.1,0,1590.2,Infinity,800,800,16960000,21.2,"2022-12-20T09:28:00.000Z",1671528480000,21.2,21.2,21.2,100,0,0,1.1,,,0,,800,71700,,16960000,16960000,,
753.7,7800,165360000,165360000,0,1547600000,15977561,0,1.7,0,1590.2,Infinity,1300,1300,27560000,21.2,"2022-12-20T09:30:00.000Z",1671528600000,21.2,21.2,21.2,100,0,0,1.7,,,0,,1300,73000,,27560000,27560000,,
753.7,8300,175960000,175960000,0,1558200000,15977561,0,0.7,0,1590.2,Infinity,500,500,10600000,21.2,"2022-12-20T09:32:00.000Z",1671528720000,21.2,21.2,21.2,100,0,0,0.7,,,0,,500,73500,,10600000,10600000,,
753.7,8900,188680000,188680000,0,1570920000,15977561,0,0.8,0,1590.2,Infinity,600,600,12720000,21.2,"2022-12-20T09:34:00.000Z",1671528840000,21.2,21.2,21.2,100,0,0,0.8,,,0,,600,74100,,12720000,12720000,,
753.7,12000,254400000,254400000,0,1636640000,15977561,0,4.1,0,1590.2,Infinity,3100,3100,65720000,21.2,"2022-12-20T09:36:00.000Z",1671528960000,21.2,21.2,21.2,100,0,0,4.1,,,0,,3100,77200,,65720000,65720000,,
753.7,13000,275600000,275600000,0,1657840000,15977561,0,1.3,0,1590.2,Infinity,1000,1000,21200000,21.2,"2022-12-20T09:38:00.000Z",1671529080000,21.2,21.2,21.2,100,0,0,1.3,,,0,,1000,78200,,21200000,21200000,,
753.7,13800,292560000,292560000,0,1674800000,15977561,0,1.1,0,1590.2,Infinity,800,800,16960000,21.2,"2022-12-20T09:44:00.000Z",1671529440000,21.2,21.2,21.2,100,0,0,1.1,,,0,,800,79000,,16960000,16960000,,
753.7,13900,294680000,294680000,0,1676920000,15977561,0,0.1,0,1590.2,Infinity,100,100,2120000,21.2,"2022-12-20T09:46:00.000Z",1671529560000,21.2,21.2,21.2,100,0,0,0.1,,,0,,100,79100,,2120000,2120000,,
753.7,14400,305280000,305280000,0,1687520000,15977561,0,0.7,0,1590.2,Infinity,500,500,10600000,21.2,"2022-12-20T09:52:00.000Z",1671529920000,21.2,21.2,21.2,100,0,0,0.7,,,0,,500,79600,,10600000,10600000,,
753.7,15300,324360000,324360000,0,1706600000,15977561,0,1.2,0,1590.2,Infinity,900,900,19080000,21.2,"2022-12-20T10:04:00.000Z",1671530640000,21.2,21.2,21.2,100,0,0,1.2,,,0,,900,80500,,19080000,19080000,,
753.7,16000,339200000,339200000,0,1721440000,15977561,0,0.9,0,1590.2,Infinity,700,700,14840000,21.2,"2022-12-20T10:06:00.000Z",1671530760000,21.2,21.2,21.2,100,0,0,0.9,,,0,,700,81200,,14840000,14840000,,
753.7,16200,343440000,343440000,0,1725680000,15977561,0,0.3,0,1590.2,Infinity,200,200,4240000,21.2,"2022-12-20T10:12:00.000Z",1671531120000,21.2,21.2,21.2,100,0,0,0.3,,,0,,200,81400,,4240000,4240000,,
753.7,16400,347680000,347680000,0,1729920000,15977561,0,0.3,0,1590.2,Infinity,200,200,4240000,21.2,"2022-12-20T10:14:00.000Z",1671531240000,21.2,21.2,21.2,100,0,0,0.3,,,0,,200,81600,,4240000,4240000,,
753.7,17200,364640000,364640000,0,1746880000,15977561,0,1.1,0,1590.2,Infinity,800,800,16960000,21.2,"2022-12-20T10:16:00.000Z",1671531360000,21.2,21.2,21.2,100,0,0,1.1,,,0,,800,82400,,16960000,16960000,,
753.7,18200,385840000,385840000,0,1768080000,15977561,0,1.3,0,1590.2,Infinity,1000,1000,21200000,21.2,"2022-12-20T10:24:00.000Z",1671531840000,21.2,21.2,21.2,100,0,0,1.3,,,0,,1000,83400,,21200000,21200000,,
753.7,18300,387960000,387960000,0,1770200000,15977561,0,0.1,0,1590.2,Infinity,100,100,2120000,21.2,"2022-12-20T10:26:00.000Z",1671531960000,21.2,21.2,21.2,100,0,0,0.1,,,0,,100,83500,,2120000,2120000,,
753.7,18800,398560000,398560000,0,1780800000,15977561,0,0.7,0,1590.2,Infinity,500,500,10600000,21.2,"2022-12-20T10:28:00.000Z",1671532080000,21.2,21.2,21.2,100,0,0,0.7,,,0,,500,84000,,10600000,10600000,,
753.7,18900,400680000,400680000,0,1782920000,15977561,0,0.1,0,1590.2,Infinity,100,100,2120000,21.2,"2022-12-20T10:34:00.000Z",1671532440000,21.2,21.2,21.2,100,0,0,0.1,,,0,,100,84100,,2120000,2120000,,
753.7,19900,421880000,421880000,0,1804120000,15977561,0,1.3,0,1590.2,Infinity,1000,1000,21200000,21.2,"2022-12-20T10:36:00.000Z",1671532560000,21.2,21.2,21.2,100,0,0,1.3,,,0,,1000,85100,,21200000,21200000,,
753.7,21900,464280000,464280000,0,1846520000,15977561,0,2.7,0,1590.2,Infinity,2000,2000,42400000,21.2,"2022-12-20T11:10:00.000Z",1671534600000,21.2,21.2,21.2,100,0,0,2.7,,,0,,2000,87100,,42400000,42400000,,
753.7,22000,466400000,466400000,0,1848640000,15977561,0,0.1,0,1590.2,Infinity,100,100,2120000,21.2,"2022-12-20T11:26:00.000Z",1671535560000,21.2,21.2,21.2,100,0,0,0.1,,,0,,100,87200,,2120000,2120000,,
753.7,22100,468520000,468520000,0,1850760000,15977561,0,0.1,0,1590.2,Infinity,100,100,2120000,21.2,"2022-12-20T13:10:00.000Z",1671541800000,21.2,21.2,21.2,100,0,0,0.1,,,0,,100,87300,,2120000,2120000,,
753.7,22200,470640000,470640000,0,1852880000,15977561,0,0.1,0,1590.2,Infinity,100,100,2120000,21.2,"2022-12-20T13:18:00.000Z",1671542280000,21.2,21.2,21.2,100,0,0,0.1,,,0,,100,87400,,2120000,2120000,,
753.7,22300,472760000,472760000,0,1855000000,15977561,0,0.1,0,1590.2,Infinity,100,100,2120000,21.2,"2022-12-20T13:20:00.000Z",1671542400000,21.2,21.2,21.2,100,0,0,0.1,,,0,,100,87500,,2120000,2120000,,
753.7,23700,502440000,502440000,0,1884680000,15977561,0,1.9,0,1590.2,Infinity,1400,1400,29680000,21.2,"2022-12-20T13:22:00.000Z",1671542520000,21.2,21.2,21.2,100,0,0,1.9,,,0,,1400,88900,,29680000,29680000,,
753.7,23800,504560000,504560000,0,1886800000,15977561,0,0.1,0,1590.2,Infinity,100,100,2120000,21.2,"2022-12-20T13:28:00.000Z",1671542880000,21.2,21.2,21.2,100,0,0,0.1,,,0,,100,89000,,2120000,2120000,,
753.7,25400,538480000,538480000,0,1920720000,15977561,0,2.1,0,1590.2,Infinity,1600,1600,33920000,21.2,"2022-12-20T13:40:00.000Z",1671543600000,21.2,21.2,21.2,100,0,0,2.1,,,0,,1600,90600,,33920000,33920000,,
753.7,25900,549080000,549080000,0,1931320000,15977561,0,0.7,0,1590.2,Infinity,500,500,10600000,21.2,"2022-12-20T13:42:00.000Z",1671543720000,21.2,21.2,21.2,100,0,0,0.7,,,0,,500,91100,,10600000,10600000,,
753.7,26400,559680000,559680000,0,1941920000,15977561,0,0.7,0,1590.2,Infinity,500,500,10600000,21.2,"2022-12-20T13:44:00.000Z",1671543840000,21.2,21.2,21.2,100,0,0,0.7,,,0,,500,91600,,10600000,10600000,,
753.7,28400,602080000,602080000,0,1984320000,15977561,0,2.7,0,1590.2,Infinity,2000,2000,42400000,21.2,"2022-12-20T13:50:00.000Z",1671544200000,21.2,21.2,21.2,100,0,0,2.7,,,0,,2000,93600,,42400000,42400000,,
753.7,29700,629640000,629640000,0,2011880000,15977561,0,1.7,0,1590.2,Infinity,1300,1300,27560000,21.2,"2022-12-20T14:10:00.000Z",1671545400000,21.2,21.2,21.2,100,0,0,1.7,,,0,,1300,94900,,27560000,27560000,,
753.7,29800,631760000,631760000,0,2014000000,15977561,0,0.1,0,1590.2,Infinity,100,100,2120000,21.2,"2022-12-20T14:22:00.000Z",1671546120000,21.2,21.2,21.2,100,0,0,0.1,,,0,,100,95000,,2120000,2120000,,
753.7,30300,642360000,642360000,0,2024600000,15977561,0,0.7,0,1590.2,Infinity,500,500,10600000,21.2,"2022-12-20T14:24:00.000Z",1671546240000,21.2,21.2,21.2,100,0,0,0.7,,,0,,500,95500,,10600000,10600000,,
753.7,30900,655080000,655080000,0,2037320000,15977561,0,0.8,0,1590.2,Infinity,600,600,12720000,21.2,"2022-12-20T14:44:00.000Z",1671547440000,21.2,21.2,21.2,100,0,0,0.8,,,0,,600,96100,,12720000,12720000,,
