"abu","acum_busd","acum_busd_val","acum_val_bu","acum_val_sd","acum_val","avg_val_bu","avg_val_sd","rbusd","asd","auk","bs","bu","bu-sd","bu-sd_val","c","date","datetime","h","l","o","pbu","psd","puk","rbu","rsd","ruk","sb","sd","sum_vol","total_vol","uk","val","val_bu","val_sd","val_uk"
619.1,100,446000,446000,0,446000,2699425.5,2256617,1,519.1,155.3,Infinity,100,100,446000,4.46,"2023-02-07T09:14:00.000Z",1675761240000,4.46,4.46,4.46,100,0,0,0.2,,,0,,100,100,,446000,446000,,
619.1,0,0,446000,446000,892000,2699425.5,2256617,1,519.1,155.3,0,,-100,-446000,4.46,"2023-02-07T09:16:00.000Z",1675761360000,4.46,4.46,4.46,0,100,0,,0.2,,Infinity,100,100,200,,446000,,446000,
619.1,900,4014000,4460000,446000,4906000,2699425.5,2256617,9.1,519.1,155.3,Infinity,900,900,4014000,4.46,"2023-02-07T09:18:00.000Z",1675761480000,4.46,4.46,4.46,100,0,0,1.5,,,0,,900,1100,,4014000,4014000,,
619.1,800,3576000,4460000,884000,5344000,2699425.5,2256617,1,519.1,155.3,0,,-100,-438000,4.38,"2023-02-07T09:20:00.000Z",1675761600000,4.38,4.38,4.38,0,100,0,,0.2,,Infinity,100,100,1200,,438000,,438000,
619.1,600,2700000,4460000,1760000,6220000,2699425.5,2256617,2,519.1,155.3,0,,-200,-876000,4.38,"2023-02-07T09:22:00.000Z",1675761720000,4.38,4.38,4.38,0,100,0,,0.4,,Infinity,200,200,1400,,876000,,876000,
619.1,400,1824000,4460000,2636000,7096000,2699425.5,2256617,2,519.1,155.3,0,,-200,-876000,4.38,"2023-02-07T09:32:00.000Z",1675762320000,4.38,4.38,4.38,0,100,0,,0.4,,Infinity,200,200,1600,,876000,,876000,
619.1,100,510000,4460000,3950000,8410000,2699425.5,2256617,3,519.1,155.3,0,,-300,-1314000,4.38,"2023-02-07T09:52:00.000Z",1675763520000,4.38,4.38,4.38,0,100,0,,0.6,,Infinity,300,300,1900,,1314000,,1314000,
619.1,-500,-2114000,5340000,7454000,12794000,2699425.5,2256617,5.9,519.1,155.3,0.3,200,-600,-2624000,4.4,"2023-02-07T09:54:00.000Z",1675763640000,4.4,4.38,4.38,20,80,0,0.3,1.5,,4,800,1000,2900,,4384000,880000.0000000001,3504000,
619.1,-300,-1236000,6218000,7454000,13672000,2699425.5,2256617,2,519.1,155.3,Infinity,200,200,877999.9999999999,4.39,"2023-02-07T09:56:00.000Z",1675763760000,4.39,4.39,4.39,100,0,0,0.3,,,0,,200,3100,,877999.9999999999,877999.9999999999,,
619.1,-500,-2114000,6218000,8332000,14550000,2699425.5,2256617,2,519.1,155.3,0,,-200,-877999.9999999999,4.39,"2023-02-07T10:00:00.000Z",1675764000000,4.39,4.39,4.39,0,100,0,,0.4,,Infinity,200,200,3300,,877999.9999999999,,877999.9999999999,
619.1,-100,-358000.00000000023,7974000,8332000,16306000,2699425.5,2256617,4,519.1,155.3,Infinity,400,400,1755999.9999999998,4.39,"2023-02-07T10:02:00.000Z",1675764120000,4.39,4.39,4.39,100,0,0,0.6,,,0,,400,3700,,1755999.9999999998,1755999.9999999998,,
619.1,500,2276000,10608000,8332000,18940000,2699425.5,2256617,5.9,519.1,155.3,Infinity,600,600,2634000,4.39,"2023-02-07T10:04:00.000Z",1675764240000,4.39,4.39,4.39,100,0,0,1,,,0,,600,4300,,2634000,2634000,,
619.1,100,524000,10608000,10084000,20692000,2699425.5,2256617,4,519.1,155.3,0,,-400,-1752000,4.38,"2023-02-07T10:10:00.000Z",1675764600000,4.38,4.38,4.38,0,100,0,,0.8,,Infinity,400,400,4700,,1752000,,1752000,
619.1,-2000,-8674000,10608000,19282000,29890000,2699425.5,2256617,20.8,519.1,155.3,0,,-2100,-9198000,4.38,"2023-02-07T10:12:00.000Z",1675764720000,4.38,4.38,4.38,0,100,0,,4,,Infinity,2100,2100,6800,,9198000,,9198000,
619.1,-2100,-9112000,10608000,19720000,30328000,2699425.5,2256617,1,519.1,155.3,0,,-100,-438000,4.38,"2023-02-07T10:14:00.000Z",1675764840000,4.38,4.38,4.38,0,100,0,,0.2,,Infinity,100,100,6900,,438000,,438000,
619.1,-2900,-12616000,10608000,23224000,33832000,2699425.5,2256617,7.9,519.1,155.3,0,,-800,-3504000,4.38,"2023-02-07T10:16:00.000Z",1675764960000,4.38,4.38,4.38,0,100,0,,1.5,,Infinity,800,800,7700,,3504000,,3504000,
619.1,-600,-2480000,28628000,31108000,59736000,2699425.5,2256617,22.9,519.1,155.3,2.3,4100,2300,10136000,4.38,"2023-02-07T10:22:00.000Z",1675765320000,4.4,4.38,4.39,69.5,30.5,0,6.6,3.5,,0.4,1800,5900,13600,,25904000,18020000,7884000,
619.1,-3300,-14279000,28628000,42907000,71535000,2699425.5,2256617,26.6,519.1,155.3,0,,-2700,-11799000,4.37,"2023-02-07T10:38:00.000Z",1675766280000,4.37,4.37,4.37,0,100,0,,5.2,,Infinity,2700,2700,16300,,11799000,,11799000,
619.1,-3600,-15584000,28628000,44212000,72840000,2699425.5,2256617,2.9,519.1,155.3,0,,-300,-1305000,4.35,"2023-02-07T10:40:00.000Z",1675766400000,4.35,4.35,4.35,0,100,0,,0.6,,Infinity,300,300,16600,,1305000,,1305000,
619.1,-1600,-6824000,37388000,44212000,81600000,2699425.5,2256617,19.8,519.1,155.3,Infinity,2000,2000,8760000,4.38,"2023-02-07T10:56:00.000Z",1675767360000,4.38,4.38,4.38,100,0,0,3.2,,,0,,2000,18600,,8760000,8760000,,
619.1,400,1936000,46148000,44212000,90360000,2699425.5,2256617,19.8,519.1,155.3,Infinity,2000,2000,8760000,4.38,"2023-02-07T11:00:00.000Z",1675767600000,4.38,4.38,4.38,100,0,0,3.2,,,0,,2000,20600,,8760000,8760000,,
619.1,1400,6336000,54928000,48592000,103520000,2699425.5,2256617,9.9,519.1,155.3,2,2000,1000,4400000,4.38,"2023-02-07T11:10:00.000Z",1675768200000,4.39,4.38,4.39,66.7,33.3,0,3.2,1.9,,0.5,1000,3000,23600,,13160000,8780000,4380000,
619.1,-600,-2424000,54928000,57352000,112280000,2699425.5,2256617,19.8,519.1,155.3,0,,-2000,-8760000,4.38,"2023-02-07T11:20:00.000Z",1675768800000,4.38,4.38,4.38,0,100,0,,3.9,,Infinity,2000,2000,25600,,8760000,,8760000,
619.1,-1600,-6804000,54928000,61732000,116660000,2699425.5,2256617,9.9,519.1,155.3,0,,-1000,-4380000,4.38,"2023-02-07T11:22:00.000Z",1675768920000,4.38,4.38,4.38,0,100,0,,1.9,,Infinity,1000,1000,26600,,4380000,,4380000,
619.1,-1600,-6803000,55366000,62169000,117535000,2699425.5,2256617,0,519.1,155.3,1,100,0,1000,4.37,"2023-02-07T13:00:00.000Z",1675774800000,4.38,4.37,4.38,50,50,0,0.2,0.2,,1,100,200,26800,,875000,438000,437000,
619.1,-3300,-14232000,55366000,69598000,124964000,2699425.5,2256617,16.8,519.1,155.3,0,,-1700,-7429000,4.37,"2023-02-07T13:02:00.000Z",1675774920000,4.37,4.37,4.37,0,100,0,,3.3,,Infinity,1700,1700,28500,,7429000,,7429000,
619.1,-3900,-16850000,55366000,72216000,127582000,2699425.5,2256617,5.9,519.1,155.3,0,,-600,-2618000,4.36,"2023-02-07T13:04:00.000Z",1675775040000,4.37,4.36,4.37,0,100,0,,1.2,,Infinity,600,600,29100,,2618000,,2618000,
619.1,-4700,-20338000,55366000,75704000,131070000,2699425.5,2256617,7.9,519.1,155.3,0,,-800,-3488000,4.36,"2023-02-07T13:06:00.000Z",1675775160000,4.36,4.36,4.36,0,100,0,,1.5,,Infinity,800,800,29900,,3488000,,3488000,
619.1,-4600,-19901000,55803000,75704000,131507000,2699425.5,2256617,1,519.1,155.3,Infinity,100,100,437000,4.37,"2023-02-07T13:12:00.000Z",1675775520000,4.37,4.37,4.37,100,0,0,0.2,,,0,,100,30000,,437000,437000,,
619.1,-4400,-19029000,58419000,77448000,135867000,2699425.5,2256617,2,519.1,155.3,1.5,600,200,871999.9999999998,4.36,"2023-02-07T13:28:00.000Z",1675776480000,4.36,4.36,4.36,60,40,0,1,0.8,,0.7,400,1000,31000,,4360000,2616000,1744000.0000000002,
619.1,-4500,-19463000,58855000,78318000,137173000,2699425.5,2256617,1,519.1,155.3,0.5,100,-100,-433999.9999999998,4.36,"2023-02-07T13:32:00.000Z",1675776720000,4.36,4.35,4.35,33.3,66.7,0,0.2,0.4,,2,200,300,31300,,1306000,436000.00000000006,869999.9999999999,
619.1,-4300,-18590000,59728000,78318000,138046000,2699425.5,2256617,2,519.1,155.3,Infinity,200,200,873000,4.37,"2023-02-07T13:34:00.000Z",1675776840000,4.37,4.36,4.36,100,0,0,0.3,,,0,,200,31500,,873000,873000,,
619.1,-4400,-19025000,59728000,78753000,138481000,2699425.5,2256617,1,519.1,155.3,0,,-100,-434999.99999999994,4.35,"2023-02-07T13:46:00.000Z",1675777560000,4.35,4.35,4.35,0,100,0,,0.2,,Infinity,100,100,31600,,434999.99999999994,,434999.99999999994,
619.1,2500,11040000,89793000,78753000,168546000,2699425.5,2256617,67.9,519.1,155.3,Infinity,6900,6900,30065000,4.36,"2023-02-07T13:48:00.000Z",1675777680000,4.36,4.35,4.35,100,0,0,11.1,,,0,,6900,38500,,30065000,30065000,,
619.1,2300,10168000,89793000,79625000,169418000,2699425.5,2256617,2,519.1,155.3,0,,-200,-872000.0000000001,4.36,"2023-02-07T13:52:00.000Z",1675777920000,4.36,4.36,4.36,0,100,0,,0.4,,Infinity,200,200,38700,,872000.0000000001,,872000.0000000001,
619.1,2100,9300000,89793000,80493000,170286000,2699425.5,2256617,2,519.1,155.3,0,,-200,-868000,4.34,"2023-02-07T13:58:00.000Z",1675778280000,4.34,4.34,4.34,0,100,0,,0.4,,Infinity,200,200,38900,,868000,,868000,
619.1,2400,10602000,91095000,80493000,171588000,2699425.5,2256617,2.9,519.1,155.3,Infinity,300,300,1302000,4.34,"2023-02-07T14:04:00.000Z",1675778640000,4.34,4.34,4.34,100,0,0,0.5,,,0,,300,39200,,1302000,1302000,,
619.1,-2100,-8579000,91095000,99674000,222159000,2699425.5,2256617,43.3,519.1,155.3,0,,-4500,-19181000,4.25,"2023-02-07T14:12:00.000Z",1675779120000,4.32,4.25,4.32,0,38.1,61.9,,8.7,47,Infinity,4500,11800,51000,7300,50571000,,19181000,31390000
619.1,-2600,-10704000,91095000,101799000,224284000,2699425.5,2256617,4.8,519.1,155.3,0,,-500,-2125000,4.25,"2023-02-07T14:14:00.000Z",1675779240000,4.25,4.25,4.25,0,100,0,,1,,Infinity,500,500,51500,,2125000,,2125000,
619.1,-2300,-9408000,92391000,101799000,225580000,2699425.5,2256617,2.9,519.1,155.3,Infinity,300,300,1296000,4.32,"2023-02-07T14:16:00.000Z",1675779360000,4.32,4.32,4.32,100,0,0,0.5,,,0,,300,51800,,1296000,1296000,,
619.1,1800,8265000,110064000,101799000,243253000,2699425.5,2256617,39.9,519.1,155.3,Infinity,4100,4100,17673000,4.31,"2023-02-07T14:18:00.000Z",1675779480000,4.32,4.31,4.32,100,0,0,6.6,,,0,,4100,55900,,17673000,17673000,,
619.1,5100,22488000,124287000,101799000,257476000,2699425.5,2256617,32.1,519.1,155.3,Infinity,3300,3300,14223000,4.31,"2023-02-07T14:20:00.000Z",1675779600000,4.31,4.31,4.31,100,0,0,5.3,,,0,,3300,59200,,14223000,14223000,,
619.1,5200,22919000,124718000,101799000,257907000,2699425.5,2256617,1,519.1,155.3,Infinity,100,100,430999.99999999994,4.31,"2023-02-07T14:22:00.000Z",1675779720000,4.31,4.31,4.31,100,0,0,0.2,,,0,,100,59300,,430999.99999999994,430999.99999999994,,
619.1,5400,23781000,125580000,101799000,258769000,2699425.5,2256617,1.9,519.1,155.3,Infinity,200,200,861999.9999999999,4.31,"2023-02-07T14:24:00.000Z",1675779840000,4.31,4.31,4.31,100,0,0,0.3,,,0,,200,59500,,861999.9999999999,861999.9999999999,,
619.1,5000,22092000,126873000,104781000,263044000,2699425.5,2256617,3.8,519.1,155.3,0.4,300,-400,-1689000.0000000002,4.26,"2023-02-07T14:26:00.000Z",1675779960000,4.31,4.26,4.31,30,70,0,0.5,1.3,,2.3,700,1000,60500,,4275000,1292999.9999999998,2982000,
619.1,4900,21666000,126873000,105207000,263470000,2699425.5,2256617,1,519.1,155.3,0,,-100,-426000,4.26,"2023-02-07T14:28:00.000Z",1675780080000,4.26,4.26,4.26,0,100,0,,0.2,,Infinity,100,100,60600,,426000,,426000,
619.1,4700,20812000,126873000,106061000,264324000,2699425.5,2256617,1.9,519.1,155.3,0,,-200,-853999.9999999999,4.27,"2023-02-07T14:44:00.000Z",1675781040000,4.27,4.27,4.27,0,100,0,,0.4,,Infinity,200,200,60800,,853999.9999999999,,853999.9999999999,
