"abu","acum_busd","acum_busd_val","acum_val","asd","auk","bs","bu","bu-sd","bu-sd_val","c","date","datetime","h","l","o","pbu","psd","puk","rbu","rsd","ruk","sb","sd","sum_vol","total_vol","uk","val","val_bu","val_sd","val_uk"
1091.3,-1400,-5306000,5306000,2449.3,0,0,,-1400,-5306000,3.79,"2023-02-07T09:14:00.000Z",1675761240000,3.79,3.79,3.79,0,100,0,,0.6,,Infinity,1400,1400,1400,,5306000,,5306000,
1091.3,-11400,-43209000,43209000,2449.3,0,0,,-10000,-37903000,3.79,"2023-02-07T09:20:00.000Z",1675761600000,3.8,3.79,3.8,0,100,0,,4.1,,Infinity,10000,10000,11400,,37903000,,37903000,
1091.3,-10300,-39040000,47378000,2449.3,0,Infinity,1100,1100,4169000,3.79,"2023-02-07T09:24:00.000Z",1675761840000,3.79,3.79,3.79,100,0,0,1,,,0,,1100,12500,,4169000,4169000,,
1091.3,-10600,-40177000,49273000,2449.3,0,0.3,100,-300,-1137000,3.79,"2023-02-07T09:28:00.000Z",1675762080000,3.79,3.79,3.79,20,80,0,0.1,0.2,,4,400,500,13000,,1895000,379000,1516000,
1091.3,-10400,-39419000,50031000,2449.3,0,Infinity,200,200,758000,3.79,"2023-02-07T09:30:00.000Z",1675762200000,3.79,3.79,3.79,100,0,0,0.2,,,0,,200,13200,,758000,758000,,
1091.3,-10000,-37903000,53821000,2449.3,0,2.3,700,400,1516000,3.79,"2023-02-07T09:34:00.000Z",1675762440000,3.79,3.79,3.79,70,30,0,0.6,0.1,,0.4,300,1000,14200,,3790000,2653000,1137000,
1091.3,-9600,-36386000,56094000,2449.3,0,5,500,400,1517000,3.78,"2023-02-07T09:36:00.000Z",1675762560000,3.79,3.78,3.79,83.3,16.7,0,0.5,0,,0.2,100,600,14800,,2273000,1895000,378000,
1091.3,-5400,-20468000,72012000,2449.3,0,Infinity,4200,4200,15918000,3.79,"2023-02-07T09:38:00.000Z",1675762680000,3.79,3.79,3.79,100,0,0,3.8,,,0,,4200,19000,,15918000,15918000,,
1091.3,-6200,-23500000,75044000,2449.3,0,0,,-800,-3032000,3.79,"2023-02-07T09:40:00.000Z",1675762800000,3.79,3.79,3.79,0,100,0,,0.3,,Infinity,800,800,19800,,3032000,,3032000,
1091.3,-2000,-7582000,90962000,2449.3,0,Infinity,4200,4200,15918000,3.79,"2023-02-07T09:44:00.000Z",1675763040000,3.79,3.79,3.79,100,0,0,3.8,,,0,,4200,24000,,15918000,15918000,,
1091.3,-2100,-7961000,91341000,2449.3,0,0,,-100,-379000,3.79,"2023-02-07T09:46:00.000Z",1675763160000,3.79,3.79,3.79,0,100,0,,0,,Infinity,100,100,24100,,379000,,379000,
1091.3,-4100,-15461000,159641000,2449.3,0,0.8,8000,-2000,-7500000,3.8,"2023-02-07T09:48:00.000Z",1675763280000,3.8,3.79,3.8,44.4,55.6,0,7.3,4.1,,1.3,10000,18000,42100,,68300000,30400000,37900000,
1091.3,-100,-261000,174841000,2449.3,0,Infinity,4000,4000,15200000,3.8,"2023-02-07T09:50:00.000Z",1675763400000,3.8,3.8,3.8,100,0,0,3.7,,,0,,4000,46100,,15200000,15200000,,
1091.3,-400,-1401000,175981000,2449.3,0,0,,-300,-1140000,3.8,"2023-02-07T09:54:00.000Z",1675763640000,3.8,3.8,3.8,0,100,0,,0.1,,Infinity,300,300,46400,,1140000,,1140000,
1091.3,3800,14559000,191941000,2449.3,0,Infinity,4200,4200,15960000,3.8,"2023-02-07T09:56:00.000Z",1675763760000,3.8,3.8,3.8,100,0,0,3.8,,,0,,4200,50600,,15960000,15960000,,
1091.3,3900,14939000,192321000,2449.3,0,Infinity,100,100,380000,3.8,"2023-02-07T10:00:00.000Z",1675764000000,3.8,3.8,3.8,100,0,0,0.1,,,0,,100,50700,,380000,380000,,
1091.3,4400,16839000,194221000,2449.3,0,Infinity,500,500,1900000,3.8,"2023-02-07T10:06:00.000Z",1675764360000,3.8,3.8,3.8,100,0,0,0.5,,,0,,500,51200,,1900000,1900000,,
1091.3,4600,17599000,194981000,2449.3,0,Infinity,200,200,760000,3.8,"2023-02-07T10:08:00.000Z",1675764480000,3.8,3.8,3.8,100,0,0,0.2,,,0,,200,51400,,760000,760000,,
1091.3,-4800,-18027000,230607000,2449.3,0,0,,-9400,-35626000,3.79,"2023-02-07T10:10:00.000Z",1675764600000,3.79,3.79,3.79,0,100,0,,3.8,,Infinity,9400,9400,60800,,35626000,,35626000,
1091.3,-4700,-17648000,230986000,2449.3,0,Infinity,100,100,379000,3.79,"2023-02-07T10:12:00.000Z",1675764720000,3.79,3.79,3.79,100,0,0,0.1,,,0,,100,60900,,379000,379000,,
1091.3,8700,33200000,281834000,2449.3,0,Infinity,13400,13400,50848000,3.83,"2023-02-07T10:14:00.000Z",1675764840000,3.83,3.79,3.79,100,0,0,12.3,,,0,,13400,74300,,50848000,50848000,,
1091.3,9700,37030000,285664000,2449.3,0,Infinity,1000,1000,3830000,3.83,"2023-02-07T10:16:00.000Z",1675764960000,3.83,3.83,3.83,100,0,0,0.9,,,0,,1000,75300,,3830000,3830000,,
1091.3,12300,46998000,295632000,2449.3,0,Infinity,2600,2600,9968000,3.84,"2023-02-07T10:18:00.000Z",1675765080000,3.84,3.83,3.83,100,0,0,2.4,,,0,,2600,77900,,9968000,9968000,,
1091.3,16100,61590000,311760000,2449.3,0,20,4000,3800,14592000,3.84,"2023-02-07T10:20:00.000Z",1675765200000,3.84,3.84,3.84,95.2,4.8,0,3.7,0.1,,0.1,200,4200,82100,,16128000,15360000,768000,
1091.3,16100,61590000,312522000,2449.3,0,1,100,0,0,3.81,"2023-02-07T10:32:00.000Z",1675765920000,3.81,3.81,3.81,50,50,0,0.1,0,,1,100,200,82300,,762000,381000,381000,
1091.3,18100,69210000,320142000,2449.3,0,Infinity,2000,2000,7620000,3.81,"2023-02-07T10:34:00.000Z",1675766040000,3.81,3.81,3.81,100,0,0,1.8,,,0,,2000,84300,,7620000,7620000,,
1091.3,17900,68450000,320902000,2449.3,0,0,,-200,-760000,3.8,"2023-02-07T10:36:00.000Z",1675766160000,3.8,3.8,3.8,0,100,0,,0.1,,Infinity,200,200,84500,,760000,,760000,
1091.3,17700,67690000,321662000,2449.3,0,0,,-200,-760000,3.8,"2023-02-07T10:44:00.000Z",1675766640000,3.8,3.8,3.8,0,100,0,,0.1,,Infinity,200,200,84700,,760000,,760000,
1091.3,18800,71870000,331162000,2449.3,0,2.6,1800,1100,4180000,3.8,"2023-02-07T10:46:00.000Z",1675766760000,3.8,3.8,3.8,72,28,0,1.6,0.3,,0.4,700,2500,87200,,9500000,6840000,2660000,
1091.3,16800,64270000,342562000,2449.3,0,0.2,500,-2000,-7600000,3.8,"2023-02-07T10:48:00.000Z",1675766880000,3.8,3.8,3.8,16.7,83.3,0,0.5,1,,5,2500,3000,90200,,11400000,1900000,9500000,
1091.3,17000,65030000,343322000,2449.3,0,Infinity,200,200,760000,3.8,"2023-02-07T10:52:00.000Z",1675767120000,3.8,3.8,3.8,100,0,0,0.2,,,0,,200,90400,,760000,760000,,
1091.3,13600,52144000,358482000,2449.3,0,0.1,300,-3400,-12886000,3.79,"2023-02-07T10:54:00.000Z",1675767240000,3.79,3.79,3.79,7.5,92.5,0,0.3,1.5,,12.3,3700,4000,94400,,15160000,1137000,14023000,
1091.3,13500,51765000,358861000,2449.3,0,0,,-100,-379000,3.79,"2023-02-07T10:58:00.000Z",1675767480000,3.79,3.79,3.79,0,100,0,,0,,Infinity,100,100,94500,,379000,,379000,
1091.3,4000,15760000,396382000,2449.3,0,0,200,-9500,-36005000,3.79,"2023-02-07T11:00:00.000Z",1675767600000,3.79,3.79,3.79,2,98,0,0.2,4,,48.5,9700,9900,104400,,37521000,758000,36763000,
1091.3,-200,-158000,416848000,2449.3,0,0.1,600,-4200,-15918000,3.79,"2023-02-07T11:02:00.000Z",1675767720000,3.79,3.79,3.79,11.1,88.9,0,0.5,2,,8,4800,5400,109800,,20466000,2274000,18192000,
1091.3,800,3642000,420648000,2449.3,0,Infinity,1000,1000,3800000,3.8,"2023-02-07T11:12:00.000Z",1675768320000,3.8,3.8,3.8,100,0,0,0.9,,,0,,1000,110800,,3800000,3800000,,
1091.3,1000,4400000,421406000,2449.3,0,Infinity,200,200,758000,3.79,"2023-02-07T11:18:00.000Z",1675768680000,3.79,3.79,3.79,100,0,0,0.2,,,0,,200,111000,,758000,758000,,
1091.3,-2400,-8452000,434258000,2449.3,0,0,,-3400,-12852000,3.78,"2023-02-07T11:24:00.000Z",1675769040000,3.78,3.78,3.78,0,100,0,,1.4,,Infinity,3400,3400,114400,,12852000,,12852000,
1091.3,-2100,-7318000,435392000,2449.3,0,Infinity,300,300,1134000,3.78,"2023-02-07T11:28:00.000Z",1675769280000,3.78,3.78,3.78,100,0,0,0.3,,,0,,300,114700,,1134000,1134000,,
1091.3,-1400,-4666000,442544000,2449.3,0,2.2,1300,700,2652000,3.78,"2023-02-07T13:00:00.000Z",1675774800000,3.78,3.75,3.78,68.4,31.6,0,1.2,0.2,,0.5,600,1900,116600,,7152000,4902000,2250000,
1091.3,-1100,-3532000,443678000,2449.3,0,Infinity,300,300,1134000,3.78,"2023-02-07T13:06:00.000Z",1675775160000,3.78,3.78,3.78,100,0,0,0.3,,,0,,300,116900,,1134000,1134000,,
1091.3,-100,248000,447458000,2449.3,0,Infinity,1000,1000,3780000,3.78,"2023-02-07T13:08:00.000Z",1675775280000,3.78,3.78,3.78,100,0,0,0.9,,,0,,1000,117900,,3780000,3780000,,
1091.3,-2700,-9497000,460227000,2449.3,0,0.1,400,-2600,-9745000,3.75,"2023-02-07T13:20:00.000Z",1675776000000,3.78,3.75,3.78,11.8,88.2,0,0.4,1.2,,7.5,3000,3400,121300,,12769000,1512000,11257000,
1091.3,-3500,-12489000,463219000,2449.3,0,0,,-800,-2992000,3.74,"2023-02-07T13:22:00.000Z",1675776120000,3.74,3.74,3.74,0,100,0,,0.3,,Infinity,800,800,122100,,2992000,,2992000,
1091.3,-20400,-75864000,526594000,2449.3,0,0,,-16900,-63375000,3.75,"2023-02-07T13:28:00.000Z",1675776480000,3.75,3.75,3.75,0,100,0,,6.9,,Infinity,16900,16900,139000,,63375000,,63375000,
1091.3,-34400,-128263000,578993000,2449.3,0,0,,-14000,-52399000,3.74,"2023-02-07T13:30:00.000Z",1675776600000,3.75,3.74,3.75,0,100,0,,5.7,,Infinity,14000,14000,153000,,52399000,,52399000,
1091.3,-34500,-128638000,579368000,2449.3,0,0,,-100,-375000,3.75,"2023-02-07T13:34:00.000Z",1675776840000,3.75,3.75,3.75,0,100,0,,0,,Infinity,100,100,153100,,375000,,375000,
1091.3,-35000,-130513000,581243000,2449.3,0,0,,-500,-1875000,3.75,"2023-02-07T13:36:00.000Z",1675776960000,3.75,3.75,3.75,0,100,0,,0.2,,Infinity,500,500,153600,,1875000,,1875000,
1091.3,-37400,-139513000,590243000,2449.3,0,0,,-2400,-9000000,3.75,"2023-02-07T13:38:00.000Z",1675777080000,3.75,3.75,3.75,0,100,0,,1,,Infinity,2400,2400,156000,,9000000,,9000000,
1091.3,-38500,-143638000,594368000,2449.3,0,0,,-1100,-4125000,3.75,"2023-02-07T13:40:00.000Z",1675777200000,3.75,3.75,3.75,0,100,0,,0.4,,Infinity,1100,1100,157100,,4125000,,4125000,
1091.3,-46800,-174680000,625410000,2449.3,0,0,,-8300,-31042000,3.74,"2023-02-07T13:42:00.000Z",1675777320000,3.74,3.74,3.74,0,100,0,,3.4,,Infinity,8300,8300,165400,,31042000,,31042000,
1091.3,-48600,-181394000,632124000,2449.3,0,0,,-1800,-6714000,3.73,"2023-02-07T13:44:00.000Z",1675777440000,3.73,3.73,3.73,0,100,0,,0.7,,Infinity,1800,1800,167200,,6714000,,6714000,
1091.3,-49700,-185497000,636227000,2449.3,0,0,,-1100,-4103000,3.73,"2023-02-07T13:46:00.000Z",1675777560000,3.73,3.73,3.73,0,100,0,,0.4,,Infinity,1100,1100,168300,,4103000,,4103000,
1091.3,-54700,-204197000,654927000,2449.3,0,0,,-5000,-18700000,3.74,"2023-02-07T13:50:00.000Z",1675777800000,3.74,3.74,3.74,0,100,0,,2,,Infinity,5000,5000,173300,,18700000,,18700000,
1091.3,-65600,-244691000,696161000,2449.3,0,0,100,-10900,-40494000,3.7,"2023-02-07T13:52:00.000Z",1675777920000,3.73,3.7,3.73,0.9,99.1,0,0.1,4.5,,110,11000,11100,184400,,41234000,370000,40864000,
1091.3,-65900,-245801000,697271000,2449.3,0,0,,-300,-1110000,3.7,"2023-02-07T13:56:00.000Z",1675778160000,3.7,3.7,3.7,0,100,0,,0.1,,Infinity,300,300,184700,,1110000,,1110000,
1091.3,-65700,-245054000,698018000,2449.3,0,Infinity,200,200,747000,3.74,"2023-02-07T14:00:00.000Z",1675778400000,3.74,3.73,3.73,100,0,0,0.2,,,0,,200,184900,,747000,747000,,
1091.3,-66400,-247771000,717283000,2449.3,0,0.8,2200,-700,-2717000,3.79,"2023-02-07T14:02:00.000Z",1675778520000,3.79,3.74,3.76,43.1,56.9,0,2,1.2,,1.3,2900,5100,190000,,19265000,8274000,10991000,
1091.3,-65300,-243602000,721452000,2449.3,0,Infinity,1100,1100,4169000,3.79,"2023-02-07T14:04:00.000Z",1675778640000,3.79,3.79,3.79,100,0,0,1,,,0,,1100,191100,,4169000,4169000,,
1091.3,-66000,-246206000,724056000,2449.3,0,0,,-700,-2604000,3.72,"2023-02-07T14:10:00.000Z",1675779000000,3.72,3.72,3.72,0,100,0,,0.3,,Infinity,700,700,191800,,2604000,,2604000,
1091.3,-80600,-300298000,778148000,2449.3,0,0,,-14600,-54092000,3.7,"2023-02-07T14:12:00.000Z",1675779120000,3.72,3.7,3.72,0,100,0,,6,,Infinity,14600,14600,206400,,54092000,,54092000,
1091.3,-78900,-294008000,784438000,2449.3,0,Infinity,1700,1700,6290000,3.7,"2023-02-07T14:14:00.000Z",1675779240000,3.7,3.7,3.7,100,0,0,1.6,,,0,,1700,208100,,6290000,6290000,,
1091.3,-78400,-292158000,787028000,2449.3,0,6,600,500,1850000,3.7,"2023-02-07T14:16:00.000Z",1675779360000,3.7,3.7,3.7,85.7,14.3,0,0.5,0,,0.2,100,700,208800,,2590000,2220000,370000,
1091.3,-77600,-289197000,790727000,2449.3,0,9,900,800,2961000,3.7,"2023-02-07T14:18:00.000Z",1675779480000,3.7,3.69,3.69,90,10,0,0.8,0,,0.1,100,1000,209800,,3699000,3330000,369000,
1091.3,-71300,-265502000,821822000,2449.3,0,7.3,7300,6300,23695000,3.78,"2023-02-07T14:20:00.000Z",1675779600000,3.78,3.7,3.7,88,12,0,6.7,0.4,,0.1,1000,8300,218100,,31095000,27395000,3700000,
1091.3,-71300,-265502000,829402000,2449.3,0,1,1000,0,0,3.79,"2023-02-07T14:22:00.000Z",1675779720000,3.79,3.79,3.79,50,50,0,0.9,0.4,,1,1000,2000,220100,,7580000,3790000,3790000,
1091.3,-71800,-267352000,831252000,2449.3,0,0,,-500,-1850000,3.7,"2023-02-07T14:24:00.000Z",1675779840000,3.7,3.7,3.7,0,100,0,,0.2,,Infinity,500,500,220600,,1850000,,1850000,
1091.3,-75500,-281042000,851602000,2449.3,0,0.2,900,-3700,-13690000,3.7,"2023-02-07T14:28:00.000Z",1675780080000,3.7,3.7,3.7,16.4,83.6,0,0.8,1.9,,5.1,4600,5500,226100,,20350000,3330000,17020000,
1091.3,-93700,-347472000,918032000,2449.3,0,0,,-18200,-66430000,3.65,"2023-02-07T14:44:00.000Z",1675781040000,3.65,3.65,3.65,0,100,0,,7.4,,Infinity,18200,18200,244300,,66430000,,66430000,
