"abu","acum_busd","acum_busd_val","acum_val_bu","acum_val_sd","acum_val","avg_val_bu","avg_val_sd","rbusd","asd","auk","bs","bu","bu-sd","bu-sd_val","c","date","datetime","h","l","o","pbu","psd","puk","rbu","rsd","ruk","sb","sd","sum_vol","total_vol","uk","val","val_bu","val_sd","val_uk"
3765.3,5900,161275000,235815000,74540000,346215000,110231306.1,16227210.2,1.7,700,53.1,3.4,8400,5900,161275000,29.7,"2023-02-07T09:00:00.000Z",1675760400000,30,29.5,29.5,69.4,20.7,9.9,2.2,3.6,22.6,0.3,2500,12100,12100,1200,346215000,235815000,74540000,35860000
3765.3,9800,277405000,351945000,74540000,465325000,110231306.1,16227210.2,1.2,700,53.1,Infinity,3900,3900,116130000,29.7,"2023-02-07T09:05:00.000Z",1675760700000,29.8,29.7,29.8,97.5,0,2.5,1,,1.9,0,,4000,16100,100,119110000,116130000,,2980000
3765.3,29700,868435000,942975000,74540000,1056355000,110231306.1,16227210.2,6.3,700,53.1,Infinity,19900,19900,591030000,29.7,"2023-02-07T09:10:00.000Z",1675761000000,29.7,29.7,29.7,100,0,0,5.3,,,0,,19900,36000,,591030000,591030000,,
3765.3,35700,1046645000,1130085000,83440000,1252365000,110231306.1,16227210.2,1.9,700,53.1,21,6300,6000,178210000,29.7,"2023-02-07T09:15:00.000Z",1675761300000,29.7,29.6,29.7,95.5,4.5,0,1.7,0.4,,0,300,6600,42600,,196010000,187110000,8900000,
3765.3,36000,1055555000,1138995000,83440000,1261275000,110231306.1,16227210.2,0.1,700,53.1,Infinity,300,300,8910000,29.7,"2023-02-07T09:20:00.000Z",1675761600000,29.7,29.7,29.7,100,0,0,0.1,,,0,,300,42900,,8910000,8910000,,
3765.3,36200,1061505000,1147905000,86400000,1273145000,110231306.1,16227210.2,0.1,700,53.1,3,300,200,5950000,29.6,"2023-02-07T09:25:00.000Z",1675761900000,29.7,29.6,29.7,75,25,0,0.1,0.1,,0.3,100,400,43300,,11870000,8910000,2960000,
3765.3,36500,1070415000,1156815000,86400000,1282055000,110231306.1,16227210.2,0.1,700,53.1,Infinity,300,300,8910000,29.7,"2023-02-07T09:30:00.000Z",1675762200000,29.7,29.7,29.7,100,0,0,0.1,,,0,,300,43600,,8910000,8910000,,
3765.3,36800,1079325000,1165725000,86400000,1290965000,110231306.1,16227210.2,0.1,700,53.1,Infinity,300,300,8910000,29.7,"2023-02-07T09:35:00.000Z",1675762500000,29.7,29.7,29.7,100,0,0,0.1,,,0,,300,43900,,8910000,8910000,,
3765.3,37600,1103085000,1189485000,86400000,1314725000,110231306.1,16227210.2,0.3,700,53.1,Infinity,800,800,23760000,29.7,"2023-02-07T09:40:00.000Z",1675762800000,29.7,29.7,29.7,100,0,0,0.2,,,0,,800,44700,,23760000,23760000,,
3765.3,38900,1141695000,1228095000,86400000,1353335000,110231306.1,16227210.2,0.4,700,53.1,Infinity,1300,1300,38610000,29.7,"2023-02-07T09:45:00.000Z",1675763100000,29.7,29.7,29.7,100,0,0,0.3,,,0,,1300,46000,,38610000,38610000,,
3765.3,39400,1156545000,1242945000,86400000,1368185000,110231306.1,16227210.2,0.2,700,53.1,Infinity,500,500,14850000,29.7,"2023-02-07T09:50:00.000Z",1675763400000,29.7,29.7,29.7,100,0,0,0.1,,,0,,500,46500,,14850000,14850000,,
3765.3,40300,1183275000,1269675000,86400000,1394915000,110231306.1,16227210.2,0.3,700,53.1,Infinity,900,900,26730000,29.7,"2023-02-07T09:55:00.000Z",1675763700000,29.7,29.7,29.7,100,0,0,0.2,,,0,,900,47400,,26730000,26730000,,
3765.3,40900,1201095000,1287495000,86400000,1412735000,110231306.1,16227210.2,0.2,700,53.1,Infinity,600,600,17820000,29.7,"2023-02-07T10:00:00.000Z",1675764000000,29.7,29.7,29.7,100,0,0,0.2,,,0,,600,48000,,17820000,17820000,,
3765.3,39700,1165755000,1296405000,130650000,1465895000,110231306.1,16227210.2,-0.4,700,53.1,0.2,300,-1200,-35340000,29.7,"2023-02-07T10:05:00.000Z",1675764300000,29.7,29.5,29.7,16.7,83.3,0,0.1,2.1,,5,1500,1800,49800,,53160000,8910000,44250000,
3765.3,40000,1174665000,1305315000,130650000,1474805000,110231306.1,16227210.2,0.1,700,53.1,Infinity,300,300,8910000,29.7,"2023-02-07T10:10:00.000Z",1675764600000,29.7,29.7,29.7,100,0,0,0.1,,,0,,300,50100,,8910000,8910000,,
3765.3,40600,1192485000,1323135000,130650000,1492625000,110231306.1,16227210.2,0.2,700,53.1,Infinity,600,600,17820000,29.7,"2023-02-07T10:15:00.000Z",1675764900000,29.7,29.7,29.7,100,0,0,0.2,,,0,,600,50700,,17820000,17820000,,
3765.3,53400,1572645000,1703295000,130650000,1872785000,110231306.1,16227210.2,4,700,53.1,Infinity,12800,12800,380160000,29.7,"2023-02-07T10:20:00.000Z",1675765200000,29.7,29.7,29.7,100,0,0,3.4,,,0,,12800,63500,,380160000,380160000,,
3765.3,61700,1819155000,1961685000,142530000,2143055000,110231306.1,16227210.2,2.6,700,53.1,21.8,8700,8300,246510000,29.7,"2023-02-07T10:25:00.000Z",1675765500000,29.7,29.7,29.7,95.6,4.4,0,2.3,0.6,,0,400,9100,72600,,270270000,258390000,11880000,
3765.3,62400,1839945000,1982475000,142530000,2166805000,110231306.1,16227210.2,0.2,700,53.1,Infinity,700,700,20790000,29.7,"2023-02-07T10:30:00.000Z",1675765800000,29.7,29.6,29.7,87.5,0,12.5,0.2,,1.9,0,,800,73400,100,23750000,20790000,,2960000
3765.3,64400,1899345000,2041875000,142530000,2226205000,110231306.1,16227210.2,0.6,700,53.1,Infinity,2000,2000,59400000,29.7,"2023-02-07T10:35:00.000Z",1675766100000,29.7,29.7,29.7,100,0,0,0.5,,,0,,2000,75400,,59400000,59400000,,
3765.3,73000,2154765000,2297295000,142530000,2490535000,110231306.1,16227210.2,2.7,700,53.1,Infinity,8600,8600,255420000,29.7,"2023-02-07T10:40:00.000Z",1675766400000,29.7,29.7,29.7,96.6,0,3.4,2.3,,5.6,0,,8900,84300,300,264330000,255420000,,8910000
3765.3,73100,2157735000,2300265000,142530000,2493505000,110231306.1,16227210.2,0,700,53.1,Infinity,100,100,2970000,29.7,"2023-02-07T10:45:00.000Z",1675766700000,29.7,29.7,29.7,100,0,0,0,,,0,,100,84400,,2970000,2970000,,
3765.3,87200,2575125000,2747255000,172130000,2970095000,110231306.1,16227210.2,4.4,700,53.1,15.1,15100,14100,417390000,29.7,"2023-02-07T10:50:00.000Z",1675767000000,29.7,29.6,29.6,93.8,6.2,0,4,1.4,,0.1,1000,16100,100500,,476590000,446990000,29600000,
3765.3,85600,2528105000,2773985000,245880000,3070575000,110231306.1,16227210.2,-0.5,700,53.1,0.4,900,-1600,-47020000,29.7,"2023-02-07T10:55:00.000Z",1675767300000,29.7,29.5,29.7,26.5,73.5,0,0.2,3.6,,2.8,2500,3400,103900,,100480000,26730000,73750000,
3765.3,83600,2469705000,2863085000,393380000,3307175000,110231306.1,16227210.2,-0.6,700,53.1,0.6,3000,-2000,-58400000,29.7,"2023-02-07T11:00:00.000Z",1675767600000,29.7,29.5,29.7,37.5,62.5,0,0.8,7.1,,1.7,5000,8000,111900,,236600000,89100000,147500000,
3765.3,81900,2419795000,2898725000,478930000,3428365000,110231306.1,16227210.2,-0.5,700,53.1,0.4,1200,-1700,-49910000,29.7,"2023-02-07T11:05:00.000Z",1675767900000,29.7,29.5,29.7,29.3,70.7,0,0.3,4.1,,2.4,2900,4100,116000,,121190000,35640000,85550000,
3765.3,82200,2428705000,2907635000,478930000,3437275000,110231306.1,16227210.2,0.1,700,53.1,Infinity,300,300,8910000,29.7,"2023-02-07T11:10:00.000Z",1675768200000,29.7,29.7,29.7,100,0,0,0.1,,,0,,300,116300,,8910000,8910000,,
3765.3,82300,2431875000,2940305000,508430000,3499445000,110231306.1,16227210.2,0,700,53.1,1.1,1100,100,3170000,29.7,"2023-02-07T11:15:00.000Z",1675768500000,29.7,29.5,29.7,52.4,47.6,0,0.3,1.4,,0.9,1000,2100,118400,,62170000,32670000,29500000,
3765.3,82600,2440785000,2949215000,508430000,3508355000,110231306.1,16227210.2,0.1,700,53.1,Infinity,300,300,8910000,29.7,"2023-02-07T11:20:00.000Z",1675768800000,29.7,29.7,29.7,100,0,0,0.1,,,0,,300,118700,,8910000,8910000,,
3765.3,83100,2455675000,2975945000,520270000,3546925000,110231306.1,16227210.2,0.2,700,53.1,2.3,900,500,14890000,29.7,"2023-02-07T11:25:00.000Z",1675769100000,29.7,29.6,29.6,69.2,30.8,0,0.2,0.6,,0.4,400,1300,120000,,38570000,26730000,11840000,
3765.3,113600,3361525000,3881795000,520270000,4452775000,110231306.1,16227210.2,9.6,700,53.1,Infinity,30500,30500,905850000,29.7,"2023-02-07T13:00:00.000Z",1675774800000,29.7,29.7,29.7,100,0,0,8.1,,,0,,30500,150500,,905850000,905850000,,
3765.3,114300,3382315000,3902585000,520270000,4473565000,110231306.1,16227210.2,0.2,700,53.1,Infinity,700,700,20790000,29.7,"2023-02-07T13:05:00.000Z",1675775100000,29.7,29.7,29.7,100,0,0,0.2,,,0,,700,151200,,20790000,20790000,,
3765.3,116000,3432475000,3952745000,520270000,4526685000,110231306.1,16227210.2,0.5,700,53.1,Infinity,1700,1700,50160000,29.4,"2023-02-07T13:10:00.000Z",1675775400000,29.7,29.4,29.6,94.4,0,5.6,0.5,,1.9,0,,1800,153000,100,53120000,50160000,,2960000
3765.3,116400,3444235000,3964505000,520270000,4538445000,110231306.1,16227210.2,0.1,700,53.1,Infinity,400,400,11760000,29.4,"2023-02-07T13:15:00.000Z",1675775700000,29.4,29.4,29.4,100,0,0,0.1,,,0,,400,153400,,11760000,11760000,,
3765.3,129300,3823495000,4343765000,520270000,4917705000,110231306.1,16227210.2,4,700,53.1,Infinity,12900,12900,379260000,29.4,"2023-02-07T13:20:00.000Z",1675776000000,29.4,29.4,29.4,100,0,0,3.4,,,0,,12900,166300,,379260000,379260000,,
3765.3,132200,3908765000,4431965000,523200000,5008835000,110231306.1,16227210.2,0.9,700,53.1,30,3000,2900,85270000,29.3,"2023-02-07T13:25:00.000Z",1675776300000,29.4,29.3,29.4,96.8,3.2,0,0.8,0.1,,0,100,3100,169400,,91130000,88200000,2930000,
3765.3,132900,3929345000,4452545000,523200000,5029415000,110231306.1,16227210.2,0.2,700,53.1,Infinity,700,700,20580000,29.4,"2023-02-07T13:30:00.000Z",1675776600000,29.4,29.4,29.4,100,0,0,0.2,,,0,,700,170100,,20580000,20580000,,
3765.3,132700,3923545000,4461365000,537820000,5052855000,110231306.1,16227210.2,-0.1,700,53.1,0.6,300,-200,-5800000,29.2,"2023-02-07T13:35:00.000Z",1675776900000,29.4,29.2,29.4,37.5,62.5,0,0.1,0.7,,1.7,500,800,170900,,23440000,8820000,14620000,
3765.3,133100,3935255000,4484715000,549460000,5087845000,110231306.1,16227210.2,0.1,700,53.1,2,800,400,11710000,29.2,"2023-02-07T13:40:00.000Z",1675777200000,29.2,29.1,29.2,66.7,33.3,0,0.2,0.6,,0.5,400,1200,172100,,34990000,23350000,11640000,
3765.3,133600,3935269500,4484729500,549460000,5087859500,110231306.1,16227210.2,0,700,53.1,Infinity,500,500,14500,29,"2023-02-07T13:45:00.000Z",1675777500000,29,29,29,100,0,0,0.1,,,0,,500,172600,,14500,14500,,
3765.3,133300,3923712400,4484732400,561020000,5099422400,110231306.1,16227210.2,-0.1,700,53.1,0.3,100,-300,-11557100,28.9,"2023-02-07T13:50:00.000Z",1675777800000,29,28.9,29,20,80,0,0,0.6,,4,400,500,173100,,11562900,2900,11560000,
3765.3,126500,3886548400,4538922400,652374000,5244966400,110231306.1,16227210.2,-0.4,700,53.1,0.2,1900,-6800,-37164000,28.9,"2023-02-07T13:55:00.000Z",1675778100000,28.9,28,28.5,17.9,82.1,0,0.5,12.4,,4.6,8700,10600,183700,,145544000,54190000,91354000,
3765.3,151700,4609401300,5281975300,672574000,6008219300,110231306.1,16227210.2,7.7,700,53.1,37,25900,25200,722852900,29,"2023-02-07T14:00:00.000Z",1675778400000,29,28.8,28.9,97.4,2.6,0,6.9,1,,0,700,26600,210300,,763252900,743052900,20200000,
3765.3,149000,4568443600,5290775300,722331700,6066777000,110231306.1,16227210.2,-0.4,700,53.1,0.1,300,-2700,-40957700,29.4,"2023-02-07T14:05:00.000Z",1675778700000,29.4,29,29,9.1,90.9,0,0.1,4.3,,10,3000,3300,213600,,58557700,8800000,49757700,
3765.3,149200,4574403600,5334955300,760551700,6172697000,110231306.1,16227210.2,0.1,700,53.1,1.2,1500,200,5960000,29.3,"2023-02-07T14:10:00.000Z",1675779000000,29.5,29.3,29.4,41.7,36.1,22.2,0.4,1.9,15.1,0.9,1300,3600,217200,800,105920000,44180000,38220000,23520000
3765.3,148300,4542759400,5337884000,795124600,6210198600,110231306.1,16227210.2,-0.3,700,53.1,0.3,400,-900,-31644200,28.8,"2023-02-07T14:15:00.000Z",1675779300000,29.2,28.8,29.2,23.5,76.5,0,0.1,1.9,,3.3,1300,1700,218900,,37501600,2928700,34572900,
3765.3,150100,4594479400,5389604000,795124600,6261918600,110231306.1,16227210.2,0.6,700,53.1,Infinity,1800,1800,51720000,28.7,"2023-02-07T14:20:00.000Z",1675779600000,28.8,28.7,28.8,100,0,0,0.5,,,0,,1800,220700,,51720000,51720000,,
3765.3,150100,4603270700,5398404000,795133300,6270727300,110231306.1,16227210.2,0.1,700,53.1,1,300,0,8791300,29.4,"2023-02-07T14:25:00.000Z",1675779900000,29.4,29,29,50,50,0,0.1,0.4,,1,300,600,221300,,8808700,8800000,8700,
3765.3,150200,4606200700,5401334000,795133300,6273657300,110231306.1,16227210.2,0,700,53.1,Infinity,100,100,2930000,29.3,"2023-02-07T14:45:00.000Z",1675781100000,29.3,29.3,29.3,100,0,0,0,,,0,,100,221400,,2930000,2930000,,
