"abu","acum_busd","acum_busd_val","acum_val_bu","acum_val_sd","acum_val","avg_val_bu","avg_val_sd","rbusd","asd","auk","bs","bu","bu-sd","bu-sd_val","c","date","datetime","h","l","o","pbu","psd","puk","rbu","rsd","ruk","sb","sd","sum_vol","total_vol","uk","val","val_bu","val_sd","val_uk"
152578.3,80800,1780075000,3566435000,1786360000,5357165000,3349080000,3132493913,8.2,143545.7,19587,2,162600,80800,1780075000,21850,"2023-02-21T09:15:00.000Z",1676970900000,21950,21800,21950,66.5,33.4,0.1,1.1,0.6,0,0.5,81800,244600,244600,200,5357165000,3566435000,1786360000,4370000
152578.3,75600,1666970000,4566405000,2899435000,7470210000,3349080000,3132493913,-0.5,143545.7,19587,0.9,45900,-5200,-113105000,21800,"2023-02-21T09:20:00.000Z",1676971200000,21850,21700,21800,47.3,52.7,0,0.3,0.4,,1.1,51100,97000,341600,,2113045000,999970000,1113075000,
152578.3,65800,1454880000,5406920000,3952040000,9363330000,3349080000,3132493913,-1,143545.7,19587,0.8,38600,-9800,-212090000,21750,"2023-02-21T09:25:00.000Z",1676971500000,21800,21700,21800,44.4,55.6,0,0.3,0.3,,1.3,48400,87000,428600,,1893120000,840515000,1052605000,
152578.3,-179000,-3844110000,6292350000,10136460000,16433180000,3349080000,3132493913,-24.5,143545.7,19587,0.1,40900,-244800,-5298990000,21550,"2023-02-21T09:30:00.000Z",1676971800000,21800,21550,21700,12.5,87.5,0,0.3,2,,7,285700,326600,755200,,7069850000,885430000,6184420000,
152578.3,-170000,-3644600000,9901530000,13546130000,23452030000,3349080000,3132493913,0.9,143545.7,19587,1.1,167500,9000,199510000,21650,"2023-02-21T09:35:00.000Z",1676972100000,21650,21450,21550,51.4,48.6,0,1.1,1.1,,0.9,158500,326000,1081200,,7018850000,3609180000,3409670000,
152578.3,-100300,-2130930000,12342390000,14473320000,26820080000,3349080000,3132493913,7,143545.7,19587,2.6,112500,69700,1513670000,21650,"2023-02-21T09:40:00.000Z",1676972400000,21750,21650,21650,72.4,27.6,0,0.7,0.3,,0.4,42800,155300,1236500,,3368050000,2440860000,927190000,
152578.3,-198600,-4257405000,12615100000,16872505000,29491975000,3349080000,3132493913,-9.8,143545.7,19587,0.1,12600,-98300,-2126475000,21600,"2023-02-21T09:45:00.000Z",1676972700000,21700,21600,21650,10.2,89.8,0,0.1,0.8,,8.8,110900,123500,1360000,,2671895000,272710000,2399185000,
152578.3,-210200,-4507540000,13093405000,17600945000,30703050000,3349080000,3132493913,-1.2,143545.7,19587,0.7,22100,-11600,-250135000,21600,"2023-02-21T09:50:00.000Z",1676973000000,21650,21600,21600,39.5,60.2,0.4,0.1,0.2,0,1.5,33700,56000,1416000,200,1211075000,478305000,728440000,4330000
152578.3,-296000,-6357120000,13606510000,19963630000,33578840000,3349080000,3132493913,-8.5,143545.7,19587,0.2,23700,-85800,-1849580000,21550,"2023-02-21T09:55:00.000Z",1676973300000,21650,21550,21650,17.8,82.2,0,0.2,0.8,,4.6,109500,133200,1549200,,2875790000,513105000,2362685000,
152578.3,-278900,-5986545000,14997675000,20984220000,35990595000,3349080000,3132493913,1.7,143545.7,19587,1.4,64400,17100,370575000,21550,"2023-02-21T10:00:00.000Z",1676973600000,21650,21550,21550,57.7,42.3,0,0.4,0.3,,0.7,47300,111700,1660900,,2411755000,1391165000,1020590000,
152578.3,-352200,-7565770000,15189860000,22755630000,37954190000,3349080000,3132493913,-7.3,143545.7,19587,0.1,8900,-73300,-1579225000,21550,"2023-02-21T10:05:00.000Z",1676973900000,21600,21550,21600,9.8,90.2,0,0.1,0.6,,9.2,82200,91100,1752000,,1963595000,192185000,1771410000,
152578.3,-528700,-11360045000,16389180000,27749225000,44147105000,3349080000,3132493913,-17.5,143545.7,19587,0.2,55700,-176500,-3794275000,21500,"2023-02-21T10:10:00.000Z",1676974200000,21550,21500,21550,19.3,80.7,0,0.4,1.6,,4.2,232200,287900,2039900,,6192915000,1199320000,4993595000,
152578.3,-561500,-12064390000,17776320000,29840710000,47625730000,3349080000,3132493913,-3.3,143545.7,19587,0.7,64500,-32800,-704345000,21500,"2023-02-21T10:15:00.000Z",1676974500000,21550,21450,21500,39.9,60.1,0,0.4,0.7,,1.5,97300,161800,2201700,,3478625000,1387140000,2091485000,
152578.3,-510500,-10962315000,20037250000,30999565000,51045515000,3349080000,3132493913,5.1,143545.7,19587,1.9,104900,51000,1102075000,21600,"2023-02-21T10:20:00.000Z",1676974800000,21600,21500,21500,66.1,33.9,0,0.7,0.4,,0.5,53900,158800,2360500,,3419785000,2260930000,1158855000,
152578.3,-495500,-10638220000,20402290000,31040510000,51451500000,3349080000,3132493913,1.5,143545.7,19587,8.9,16900,15000,324095000,21550,"2023-02-21T10:25:00.000Z",1676975100000,21600,21550,21600,89.9,10.1,0,0.1,0,,0.1,1900,18800,2379300,,405985000,365040000,40945000,
152578.3,-491700,-10555940000,21171250000,31727190000,52907140000,3349080000,3132493913,0.4,143545.7,19587,1.1,35600,3800,82280000,21600,"2023-02-21T10:30:00.000Z",1676975400000,21600,21550,21550,52.8,47.2,0,0.2,0.2,,0.9,31800,67400,2446700,,1455640000,768960000,686680000,
152578.3,-569600,-12237855000,21415455000,33653310000,55077465000,3349080000,3132493913,-7.8,143545.7,19587,0.1,11300,-77900,-1681915000,21550,"2023-02-21T10:35:00.000Z",1676975700000,21650,21550,21600,11.2,88.8,0,0.1,0.6,,7.9,89200,100500,2547200,,2170325000,244205000,1926120000,
152578.3,-663900,-14267065000,21443470000,35710535000,57162705000,3349080000,3132493913,-9.4,143545.7,19587,0,1300,-94300,-2029210000,21550,"2023-02-21T10:40:00.000Z",1676976000000,21550,21500,21550,1.3,98.7,0,0,0.7,,73.5,95600,96900,2644100,,2085240000,28015000,2057225000,
152578.3,-718400,-15437825000,22168735000,37606560000,59783995000,3349080000,3132493913,-5.4,143545.7,19587,0.4,33700,-54500,-1170760000,21550,"2023-02-21T10:45:00.000Z",1676976300000,21550,21450,21550,27.6,72.4,0,0.2,0.6,,2.6,88200,121900,2766000,,2621290000,725265000,1896025000,
152578.3,-718300,-15433885000,23265680000,38699565000,61973945000,3349080000,3132493913,0,143545.7,19587,1,50900,100,3940000,21500,"2023-02-21T10:50:00.000Z",1676976600000,21600,21500,21550,50,50,0,0.3,0.4,,1,50800,101700,2867700,,2189950000,1096945000,1093005000,
152578.3,-783300,-16831325000,23291515000,40122840000,63423055000,3349080000,3132493913,-6.5,143545.7,19587,0,1200,-65000,-1397440000,21450,"2023-02-21T10:55:00.000Z",1676976900000,21550,21450,21550,1.8,98.2,0,0,0.5,,55.2,66200,67400,2935100,,1449110000,25835000,1423275000,
152578.3,-976800,-20974485000,24865735000,45840220000,70714655000,3349080000,3132493913,-19.1,143545.7,19587,0.3,73400,-193500,-4143160000,21400,"2023-02-21T11:00:00.000Z",1676977200000,21500,21350,21450,21.6,78.4,0,0.5,1.9,,3.6,266900,340300,3275400,,7291600000,1574220000,5717380000,
152578.3,-980300,-21048855000,26140950000,47189805000,73339455000,3349080000,3132493913,-0.3,143545.7,19587,0.9,59500,-3500,-74370000,21500,"2023-02-21T11:05:00.000Z",1676977500000,21500,21400,21400,48.6,51.4,0,0.4,0.4,,1.1,63000,122500,3397900,,2624800000,1275215000,1349585000,
152578.3,-979600,-21033160000,26433350000,47466510000,73908560000,3349080000,3132493913,0.1,143545.7,19587,1.1,13600,700,15695000,21500,"2023-02-21T11:10:00.000Z",1676977800000,21500,21450,21500,51.3,48.7,0,0.1,0.1,,0.9,12900,26500,3424400,,569105000,292400000,276705000,
152578.3,-1100500,-23622675000,26716600000,50339275000,77064575000,3349080000,3132493913,-12,143545.7,19587,0.1,13200,-120900,-2589515000,21400,"2023-02-21T11:15:00.000Z",1676978100000,21500,21400,21450,9,91,0,0.1,0.9,,10.2,134100,147300,3571700,,3156015000,283250000,2872765000,
152578.3,-1185800,-25441665000,27852510000,53294175000,81155385000,3349080000,3132493913,-8.4,143545.7,19587,0.4,53100,-85300,-1818990000,21300,"2023-02-21T11:20:00.000Z",1676978400000,21450,21300,21400,27.7,72.3,0,0.3,1,,2.6,138400,191500,3763200,,4090810000,1135910000,2954900000,
152578.3,-1166200,-25022755000,29940705000,54963460000,84912865000,3349080000,3132493913,1.9,143545.7,19587,1.3,97800,19600,418910000,21350,"2023-02-21T11:25:00.000Z",1676978700000,21400,21300,21350,55.6,44.4,0,0.6,0.5,,0.8,78200,176000,3939200,,3757480000,2088195000,1669285000,
152578.3,-1315800,-28206180000,32038595000,60244775000,92292070000,3349080000,3132493913,-14.7,143545.7,19587,0.4,98300,-149600,-3183425000,21350,"2023-02-21T13:00:00.000Z",1676984400000,21400,21250,21350,28.4,71.6,0,0.6,1.7,,2.5,247900,346200,4285400,,7379205000,2097890000,5281315000,
152578.3,-1073000,-22980355000,38459020000,61439375000,99911395000,3349080000,3132493913,24.1,143545.7,19587,5.4,298300,242800,5225825000,21600,"2023-02-21T13:05:00.000Z",1676984700000,21650,21350,21400,84.3,15.7,0.1,2,0.4,0,0.2,55500,354000,4639400,200,7619325000,6420425000,1194600000,4300000
152578.3,-659000,-13978115000,49718010000,63696125000,113427135000,3349080000,3132493913,41.6,143545.7,19587,5,517700,414000,9002240000,21800,"2023-02-21T13:10:00.000Z",1676985000000,21850,21600,21650,83.3,16.7,0,3.4,0.7,,0.2,103700,621400,5260800,,13515740000,11258990000,2256750000,
152578.3,-608700,-12874040000,53526290000,66400330000,119939620000,3349080000,3132493913,5.1,143545.7,19587,1.4,174700,50300,1104075000,21700,"2023-02-21T13:15:00.000Z",1676985300000,21800,21700,21800,58.4,41.6,0,1.1,0.9,,0.7,124400,299100,5559900,,6512485000,3808280000,2704205000,
152578.3,-589100,-12447275000,56298915000,68746190000,125058105000,3349080000,3132493913,2,143545.7,19587,1.2,127900,19600,426765000,21650,"2023-02-21T13:20:00.000Z",1676985600000,21700,21600,21700,54.1,45.9,0,0.8,0.8,,0.8,108300,236200,5796100,,5118485000,2772625000,2345860000,
152578.3,-600600,-12696045000,57216880000,69912925000,127142805000,3349080000,3132493913,-1.1,143545.7,19587,0.8,42400,-11500,-248770000,21650,"2023-02-21T13:25:00.000Z",1676985900000,21700,21600,21650,44,56,0,0.3,0.4,,1.3,53900,96300,5892400,,2084700000,917965000,1166735000,
152578.3,-644900,-13653080000,58541400000,72194480000,130748880000,3349080000,3132493913,-4.4,143545.7,19587,0.6,61100,-44300,-957035000,21750,"2023-02-21T13:30:00.000Z",1676986200000,21750,21600,21650,36.7,63.3,0,0.4,0.7,,1.7,105400,166500,6058900,,3606075000,1324520000,2281555000,
152578.3,449900,10332825000,83229455000,72896630000,156139085000,3349080000,3132493913,110.7,143545.7,19587,35.1,1126900,1094800,23985905000,22050,"2023-02-21T13:35:00.000Z",1676986500000,22050,21700,21750,97.2,2.8,0,7.4,0.2,,0,32100,1159000,7217900,,25390205000,24688055000,702150000,
152578.3,1362500,30685820000,113391940000,82706120000,196147000000,3349080000,3132493913,94,143545.7,19587,3.1,1350600,912600,20352995000,22350,"2023-02-21T13:40:00.000Z",1676986800000,22550,22050,22050,75.4,24.5,0.1,8.9,3.1,0.1,0.3,438000,1790200,9008100,1600,40007915000,30162485000,9809490000,35940000
152578.3,1239200,27945580000,118440615000,90495035000,208984590000,3349080000,3132493913,-12.7,143545.7,19587,0.6,225700,-123300,-2740240000,22200,"2023-02-21T13:45:00.000Z",1676987100000,22450,22100,22300,39.3,60.7,0,1.5,2.4,,1.5,349000,574700,9582800,,12837590000,5048675000,7788915000,
152578.3,1304800,29431810000,124812055000,95380245000,220241240000,3349080000,3132493913,6.9,143545.7,19587,1.3,284900,65600,1486230000,22200,"2023-02-21T13:50:00.000Z",1676987400000,22450,22100,22250,56.5,43.5,0,1.9,1.5,,0.8,219300,504200,10087000,,11256650000,6371440000,4885210000,
152578.3,1276400,28800090000,127189125000,98389035000,225627100000,3349080000,3132493913,-2.9,143545.7,19587,0.8,107000,-28400,-631720000,22200,"2023-02-21T13:55:00.000Z",1676987700000,22300,22150,22150,44.1,55.9,0,0.7,0.9,,1.3,135400,242400,10329400,,5385860000,2377070000,3008790000,
152578.3,1467200,33063660000,135018250000,101954590000,237021780000,3349080000,3132493913,19.7,143545.7,19587,2.2,351100,190800,4263570000,22300,"2023-02-21T14:00:00.000Z",1676988000000,22350,22200,22200,68.7,31.3,0,2.3,1.1,,0.5,160300,511400,10840800,,11394680000,7829125000,3565555000,
152578.3,1488200,33536175000,138662995000,105126820000,243838755000,3349080000,3132493913,2.2,143545.7,19587,1.1,163500,21000,472515000,22300,"2023-02-21T14:05:00.000Z",1676988300000,22350,22250,22300,53.4,46.6,0,1.1,1,,0.9,142500,306000,11146800,,6816975000,3644745000,3172230000,
152578.3,1014000,23015340000,140313085000,117297745000,257659770000,3349080000,3132493913,-48.6,143545.7,19587,0.1,74000,-474200,-10520835000,22050,"2023-02-21T14:10:00.000Z",1676988600000,22350,22050,22350,11.9,88.1,0,0.5,3.8,,7.4,548200,622200,11769000,,13821015000,1650090000,12170925000,
152578.3,546200,12794360000,144188545000,131394185000,276123320000,3349080000,3132493913,-47.2,143545.7,19587,0.3,177300,-467800,-10220980000,21850,"2023-02-21T14:15:00.000Z",1676988900000,22050,21700,22050,21,76.4,2.7,1.2,4.5,1.1,3.6,645100,844900,12613900,22500,18463550000,3875460000,14096440000,491650000
152578.3,576100,13456625000,149106350000,135649725000,285296665000,3349080000,3132493913,3.1,143545.7,19587,1.2,224300,29900,662265000,21900,"2023-02-21T14:20:00.000Z",1676989200000,22000,21800,21800,53.6,46.4,0,1.5,1.4,,0.9,194400,418700,13032600,,9173345000,4917805000,4255540000,
152578.3,415500,9962960000,154057680000,144094720000,298692990000,3349080000,3132493913,-16.1,143545.7,19587,0.6,226600,-160600,-3493665000,21700,"2023-02-21T14:25:00.000Z",1676989500000,22000,21700,21900,36.9,63.1,0,1.5,2.7,,1.7,387200,613800,13646400,,13396325000,4951330000,8444995000,
152578.3,415500,9962960000,154057680000,144094720000,317533440000,3349080000,3132493913,0,143545.7,19587,NaN,,0,0,21500,"2023-02-21T14:45:00.000Z",1676990700000,21500,21500,21500,0,0,100,,,44.7,NaN,,876300,14522700,876300,18840450000,,,18840450000
