"abu","acum_busd","acum_busd_val","acum_val_bu","acum_val_sd","acum_val","avg_val_bu","avg_val_sd","rbusd","asd","auk","bs","bu","bu-sd","bu-sd_val","c","date","datetime","h","l","o","pbu","psd","puk","rbu","rsd","ruk","sb","sd","sum_vol","total_vol","uk","val","val_bu","val_sd","val_uk"
5889.1,-17100,-192225000,33900000,226125000,260025000,64666847.8,154997608.7,2.1,14123.9,2763,0.1,3000,-17100,-192225000,11250,"2023-02-21T09:15:00.000Z",1676970900000,11300,11250,11250,13,87,0,0.5,1.4,,6.7,20100,23100,23100,,260025000,33900000,226125000,
5889.1,-81900,-918715000,33900000,952615000,986515000,64666847.8,154997608.7,8,14123.9,2763,0,,-64800,-726490000,11200,"2023-02-21T09:20:00.000Z",1676971200000,11250,11200,11250,0,100,0,,4.6,,Infinity,64800,64800,87900,,726490000,,726490000,
5889.1,-109900,-1228830000,63735000,1292565000,1361875000,64666847.8,154997608.7,3.4,14123.9,2763,0.1,2700,-28000,-310115000,11050,"2023-02-21T09:25:00.000Z",1676971500000,11150,11050,11150,8,90.6,1.5,0.5,2.2,0.2,11.4,30700,33900,121800,500,375360000,29835000,339950000,5575000
5889.1,-104500,-1168985000,194305000,1363290000,1563170000,64666847.8,154997608.7,-0.7,14123.9,2763,1.8,11800,5400,59845000,11100,"2023-02-21T09:30:00.000Z",1676971800000,11150,11050,11050,64.8,35.2,0,2,0.5,,0.5,6400,18200,140000,,201295000,130570000,70725000,
5889.1,-120800,-1349100000,196515000,1545615000,1747705000,64666847.8,154997608.7,2,14123.9,2763,0,200,-16300,-180115000,11050,"2023-02-21T09:35:00.000Z",1676972100000,11050,11050,11050,1.2,98.8,0,0,1.2,,82.5,16500,16700,156700,,184535000,2210000,182325000,
5889.1,-128200,-1431025000,300755000,1731780000,2038110000,64666847.8,154997608.7,0.9,14123.9,2763,0.6,9400,-7400,-81925000,11150,"2023-02-21T09:40:00.000Z",1676972400000,11150,11050,11050,35.9,64.1,0,1.6,1.2,,1.8,16800,26200,182900,,290405000,104240000,186165000,
5889.1,-125100,-1396045000,412255000,1808300000,2226130000,64666847.8,154997608.7,-0.4,14123.9,2763,1.4,10000,3100,34980000,11050,"2023-02-21T09:45:00.000Z",1676972700000,11150,11050,11150,59.2,40.8,0,1.7,0.5,,0.7,6900,16900,199800,,188020000,111500000,76520000,
5889.1,-226400,-2510640000,412255000,2922895000,3340725000,64666847.8,154997608.7,12.3,14123.9,2763,0,,-101300,-1114595000,10900,"2023-02-21T09:50:00.000Z",1676973000000,11050,10900,11050,0,100,0,,7.2,,Infinity,101300,101300,301100,,1114595000,,1114595000,
5889.1,-225500,-2499140000,659870000,3159010000,3824455000,64666847.8,154997608.7,-0.1,14123.9,2763,1,22600,900,11500000,11000,"2023-02-21T09:55:00.000Z",1676973300000,11000,10850,10900,51,49,0,3.8,1.5,,1,21700,44300,345400,,483730000,247615000,236115000,
5889.1,-235300,-2606875000,674235000,3281110000,3960920000,64666847.8,154997608.7,1.2,14123.9,2763,0.1,1300,-9800,-107735000,11000,"2023-02-21T10:00:00.000Z",1676973600000,11050,11000,11050,10.5,89.5,0,0.2,0.8,,8.5,11100,12400,357800,,136465000,14365000,122100000,
5889.1,-231400,-2565325000,839935000,3405260000,4250770000,64666847.8,154997608.7,-0.5,14123.9,2763,1.3,15200,3900,41550000,10900,"2023-02-21T10:05:00.000Z",1676973900000,11000,10900,11000,57.4,42.6,0,2.6,0.8,,0.7,11300,26500,384300,,289850000,165700000,124150000,
5889.1,-224100,-2485755000,919505000,3405260000,4330340000,64666847.8,154997608.7,-0.9,14123.9,2763,Infinity,7300,7300,79570000,10900,"2023-02-21T10:10:00.000Z",1676974200000,10900,10900,10900,100,0,0,1.2,,,0,,7300,391600,,79570000,79570000,,
5889.1,-219700,-2437795000,969645000,3407440000,4382660000,64666847.8,154997608.7,-0.5,14123.9,2763,23,4600,4400,47960000,10900,"2023-02-21T10:15:00.000Z",1676974500000,10900,10900,10900,95.8,4.2,0,0.8,0,,0,200,4800,396400,,52320000,50140000,2180000,
5889.1,-221500,-2457410000,970740000,3428150000,4404465000,64666847.8,154997608.7,0.2,14123.9,2763,0.1,100,-1800,-19615000,10900,"2023-02-21T10:20:00.000Z",1676974800000,10950,10900,10900,5,95,0,0,0.1,,19,1900,2000,398400,,21805000,1095000,20710000,
5889.1,-210500,-2336220000,1118250000,3454470000,4578295000,64666847.8,154997608.7,-1.3,14123.9,2763,5.6,13400,11000,121190000,11050,"2023-02-21T10:25:00.000Z",1676975100000,11050,10900,10900,84.8,15.2,0,2.3,0.2,,0.2,2400,15800,414200,,173830000,147510000,26320000,
5889.1,-229500,-2542995000,1151250000,3694245000,4851070000,64666847.8,154997608.7,2.3,14123.9,2763,0.1,3000,-19000,-206775000,11000,"2023-02-21T10:30:00.000Z",1676975400000,11000,10850,10900,12,88,0,0.5,1.6,,7.3,22000,25000,439200,,272775000,33000000,239775000,
5889.1,-226500,-2509995000,1184250000,3694245000,4884070000,64666847.8,154997608.7,-0.4,14123.9,2763,Infinity,3000,3000,33000000,11000,"2023-02-21T10:35:00.000Z",1676975700000,11000,11000,11000,100,0,0,0.5,,,0,,3000,442200,,33000000,33000000,,
5889.1,-215900,-2393395000,1300850000,3694245000,5000670000,64666847.8,154997608.7,-1.3,14123.9,2763,Infinity,10600,10600,116600000,11000,"2023-02-21T10:40:00.000Z",1676976000000,11000,11000,11000,100,0,0,1.8,,,0,,10600,452800,,116600000,116600000,,
5889.1,-189200,-2099695000,1631950000,3731645000,5369170000,64666847.8,154997608.7,-3.3,14123.9,2763,8.9,30100,26700,293700000,11000,"2023-02-21T10:45:00.000Z",1676976300000,11000,11000,11000,89.9,10.1,0,5.1,0.2,,0.1,3400,33500,486300,,368500000,331100000,37400000,
5889.1,-186900,-2074280000,1657365000,3731645000,5394585000,64666847.8,154997608.7,-0.3,14123.9,2763,Infinity,2300,2300,25415000,11050,"2023-02-21T10:50:00.000Z",1676976600000,11050,11050,11050,100,0,0,0.4,,,0,,2300,488600,,25415000,25415000,,
5889.1,-188800,-2095170000,1659575000,3754745000,5419895000,64666847.8,154997608.7,0.2,14123.9,2763,0.1,200,-1900,-20890000,11000,"2023-02-21T10:55:00.000Z",1676976900000,11050,11000,11050,8.7,91.3,0,0,0.1,,10.5,2100,2300,490900,,25310000,2210000,23100000,
5889.1,-192600,-2136780000,1661765000,3798545000,5465885000,64666847.8,154997608.7,0.5,14123.9,2763,0.1,200,-3800,-41610000,10950,"2023-02-21T11:00:00.000Z",1676977200000,10950,10950,10950,4.8,95.2,0,0,0.3,,20,4000,4200,495100,,45990000,2190000,43800000,
5889.1,-190300,-2111595000,1686950000,3798545000,5491070000,64666847.8,154997608.7,-0.3,14123.9,2763,Infinity,2300,2300,25185000,10950,"2023-02-21T11:05:00.000Z",1676977500000,10950,10950,10950,100,0,0,0.4,,,0,,2300,497400,,25185000,25185000,,
5889.1,-189800,-2106095000,1692450000,3798545000,5496570000,64666847.8,154997608.7,-0.1,14123.9,2763,Infinity,500,500,5500000,11000,"2023-02-21T11:10:00.000Z",1676977800000,11000,11000,11000,100,0,0,0.1,,,0,,500,497900,,5500000,5500000,,
5889.1,-189900,-2107190000,1692450000,3799640000,5497665000,64666847.8,154997608.7,0,14123.9,2763,0,,-100,-1095000,10950,"2023-02-21T11:15:00.000Z",1676978100000,10950,10950,10950,0,100,0,,0,,Infinity,100,100,498000,,1095000,,1095000,
5889.1,-193700,-2148800000,1692450000,3841250000,5539275000,64666847.8,154997608.7,0.5,14123.9,2763,0,,-3800,-41610000,10950,"2023-02-21T11:20:00.000Z",1676978400000,10950,10950,10950,0,100,0,,0.3,,Infinity,3800,3800,501800,,41610000,,41610000,
5889.1,-203700,-2257795000,1694635000,3952430000,5652640000,64666847.8,154997608.7,1.2,14123.9,2763,0,200,-10000,-108995000,10900,"2023-02-21T11:25:00.000Z",1676978700000,10950,10900,10950,1.9,98.1,0,0,0.7,,51,10200,10400,512200,,113365000,2185000,111180000,
5889.1,-180900,-2008475000,2018415000,4026890000,6050880000,64666847.8,154997608.7,-2.8,14123.9,2763,4.4,29600,22800,249320000,10950,"2023-02-21T13:00:00.000Z",1676984400000,10950,10900,10900,81.3,18.7,0,5,0.5,,0.2,6800,36400,548600,,398240000,323780000,74460000,
5889.1,-182800,-2029280000,2018415000,4047695000,6071685000,64666847.8,154997608.7,0.2,14123.9,2763,0,,-1900,-20805000,10950,"2023-02-21T13:05:00.000Z",1676984700000,10950,10950,10950,0,100,0,,0.1,,Infinity,1900,1900,550500,,20805000,,20805000,
5889.1,-187700,-2082755000,2018415000,4101170000,6125160000,64666847.8,154997608.7,0.6,14123.9,2763,0,,-4900,-53475000,10900,"2023-02-21T13:10:00.000Z",1676985000000,10950,10900,10950,0,100,0,,0.3,,Infinity,4900,4900,555400,,53475000,,53475000,
5889.1,-188000,-2086035000,2019510000,4105545000,6132820000,64666847.8,154997608.7,0,14123.9,2763,0.3,100,-300,-3280000,10900,"2023-02-21T13:15:00.000Z",1676985300000,10950,10900,10950,14.3,57.1,28.6,0,0,0.1,4,400,700,556100,200,7660000,1095000,4375000,2190000
5889.1,-180400,-2002435000,2114110000,4116545000,6348420000,64666847.8,154997608.7,-0.9,14123.9,2763,8.6,8600,7600,83600000,11000,"2023-02-21T13:20:00.000Z",1676985600000,11000,11000,11000,43.9,5.1,51,1.5,0.1,3.6,0.1,1000,19600,575700,10000,215600000,94600000,11000000,110000000
5889.1,-182400,-2024335000,2114110000,4138445000,6370320000,64666847.8,154997608.7,0.2,14123.9,2763,0,,-2000,-21900000,10950,"2023-02-21T13:25:00.000Z",1676985900000,10950,10950,10950,0,100,0,,0.1,,Infinity,2000,2000,577700,,21900000,,21900000,
5889.1,-183200,-2033095000,2140390000,4173485000,6431640000,64666847.8,154997608.7,0.1,14123.9,2763,0.8,2400,-800,-8760000,10950,"2023-02-21T13:30:00.000Z",1676986200000,10950,10950,10950,42.9,57.1,0,0.4,0.2,,1.3,3200,5600,583300,,61320000,26280000,35040000,
5889.1,-181400,-2013260000,2167890000,4181150000,6466805000,64666847.8,154997608.7,-0.2,14123.9,2763,3.6,2500,1800,19835000,11000,"2023-02-21T13:35:00.000Z",1676986500000,11000,10950,10950,78.1,21.9,0,0.4,0,,0.3,700,3200,586500,,35165000,27500000,7665000,
5889.1,-159100,-1767960000,2439590000,4207550000,6764905000,64666847.8,154997608.7,-2.7,14123.9,2763,10.3,24700,22300,245300000,11000,"2023-02-21T13:40:00.000Z",1676986800000,11000,11000,11000,91.1,8.9,0,4.2,0.2,,0.1,2400,27100,613600,,298100000,271700000,26400000,
5889.1,-184800,-2050160000,2439590000,4489750000,7047105000,64666847.8,154997608.7,3.1,14123.9,2763,0,,-25700,-282200000,10950,"2023-02-21T13:45:00.000Z",1676987100000,11000,10950,11000,0,100,0,,1.8,,Infinity,25700,25700,639300,,282200000,,282200000,
5889.1,-194500,-2156375000,2439590000,4595965000,7153320000,64666847.8,154997608.7,1.2,14123.9,2763,0,,-9700,-106215000,10950,"2023-02-21T13:50:00.000Z",1676987400000,10950,10950,10950,0,100,0,,0.7,,Infinity,9700,9700,649000,,106215000,,106215000,
5889.1,-189000,-2096065000,2550185000,4646250000,7314200000,64666847.8,154997608.7,-0.7,14123.9,2763,2.2,10100,5500,60310000,10900,"2023-02-21T13:55:00.000Z",1676987700000,10950,10900,10950,68.7,31.3,0,1.7,0.3,,0.5,4600,14700,663700,,160880000,110595000,50285000,
5889.1,-188700,-2092775000,2611505000,4704280000,7433550000,64666847.8,154997608.7,0,14123.9,2763,1.1,5600,300,3290000,10900,"2023-02-21T14:00:00.000Z",1676988000000,10950,10900,10950,51.4,48.6,0,1,0.4,,0.9,5300,10900,674600,,119350000,61320000,58030000,
5889.1,-224500,-2484785000,2691440000,5176225000,7985430000,64666847.8,154997608.7,4.3,14123.9,2763,0.2,7300,-35800,-392010000,10950,"2023-02-21T14:05:00.000Z",1676988300000,10950,10950,10950,14.5,85.5,0,1.2,3.1,,5.9,43100,50400,725000,,551880000,79935000,471945000,
5889.1,-223200,-2470470000,2799240000,5269710000,8186715000,64666847.8,154997608.7,-0.2,14123.9,2763,1.2,9800,1300,14315000,11000,"2023-02-21T14:10:00.000Z",1676988600000,11000,10950,11000,53.6,46.4,0,1.7,0.6,,0.9,8500,18300,743300,,201285000,107800000,93485000,
5889.1,-280700,-3096125000,2864345000,5960470000,8942580000,64666847.8,154997608.7,6.9,14123.9,2763,0.1,6000,-57500,-625655000,10850,"2023-02-21T14:15:00.000Z",1676988900000,10950,10800,10950,8.6,91.4,0,1,4.5,,10.6,63500,69500,812800,,755865000,65105000,690760000,
5889.1,-337100,-3705735000,2913115000,6618850000,9649730000,64666847.8,154997608.7,6.7,14123.9,2763,0.1,4500,-56400,-609610000,10850,"2023-02-21T14:20:00.000Z",1676989200000,10850,10750,10850,6.9,93.1,0,0.8,4.3,,13.5,60900,65400,878200,,707150000,48770000,658380000,
5889.1,-378800,-4155215000,2974675000,7129890000,10234210000,64666847.8,154997608.7,5,14123.9,2763,0.1,5700,-41700,-449480000,10750,"2023-02-21T14:25:00.000Z",1676989500000,10850,10750,10850,10.5,87.5,2,1,3.4,0.4,8.3,47400,54200,932400,1100,584480000,61560000,511040000,11880000
5889.1,-378800,-4155215000,2974675000,7129890000,11490980000,64666847.8,154997608.7,0,14123.9,2763,NaN,,0,0,10900,"2023-02-21T14:45:00.000Z",1676990700000,10900,10900,10900,0,0,100,,,41.7,NaN,,115300,1047700,115300,1256770000,,,1256770000
