"abu","acum_busd","acum_busd_val","acum_val_bu","acum_val_sd","acum_val","avg_val_bu","avg_val_sd","rbusd","asd","auk","bs","bu","bu-sd","bu-sd_val","c","date","datetime","h","l","o","pbu","psd","puk","rbu","rsd","ruk","sb","sd","sum_vol","total_vol","uk","val","val_bu","val_sd","val_uk"
20576.1,31600,2708540000,2896640000,188100000,3084740000,1614442273.9,819823419.6,3.4,12860.9,2804.3,15.4,33800,31600,2708540000,85.6,"2023-01-09T09:15:00.000Z",1673255700000,85.8,85.1,85.8,93.9,6.1,0,1.6,0.2,,0.1,2200,36000,36000,,3084740000,2896640000,188100000,
20576.1,32000,2743910000,4239670000,1495760000,5735430000,1614442273.9,819823419.6,0,12860.9,2804.3,1,15700,400,35370000,85.5,"2023-01-09T09:20:00.000Z",1673256000000,85.6,85.4,85.6,50.6,49.4,0,0.8,1.2,,1,15300,31000,67000,,2650690000,1343030000,1307660000,
20576.1,29800,2556320000,4846870000,2290550000,7145970000,1614442273.9,819823419.6,-0.2,12860.9,2804.3,0.8,7100,-2200,-187590000,85.5,"2023-01-09T09:25:00.000Z",1673256300000,85.6,85.4,85.5,43,56.4,0.6,0.3,0.7,0,1.3,9300,16500,83500,100,1410540000,607200000,794790000,8550000
20576.1,31800,2727670000,5223510000,2495840000,7727900000,1614442273.9,819823419.6,0.2,12860.9,2804.3,1.8,4400,2000,171350000,85.6,"2023-01-09T09:30:00.000Z",1673256600000,85.6,85.5,85.6,64.7,35.3,0,0.2,0.2,,0.5,2400,6800,90300,,581930000,376640000,205290000,
20576.1,34800,2984990000,5874590000,2889600000,8772740000,1614442273.9,819823419.6,0.3,12860.9,2804.3,1.7,7600,3000,257320000,85.6,"2023-01-09T09:35:00.000Z",1673256900000,85.7,85.6,85.6,62.3,37.7,0,0.4,0.4,,0.6,4600,12200,102500,,1044840000,651080000,393760000,
20576.1,44800,3841950000,6945300000,3103350000,10057200000,1614442273.9,819823419.6,1.1,12860.9,2804.3,5,12500,10000,856960000,85.8,"2023-01-09T09:40:00.000Z",1673257200000,85.8,85.5,85.5,83.3,16.7,0,0.6,0.2,,0.2,2500,15000,117500,,1284460000,1070710000,213750000,
20576.1,54000,4630670000,9299190000,4668520000,13976260000,1614442273.9,819823419.6,1,12860.9,2804.3,1.5,27500,9200,788720000,85.5,"2023-01-09T09:45:00.000Z",1673257500000,85.7,85.4,85.7,60,40,0,1.3,1.4,,0.7,18300,45800,163300,,3919060000,2353890000,1565170000,
20576.1,52700,4520440000,10359830000,5839390000,16207770000,1614442273.9,819823419.6,-0.1,12860.9,2804.3,0.9,12400,-1300,-110230000,85.4,"2023-01-09T09:50:00.000Z",1673257800000,85.7,85.4,85.7,47.5,52.5,0,0.6,1.1,,1.1,13700,26100,189400,,2231510000,1060640000,1170870000,
20576.1,46400,3982740000,10743940000,6761200000,17513690000,1614442273.9,819823419.6,-0.7,12860.9,2804.3,0.4,4500,-6300,-537700000,85.3,"2023-01-09T09:55:00.000Z",1673258100000,85.5,85.2,85.4,29.4,70.6,0,0.2,0.8,,2.4,10800,15300,204700,,1305920000,384110000,921810000,
20576.1,38200,3497487500,10922882500,7425395000,18356827500,1614442273.9,819823419.6,-0.6,12860.9,2804.3,0.2,2600,-8200,-485252500,85,"2023-01-09T10:00:00.000Z",1673258400000,85.3,84.9,85.2,19.4,80.6,0,0.1,0.8,,4.2,10800,13400,218100,,843137500,178942500,664195000,
20576.1,39000,4169174000,11595172500,7425998500,19029721000,1614442273.9,819823419.6,0.8,12860.9,2804.3,1.1,7900,800,671686500,85.1,"2023-01-09T10:05:00.000Z",1673258700000,85.1,85,85,52.7,47.3,0,0.4,0.6,,0.9,7100,15000,233100,,672893500,672290000,603500,
20576.1,47900,5998673000,13799262500,7800589500,21608402000,1614442273.9,819823419.6,2.3,12860.9,2804.3,1.5,25900,8900,1829499000,84.9,"2023-01-09T10:10:00.000Z",1673259000000,85.1,84.8,85.1,60.4,39.6,0,1.3,1.3,,0.7,17000,42900,276000,,2578681000,2204090000,374591000,
20576.1,37300,5091021500,13901408000,8810386500,22720344500,1614442273.9,819823419.6,-1.1,12860.9,2804.3,0.1,1500,-10600,-907651500,84.8,"2023-01-09T10:15:00.000Z",1673259300000,85.1,84.8,84.9,11,89,0,0.1,0.9,,8.1,12100,13600,289600,,1111942500,102145500,1009797000,
20576.1,51000,6257471500,15323338000,9065866500,24397754500,1614442273.9,819823419.6,1.5,12860.9,2804.3,5.6,16700,13700,1166450000,85.2,"2023-01-09T10:20:00.000Z",1673259600000,85.3,85.1,85.1,84.8,15.2,0,0.8,0.2,,0.2,3000,19700,309300,,1677410000,1421930000,255480000,
20576.1,81500,8862781500,18235978000,9373196500,27617724500,1614442273.9,819823419.6,3.3,12860.9,2804.3,9.5,34100,30500,2605310000,85.3,"2023-01-09T10:25:00.000Z",1673259900000,85.5,85.3,85.3,90.5,9.5,0,1.7,0.3,,0.1,3600,37700,347000,,3219970000,2912640000,307330000,
20576.1,76800,8461811500,18637458000,10175646500,28821654500,1614442273.9,819823419.6,-0.5,12860.9,2804.3,0.5,4700,-4700,-400970000,85.3,"2023-01-09T10:30:00.000Z",1673260200000,85.5,85.3,85.3,33.3,66.7,0,0.2,0.7,,2,9400,14100,361100,,1203930000,401480000,802450000,
20576.1,72100,8061141500,19047138000,10985996500,30050214500,1614442273.9,819823419.6,-0.5,12860.9,2804.3,0.5,4800,-4700,-400670000,85.3,"2023-01-09T10:35:00.000Z",1673260500000,85.4,85.3,85.3,33.3,66,0.7,0.2,0.7,0,2,9500,14400,375500,100,1228560000,409680000,810350000,8530000
20576.1,67700,7686861500,20131338000,12444476500,32592894500,1614442273.9,819823419.6,-0.5,12860.9,2804.3,0.7,12700,-4400,-374280000,85.5,"2023-01-09T10:40:00.000Z",1673260800000,85.5,85.2,85.3,42.6,57.4,0,0.6,1.3,,1.3,17100,29800,405300,,2542680000,1084200000,1458480000,
20576.1,77700,8542281500,21370788000,12828506500,34216374500,1614442273.9,819823419.6,1.1,12860.9,2804.3,3.2,14500,10000,855420000,85.5,"2023-01-09T10:45:00.000Z",1673261100000,85.5,85.3,85.3,76.3,23.7,0,0.7,0.3,,0.3,4500,19000,424300,,1623480000,1239450000,384030000,
20576.1,110300,11329951500,24474438000,13144486500,37636004500,1614442273.9,819823419.6,3.5,12860.9,2804.3,9.8,36300,32600,2787670000,85.5,"2023-01-09T10:50:00.000Z",1673261400000,85.5,85.4,85.4,90.8,9.3,0,1.8,0.3,,0.1,3700,40000,464300,,3419630000,3103650000,315980000,
20576.1,128500,12886631500,26526438000,13639806500,40183324500,1614442273.9,819823419.6,2,12860.9,2804.3,4.1,24000,18200,1556680000,85.5,"2023-01-09T10:55:00.000Z",1673261700000,85.5,85.4,85.5,80.5,19.5,0,1.2,0.5,,0.2,5800,29800,494100,,2547320000,2052000000,495320000,
20576.1,163400,15875501500,30337128000,14461626500,44815834500,1614442273.9,819823419.6,3.8,12860.9,2804.3,4.6,44500,34900,2988870000,85.7,"2023-01-09T11:00:00.000Z",1673262000000,85.8,85.5,85.5,82.3,17.7,0,2.2,0.7,,0.2,9600,54100,548200,,4632510000,3810690000,821820000,
20576.1,159700,15559101500,30927398000,15368296500,46321334500,1614442273.9,819823419.6,-0.4,12860.9,2804.3,0.7,6900,-3700,-316400000,85.5,"2023-01-09T11:05:00.000Z",1673262300000,85.7,85.5,85.7,39.2,60.2,0.6,0.3,0.8,0,1.5,10600,17600,565800,100,1505500000,590270000,906670000,8560000
20576.1,182800,17540911500,33465708000,15924796500,49416144500,1614442273.9,819823419.6,2.5,12860.9,2804.3,4.6,29600,23100,1981810000,85.8,"2023-01-09T11:10:00.000Z",1673262600000,85.8,85.5,85.5,82,18,0,1.4,0.5,,0.2,6500,36100,601900,,3094810000,2538310000,556500000,
20576.1,183200,17575891500,34400978000,16825086500,51251704500,1614442273.9,819823419.6,0,12860.9,2804.3,1,10900,400,34980000,85.8,"2023-01-09T11:15:00.000Z",1673262900000,85.9,85.7,85.8,50.9,49.1,0,0.5,0.8,,1,10500,21400,623300,,1835560000,935270000,900290000,
20576.1,177600,17096361500,35583558000,18487196500,54096394500,1614442273.9,819823419.6,-0.6,12860.9,2804.3,0.7,13800,-5600,-479530000,85.7,"2023-01-09T11:20:00.000Z",1673263200000,85.7,85.6,85.7,41.6,58.4,0,0.7,1.5,,1.4,19400,33200,656500,,2844690000,1182580000,1662110000,
20576.1,205600,18729085500,37996922000,19267836500,57290398500,1614442273.9,819823419.6,2.1,12860.9,2804.3,4.1,37100,28000,1632724000,86,"2023-01-09T11:25:00.000Z",1673263500000,86,85.7,85.8,80.3,19.7,0,1.8,0.7,,0.2,9100,46200,702700,,3194004000,2413364000,780640000,
20576.1,119100,18816311900,39012686600,20196374700,59236988900,1614442273.9,819823419.6,0.1,12860.9,2804.3,0.3,37900,-86500,87226400,85.9,"2023-01-09T13:00:00.000Z",1673269200000,86,85.8,86,20.1,65.9,14.1,1.8,9.7,9.5,3.3,124400,188900,891600,26600,1946590400,1015764600,928538200,2287600
20576.1,113800,18363691900,40642646600,22278954700,62949528900,1614442273.9,819823419.6,-0.6,12860.9,2804.3,0.8,19000,-5300,-452620000,85.6,"2023-01-09T13:05:00.000Z",1673269500000,85.9,85.6,85.9,43.9,56.1,0,0.9,1.9,,1.3,24300,43300,934900,,3712540000,1629960000,2082580000,
20576.1,101800,17336961900,41061776600,23724814700,64814518900,1614442273.9,819823419.6,-1.3,12860.9,2804.3,0.3,4900,-12000,-1026730000,85.5,"2023-01-09T13:10:00.000Z",1673269800000,85.7,85.5,85.6,22.5,77.5,0,0.2,1.3,,3.4,16900,21800,956700,,1864990000,419130000,1445860000,
20576.1,129700,19725891900,44544126600,24818234700,69390288900,1614442273.9,819823419.6,3,12860.9,2804.3,3.2,40700,27900,2388930000,85.7,"2023-01-09T13:15:00.000Z",1673270100000,85.7,85.4,85.4,76.1,23.9,0,2,1,,0.3,12800,53500,1010200,,4575770000,3482350000,1093420000,
20576.1,165600,22799641900,47891786600,25092144700,73011858900,1614442273.9,819823419.6,3.9,12860.9,2804.3,12.2,39100,35900,3073750000,85.6,"2023-01-09T13:20:00.000Z",1673270400000,85.7,85.5,85.7,92.4,7.6,0,1.9,0.2,,0.1,3200,42300,1052500,,3621570000,3347660000,273910000,
20576.1,169800,23160091900,49201466600,26041374700,75270768900,1614442273.9,819823419.6,0.5,12860.9,2804.3,1.4,15300,4200,360450000,85.5,"2023-01-09T13:25:00.000Z",1673270700000,85.6,85.5,85.6,58,42,0,0.7,0.9,,0.7,11100,26400,1078900,,2258910000,1309680000,949230000,
20576.1,192400,25093081900,52031186600,26938104700,79065588900,1614442273.9,819823419.6,2.4,12860.9,2804.3,3.2,33100,22600,1932990000,85.5,"2023-01-09T13:30:00.000Z",1673271000000,85.6,85.4,85.4,74.5,23.6,1.8,1.6,0.8,0.3,0.3,10500,44400,1123300,800,3794820000,2829720000,896730000,68370000
20576.1,207200,26359771900,54416686600,28056914700,82569898900,1614442273.9,819823419.6,1.6,12860.9,2804.3,2.1,27900,14800,1266690000,85.5,"2023-01-09T13:35:00.000Z",1673271300000,85.6,85.4,85.5,68,32,0,1.4,1,,0.5,13100,41000,1164300,,3504310000,2385500000,1118810000,
20576.1,197600,25541551900,55792296600,30250744700,86139338900,1614442273.9,819823419.6,-1,12860.9,2804.3,0.6,16100,-9600,-818220000,85.2,"2023-01-09T13:40:00.000Z",1673271600000,85.6,85.2,85.5,38.5,61.5,0,0.8,2,,1.6,25700,41800,1206100,,3569440000,1375610000,2193830000,
20576.1,208900,26508691900,57799516600,31290824700,89186638900,1614442273.9,819823419.6,1.2,12860.9,2804.3,1.9,23500,11300,967140000,85.5,"2023-01-09T13:45:00.000Z",1673271900000,85.5,85.2,85.2,65.8,34.2,0,1.1,0.9,,0.5,12200,35700,1241800,,3047300000,2007220000,1040080000,
20576.1,250300,30052761900,61531626600,31478864700,93106788900,1614442273.9,819823419.6,4.5,12860.9,2804.3,19.8,43600,41400,3544070000,85.7,"2023-01-09T13:50:00.000Z",1673272200000,85.7,85.4,85.5,95.2,4.8,0,2.1,0.2,,0.1,2200,45800,1287600,,3920150000,3732110000,188040000,
20576.1,252800,30268221900,63057036600,32788814700,95942148900,1614442273.9,819823419.6,0.3,12860.9,2804.3,1.2,17800,2500,215460000,85.5,"2023-01-09T13:55:00.000Z",1673272500000,85.8,85.5,85.7,53.8,46.2,0,0.9,1.2,,0.9,15300,33100,1320700,,2835360000,1525410000,1309950000,
20576.1,276700,32316531900,65267796600,32951264700,98315358900,1614442273.9,819823419.6,2.6,12860.9,2804.3,13.6,25800,23900,2048310000,85.7,"2023-01-09T14:00:00.000Z",1673272800000,85.7,85.5,85.5,93.1,6.9,0,1.3,0.1,,0.1,1900,27700,1348400,,2373210000,2210760000,162450000,
20576.1,312400,35376001900,69131906600,33755904700,102984108900,1614442273.9,819823419.6,3.9,12860.9,2804.3,4.8,45100,35700,3059470000,85.6,"2023-01-09T14:05:00.000Z",1673273100000,85.7,85.6,85.7,82.8,17.2,0,2.2,0.7,,0.2,9400,54500,1402900,,4668750000,3864110000,804640000,
20576.1,320800,36096951900,70829156600,34732204700,105657658900,1614442273.9,819823419.6,0.9,12860.9,2804.3,1.7,19800,8400,720950000,85.7,"2023-01-09T14:10:00.000Z",1673273400000,85.8,85.6,85.7,63.5,36.5,0,1,0.9,,0.6,11400,31200,1434100,,2673550000,1697250000,976300000,
20576.1,311800,35325571900,71378196600,36052624700,107527118900,1614442273.9,819823419.6,-1,12860.9,2804.3,0.4,6400,-9000,-771380000,85.8,"2023-01-09T14:15:00.000Z",1673273700000,85.9,85.7,85.7,29.4,70.6,0,0.3,1.2,,2.4,15400,21800,1455900,,1869460000,549040000,1320420000,
20576.1,355000,35880826700,73281734600,37400907900,110778940100,1614442273.9,819823419.6,0.7,12860.9,2804.3,3,65100,43200,555254800,86,"2023-01-09T14:20:00.000Z",1673274000000,86.2,85.8,85.8,74.8,25.2,0,3.2,1.7,,0.3,21900,87000,1542900,,3251821200,1903538000,1348283200,
20576.1,354900,36552467300,74264344600,37711877300,112193068100,1614442273.9,819823419.6,0.8,12860.9,2804.3,1,11400,-100,671640600,86,"2023-01-09T14:25:00.000Z",1673274300000,86.2,86,86.1,46.7,47.1,6.1,0.6,0.9,0.5,1,11500,24400,1567300,1500,1414128000,982610000,310969400,120548600
20576.1,354900,36552467300,74264344600,37711877300,120865688100,1614442273.9,819823419.6,0,12860.9,2804.3,NaN,,0,0,86.9,"2023-01-09T14:45:00.000Z",1673275500000,86.9,86.9,86.9,0,0,100,,,35.6,NaN,,99800,1667100,99800,8672620000,,,8672620000
