"abu","acum_busd","acum_busd_val","acum_val_bu","acum_val_sd","acum_val","avg_val_bu","avg_val_sd","rbusd","asd","auk","bs","bu","bu-sd","bu-sd_val","c","date","datetime","h","l","o","pbu","psd","puk","rbu","rsd","ruk","sb","sd","sum_vol","total_vol","uk","val","val_bu","val_sd","val_uk"
1884.6,1200,12360000,12360000,0,12360000,19380192.3,25540192.3,2,2501.9,0,Infinity,1200,1200,12360000,10.3,"2023-01-16T09:02:00.000Z",1673859720000,10.3,10.3,10.3,100,0,0,0.6,,,0,,1200,1200,,12360000,12360000,,
1884.6,1300,13400000,13400000,0,13400000,19380192.3,25540192.3,0.2,2501.9,0,Infinity,100,100,1040000,10.4,"2023-01-16T09:04:00.000Z",1673859840000,10.4,10.4,10.4,100,0,0,0.1,,,0,,100,1300,,1040000,1040000,,
1884.6,700,7220000,15460000,8240000,23700000,19380192.3,25540192.3,1,2501.9,0,0.3,200,-600,-6180000,10.3,"2023-01-16T09:08:00.000Z",1673860080000,10.3,10.3,10.3,20,80,0,0.1,0.3,,4,800,1000,2300,,10300000,2060000,8240000,
1884.6,3600,37110000,45350000,8240000,53590000,19380192.3,25540192.3,4.9,2501.9,0,Infinity,2900,2900,29890000.000000004,10.4,"2023-01-16T09:16:00.000Z",1673860560000,10.4,10.3,10.3,100,0,0,1.5,,,0,,2900,5200,,29890000.000000004,29890000.000000004,,
1884.6,4200,43320000,51560000,8240000,59800000,19380192.3,25540192.3,1,2501.9,0,Infinity,600,600,6210000,10.3,"2023-01-16T09:18:00.000Z",1673860680000,10.4,10.3,10.4,100,0,0,0.3,,,0,,600,5800,,6210000,6210000,,
1884.6,4500,46410000,54650000,8240000,62890000,19380192.3,25540192.3,0.5,2501.9,0,Infinity,300,300,3090000,10.3,"2023-01-16T09:20:00.000Z",1673860800000,10.3,10.3,10.3,100,0,0,0.2,,,0,,300,6100,,3090000,3090000,,
1884.6,3900,40290000,54650000,14360000,69010000,19380192.3,25540192.3,1,2501.9,0,0,,-600,-6120000,10.2,"2023-01-16T09:22:00.000Z",1673860920000,10.2,10.2,10.2,0,100,0,,0.2,,Infinity,600,600,6700,,6120000,,6120000,
1884.6,4600,47500000,61860000,14360000,76220000,19380192.3,25540192.3,1.2,2501.9,0,Infinity,700,700,7210000.000000001,10.3,"2023-01-16T09:24:00.000Z",1673861040000,10.3,10.3,10.3,100,0,0,0.4,,,0,,700,7400,,7210000.000000001,7210000.000000001,,
1884.6,4900,50590000,64950000,14360000,79310000,19380192.3,25540192.3,0.5,2501.9,0,Infinity,300,300,3090000,10.3,"2023-01-16T09:26:00.000Z",1673861160000,10.3,10.3,10.3,100,0,0,0.2,,,0,,300,7700,,3090000,3090000,,
1884.6,-1800,-18420000,70100000,88520000,158620000,19380192.3,25540192.3,11.2,2501.9,0,0.1,500,-6700,-69010000,10.3,"2023-01-16T09:28:00.000Z",1673861280000,10.3,10.3,10.3,6.5,93.5,0,0.3,2.9,,14.4,7200,7700,15400,,79310000,5150000,74160000,
1884.6,-2000,-20480000,73190000,93670000,166860000,19380192.3,25540192.3,0.3,2501.9,0,0.6,300,-200,-2060000,10.3,"2023-01-16T09:30:00.000Z",1673861400000,10.3,10.3,10.3,37.5,62.5,0,0.2,0.2,,1.7,500,800,16200,,8240000,3090000,5150000,
1884.6,-6200,-63320000,73190000,136510000,209700000,19380192.3,25540192.3,7,2501.9,0,0,,-4200,-42840000,10.2,"2023-01-16T09:36:00.000Z",1673861760000,10.2,10.2,10.2,0,100,0,,1.7,,Infinity,4200,4200,20400,,42840000,,42840000,
1884.6,-5600,-57200000,79310000,136510000,215820000,19380192.3,25540192.3,1,2501.9,0,Infinity,600,600,6120000,10.2,"2023-01-16T09:38:00.000Z",1673861880000,10.2,10.2,10.2,100,0,0,0.3,,,0,,600,21000,,6120000,6120000,,
1884.6,-5800,-59240000,79310000,138550000,217860000,19380192.3,25540192.3,0.3,2501.9,0,0,,-200,-2039999.9999999998,10.2,"2023-01-16T09:42:00.000Z",1673862120000,10.2,10.2,10.2,0,100,0,,0.1,,Infinity,200,200,21200,,2039999.9999999998,,2039999.9999999998,
1884.6,7000,72600000,211150000,138550000,349700000,19380192.3,25540192.3,21.4,2501.9,0,Infinity,12800,12800,131840000,10.3,"2023-01-16T09:46:00.000Z",1673862360000,10.3,10.3,10.3,100,0,0,6.8,,,0,,12800,34000,,131840000,131840000,,
1884.6,4800,49940000,211150000,161210000,372360000,19380192.3,25540192.3,3.7,2501.9,0,0,,-2200,-22660000,10.3,"2023-01-16T09:48:00.000Z",1673862480000,10.3,10.3,10.3,0,100,0,,0.9,,Infinity,2200,2200,36200,,22660000,,22660000,
1884.6,7300,75690000,236900000,161210000,398110000,19380192.3,25540192.3,4.2,2501.9,0,Infinity,2500,2500,25750000,10.3,"2023-01-16T09:52:00.000Z",1673862720000,10.3,10.3,10.3,100,0,0,1.3,,,0,,2500,38700,,25750000,25750000,,
1884.6,-2700,-26310000,236900000,263210000,500110000,19380192.3,25540192.3,16.6,2501.9,0,0,,-10000,-102000000,10.2,"2023-01-16T09:56:00.000Z",1673862960000,10.2,10.2,10.2,0,100,0,,4,,Infinity,10000,10000,48700,,102000000,,102000000,
1884.6,-2800,-27330000,236900000,264230000,501130000,19380192.3,25540192.3,0.2,2501.9,0,0,,-100,-1019999.9999999999,10.2,"2023-01-16T10:08:00.000Z",1673863680000,10.2,10.2,10.2,0,100,0,,0,,Infinity,100,100,48800,,1019999.9999999999,,1019999.9999999999,
1884.6,-13800,-139530000,236900000,376430000,613330000,19380192.3,25540192.3,18.2,2501.9,0,0,,-11000,-112200000,10.2,"2023-01-16T10:12:00.000Z",1673863920000,10.2,10.2,10.2,0,100,0,,4.4,,Infinity,11000,11000,59800,,112200000,,112200000,
1884.6,-12400,-125250000,295040000,420290000,715330000,19380192.3,25540192.3,2.3,2501.9,0,1.3,5700,1400,14279999.999999993,10.2,"2023-01-16T10:14:00.000Z",1673864040000,10.2,10.2,10.2,57,43,0,3,1.7,,0.8,4300,10000,69800,,102000000,58139999.99999999,43860000,
1884.6,-10900,-109800000,310490000,420290000,730780000,19380192.3,25540192.3,2.5,2501.9,0,Infinity,1500,1500,15450000.000000002,10.3,"2023-01-16T10:16:00.000Z",1673864160000,10.3,10.3,10.3,100,0,0,0.8,,,0,,1500,71300,,15450000.000000002,15450000.000000002,,
1884.6,-9900,-99500000,320790000,420290000,741080000,19380192.3,25540192.3,1.7,2501.9,0,Infinity,1000,1000,10300000,10.3,"2023-01-16T10:18:00.000Z",1673864280000,10.3,10.3,10.3,100,0,0,0.5,,,0,,1000,72300,,10300000,10300000,,
1884.6,-15200,-153560000,320790000,474350000,795140000,19380192.3,25540192.3,8.8,2501.9,0,0,,-5300,-54059999.99999999,10.2,"2023-01-16T10:22:00.000Z",1673864520000,10.2,10.2,10.2,0,100,0,,2.1,,Infinity,5300,5300,77600,,54059999.99999999,,54059999.99999999,
1884.6,-14900,-150500000,323850000,474350000,798200000,19380192.3,25540192.3,0.5,2501.9,0,Infinity,300,300,3060000,10.2,"2023-01-16T10:36:00.000Z",1673865360000,10.2,10.2,10.2,100,0,0,0.2,,,0,,300,77900,,3060000,3060000,,
1884.6,-14600,-147440000,326910000,474350000,801260000,19380192.3,25540192.3,0.5,2501.9,0,Infinity,300,300,3060000,10.2,"2023-01-16T10:40:00.000Z",1673865600000,10.2,10.2,10.2,100,0,0,0.2,,,0,,300,78200,,3060000,3060000,,
1884.6,-14500,-146420000,327930000,474350000,802280000,19380192.3,25540192.3,0.2,2501.9,0,Infinity,100,100,1019999.9999999999,10.2,"2023-01-16T10:54:00.000Z",1673866440000,10.2,10.2,10.2,100,0,0,0.1,,,0,,100,78300,,1019999.9999999999,1019999.9999999999,,
1884.6,-14000,-141320000,333030000,474350000,807380000,19380192.3,25540192.3,0.8,2501.9,0,Infinity,500,500,5100000,10.2,"2023-01-16T11:00:00.000Z",1673866800000,10.2,10.2,10.2,100,0,0,0.3,,,0,,500,78800,,5100000,5100000,,
1884.6,-19800,-200190000,363920000,564110000,928030000,19380192.3,25540192.3,9.6,2501.9,0,0.3,3000,-5800,-58870000,10.3,"2023-01-16T11:02:00.000Z",1673866920000,10.3,10.2,10.2,25.4,74.6,0,1.6,3.5,,2.9,8800,11800,90600,,120650000,30890000,89760000,
1884.6,-19900,-201210000,363920000,565130000,929050000,19380192.3,25540192.3,0.2,2501.9,0,0,,-100,-1019999.9999999999,10.2,"2023-01-16T11:04:00.000Z",1673867040000,10.2,10.2,10.2,0,100,0,,0,,Infinity,100,100,90700,,1019999.9999999999,,1019999.9999999999,
1884.6,-27400,-277710000,363920000,641630000,1005550000,19380192.3,25540192.3,12.4,2501.9,0,0,,-7500,-76500000,10.2,"2023-01-16T11:08:00.000Z",1673867280000,10.2,10.2,10.2,0,100,0,,3,,Infinity,7500,7500,98200,,76500000,,76500000,
1884.6,-23800,-240990000,400640000,641630000,1042270000,19380192.3,25540192.3,6,2501.9,0,Infinity,3600,3600,36720000,10.2,"2023-01-16T11:24:00.000Z",1673868240000,10.2,10.2,10.2,100,0,0,1.9,,,0,,3600,101800,,36720000,36720000,,
1884.6,-22600,-228200000,457290000,685490000,1142780000,19380192.3,25540192.3,2.1,2501.9,0,1.3,5500,1200,12790000.000000007,10.3,"2023-01-16T11:28:00.000Z",1673868480000,10.3,10.2,10.2,56.1,43.9,0,2.9,1.7,,0.8,4300,9800,111600,,100510000,56650000.00000001,43860000,
1884.6,-23600,-238390000,458320000,696710000,1155030000,19380192.3,25540192.3,1.7,2501.9,0,0.1,100,-1000,-10190000,10.2,"2023-01-16T13:00:00.000Z",1673874000000,10.3,10.2,10.3,8.3,91.7,0,0.1,0.4,,11,1100,1200,112800,,12250000,1030000,11220000,
1884.6,-23700,-239410000,458320000,697730000,1156050000,19380192.3,25540192.3,0.2,2501.9,0,0,,-100,-1019999.9999999999,10.2,"2023-01-16T13:02:00.000Z",1673874120000,10.2,10.2,10.2,0,100,0,,0,,Infinity,100,100,112900,,1019999.9999999999,,1019999.9999999999,
1884.6,-14200,-141510000,561320000,702830000,1264150000,19380192.3,25540192.3,15.9,2501.9,0,20,10000,9500,97900000,10.3,"2023-01-16T13:16:00.000Z",1673874960000,10.3,10.2,10.2,95.2,4.8,0,5.3,0.2,,0.1,500,10500,123400,,108100000,103000000,5100000,
1884.6,-18200,-182310000,561320000,743630000,1304950000,19380192.3,25540192.3,6.6,2501.9,0,0,,-4000,-40800000,10.2,"2023-01-16T13:28:00.000Z",1673875680000,10.2,10.2,10.2,0,100,0,,1.6,,Infinity,4000,4000,127400,,40800000,,40800000,
1884.6,-38600,-390390000,561320000,951710000,1513030000,19380192.3,25540192.3,33.8,2501.9,0,0,,-20400,-208080000,10.2,"2023-01-16T13:40:00.000Z",1673876400000,10.2,10.2,10.2,0,100,0,,8.2,,Infinity,20400,20400,147800,,208080000,,208080000,
1884.6,-38200,-386310000,565400000,951710000,1517110000,19380192.3,25540192.3,0.7,2501.9,0,Infinity,400,400,4080000,10.2,"2023-01-16T13:42:00.000Z",1673876520000,10.2,10.2,10.2,100,0,0,0.2,,,0,,400,148200,,4080000,4080000,,
1884.6,-37400,-378150000,575600000,953750000,1529350000,19380192.3,25540192.3,1.3,2501.9,0,5,1000,800,8160000,10.2,"2023-01-16T13:44:00.000Z",1673876640000,10.2,10.2,10.2,83.3,16.7,0,0.5,0.1,,0.2,200,1200,149400,,12240000,10200000,2039999.9999999998,
1884.6,-33200,-335310000,618440000,953750000,1572190000,19380192.3,25540192.3,7,2501.9,0,Infinity,4200,4200,42840000,10.2,"2023-01-16T13:48:00.000Z",1673876880000,10.2,10.2,10.2,100,0,0,2.2,,,0,,4200,153600,,42840000,42840000,,
1884.6,-36200,-365910000,618440000,984350000,1602790000,19380192.3,25540192.3,5,2501.9,0,0,,-3000,-30599999.999999996,10.2,"2023-01-16T13:50:00.000Z",1673877000000,10.2,10.2,10.2,0,100,0,,1.2,,Infinity,3000,3000,156600,,30599999.999999996,,30599999.999999996,
1884.6,-36800,-372000000,621530000,993530000,1615060000,19380192.3,25540192.3,1,2501.9,0,0.3,300,-600,-6090000,10.2,"2023-01-16T13:58:00.000Z",1673877480000,10.3,10.2,10.3,25,75,0,0.2,0.4,,3,900,1200,157800,,12270000,3090000,9180000,
1884.6,-42800,-433200000,621530000,1054730000,1676260000,19380192.3,25540192.3,9.9,2501.9,0,0,,-6000,-61200000,10.2,"2023-01-16T14:02:00.000Z",1673877720000,10.2,10.2,10.2,0,100,0,,2.4,,Infinity,6000,6000,163800,,61200000,,61200000,
1884.6,-42300,-428050000,626680000,1054730000,1681410000,19380192.3,25540192.3,0.8,2501.9,0,Infinity,500,500,5150000,10.3,"2023-01-16T14:06:00.000Z",1673877960000,10.3,10.3,10.3,100,0,0,0.3,,,0,,500,164300,,5150000,5150000,,
1884.6,-42200,-427020000,627710000,1054730000,1682440000,19380192.3,25540192.3,0.2,2501.9,0,Infinity,100,100,1030000,10.3,"2023-01-16T14:16:00.000Z",1673878560000,10.3,10.3,10.3,100,0,0,0.1,,,0,,100,164400,,1030000,1030000,,
1884.6,-42100,-425990000,628740000,1054730000,1683470000,19380192.3,25540192.3,0.2,2501.9,0,Infinity,100,100,1030000,10.3,"2023-01-16T14:18:00.000Z",1673878680000,10.3,10.3,10.3,100,0,0,0.1,,,0,,100,164500,,1030000,1030000,,
1884.6,-41800,-422900000,631830000,1054730000,1686560000,19380192.3,25540192.3,0.5,2501.9,0,Infinity,300,300,3090000,10.3,"2023-01-16T14:20:00.000Z",1673878800000,10.3,10.3,10.3,100,0,0,0.2,,,0,,300,164800,,3090000,3090000,,
1884.6,-46900,-474920000,631830000,1106750000,1738580000,19380192.3,25540192.3,8.4,2501.9,0,0,,-5100,-52020000,10.2,"2023-01-16T14:34:00.000Z",1673879640000,10.2,10.2,10.2,0,100,0,,2,,Infinity,5100,5100,169900,,52020000,,52020000,
1884.6,-60600,-614660000,632850000,1247510000,1880360000,19380192.3,25540192.3,22.7,2501.9,0,0,100,-13700,-139740000,10.2,"2023-01-16T14:38:00.000Z",1673879880000,10.2,10.2,10.2,0.7,99.3,0,0.1,5.5,,138,13800,13900,183800,,141780000,1019999.9999999999,140760000,
1884.6,-68500,-695240000,632850000,1328090000,1960940000,19380192.3,25540192.3,13.1,2501.9,0,0,,-7900,-80580000,10.2,"2023-01-16T14:44:00.000Z",1673880240000,10.2,10.2,10.2,0,100,0,,3.2,,Infinity,7900,7900,191700,,80580000,,80580000,
1884.6,-32100,-320320000,1007770000,1328090000,2335860000,19380192.3,25540192.3,60.9,2501.9,0,Infinity,36400,36400,374920000,10.3,"2023-01-16T14:58:00.000Z",1673881080000,10.3,10.3,10.3,100,0,0,19.3,,,0,,36400,228100,,374920000,374920000,,
