"abu","acum_busd","acum_busd_val","acum_val","asd","auk","bs","bu","bu-sd","bu-sd_val","c","date","datetime","h","l","o","pbu","psd","puk","rbu","rsd","ruk","sb","sd","sum_vol","total_vol","uk","val","val_bu","val_sd","val_uk"
2380,-100,-919999.9999999999,919999.9999999999,1851.3,13.8,0,,-100,-919999.9999999999,9.2,"2023-02-03T04:22:00.000Z",1675398120000,9.2,9.2,9.2,0,100,0,,0.1,,Infinity,100,100,116500,,919999.9999999999,,919999.9999999999,
2380,-300,-921799.9999999999,7311800,1851.3,13.8,0,,-200,-1800,9.2,"2023-02-03T09:00:00.000Z",1675414800000,9.2,9,9,0,22.2,77.8,,0.1,50.7,Infinity,200,900,900,700,6391800,,1800,6390000
2380,2500,24838200,33071800,1851.3,13.8,Infinity,2800,2800,25760000,9.2,"2023-02-03T09:06:00.000Z",1675415160000,9.2,9.2,9.2,100,0,0,1.2,,,0,,2800,3700,,25760000,25760000,,
2380,2300,22998200,34911800,1851.3,13.8,0,,-200,-1839999.9999999998,9.2,"2023-02-03T09:12:00.000Z",1675415520000,9.2,9.2,9.2,0,100,0,,0.1,,Infinity,200,200,3900,,1839999.9999999998,,1839999.9999999998,
2380,1300,13798200,44111800,1851.3,13.8,0,,-1000,-9200000,9.2,"2023-02-03T09:14:00.000Z",1675415640000,9.2,9.2,9.2,0,100,0,,0.5,,Infinity,1000,1000,4900,,9200000,,9200000,
2380,-1700,-13801799.999999996,71711800,1851.3,13.8,0,,-3000,-27599999.999999996,9.2,"2023-02-03T09:16:00.000Z",1675415760000,9.2,9.2,9.2,0,100,0,,1.6,,Infinity,3000,3000,7900,,27599999.999999996,,27599999.999999996,
2380,-2700,-23001799.999999996,80911800,1851.3,13.8,0,,-1000,-9200000,9.2,"2023-02-03T09:20:00.000Z",1675416000000,9.2,9.2,9.2,0,100,0,,0.5,,Infinity,1000,1000,8900,,9200000,,9200000,
2380,5700,54278200,163711800,1851.3,13.8,29,8700,8400,77280000,9.2,"2023-02-03T09:24:00.000Z",1675416240000,9.2,9.2,9.2,96.7,3.3,0,3.7,0.2,,0,300,9000,17900,,82800000,80040000,2760000,
2380,5300,50648200,169181800,1851.3,13.8,0.2,100,-400,-3630000,9.1,"2023-02-03T09:26:00.000Z",1675416360000,9.2,9.1,9.2,16.7,83.3,0,0,0.3,,5,500,600,18500,,5470000,919999.9999999999,4550000,
2380,7600,71808200,190341800,1851.3,13.8,Infinity,2300,2300,21160000,9.2,"2023-02-03T09:30:00.000Z",1675416600000,9.2,9.2,9.2,100,0,0,1,,,0,,2300,20800,,21160000,21160000,,
2380,9900,92968200,211501800,1851.3,13.8,Infinity,2300,2300,21160000,9.2,"2023-02-03T09:32:00.000Z",1675416720000,9.2,9.2,9.2,100,0,0,1,,,0,,2300,23100,,21160000,21160000,,
2380,10900,102168200,220701800,1851.3,13.8,Infinity,1000,1000,9200000,9.2,"2023-02-03T09:36:00.000Z",1675416960000,9.2,9.2,9.2,100,0,0,0.4,,,0,,1000,24100,,9200000,9200000,,
2380,14200,132528200,251061800,1851.3,13.8,Infinity,3300,3300,30360000,9.2,"2023-02-03T09:40:00.000Z",1675417200000,9.2,9.2,9.2,100,0,0,1.4,,,0,,3300,27400,,30360000,30360000,,
2380,14900,138968200,257501800,1851.3,13.8,Infinity,700,700,6440000,9.2,"2023-02-03T09:42:00.000Z",1675417320000,9.2,9.2,9.2,100,0,0,0.3,,,0,,700,28100,,6440000,6440000,,
2380,19600,182208200,300741800,1851.3,13.8,Infinity,4700,4700,43240000,9.2,"2023-02-03T09:44:00.000Z",1675417440000,9.2,9.2,9.2,100,0,0,2,,,0,,4700,32800,,43240000,43240000,,
2380,18600,173008200,309941800,1851.3,13.8,0,,-1000,-9200000,9.2,"2023-02-03T09:48:00.000Z",1675417680000,9.2,9.2,9.2,0,100,0,,0.5,,Infinity,1000,1000,33800,,9200000,,9200000,
2380,16600,154608200,328341800,1851.3,13.8,0,,-2000,-18400000,9.2,"2023-02-03T09:50:00.000Z",1675417800000,9.2,9.2,9.2,0,100,0,,1.1,,Infinity,2000,2000,35800,,18400000,,18400000,
2380,15300,142648200,340301800,1851.3,13.8,0,,-1300,-11959999.999999998,9.2,"2023-02-03T09:54:00.000Z",1675418040000,9.2,9.2,9.2,0,100,0,,0.7,,Infinity,1300,1300,37100,,11959999.999999998,,11959999.999999998,
2380,12300,115048200,367901800,1851.3,13.8,0,,-3000,-27600000,9.2,"2023-02-03T09:56:00.000Z",1675418160000,9.2,9.2,9.2,0,100,0,,1.6,,Infinity,3000,3000,40100,,27600000,,27600000,
2380,11300,105848200,377101800,1851.3,13.8,0,,-1000,-9200000,9.2,"2023-02-03T09:58:00.000Z",1675418280000,9.2,9.2,9.2,0,100,0,,0.5,,Infinity,1000,1000,41100,,9200000,,9200000,
2380,8700,81928200,401021800,1851.3,13.8,0,,-2600,-23919999.999999996,9.2,"2023-02-03T10:00:00.000Z",1675418400000,9.2,9.2,9.2,0,100,0,,1.4,,Infinity,2600,2600,43700,,23919999.999999996,,23919999.999999996,
2380,8800,82848200,401941800,1851.3,13.8,Infinity,100,100,919999.9999999999,9.2,"2023-02-03T10:04:00.000Z",1675418640000,9.2,9.2,9.2,100,0,0,0,,,0,,100,43800,,919999.9999999999,919999.9999999999,,
2380,9200,86528200,405621800,1851.3,13.8,Infinity,400,400,3679999.9999999995,9.2,"2023-02-03T10:06:00.000Z",1675418760000,9.2,9.2,9.2,100,0,0,0.2,,,0,,400,44200,,3679999.9999999995,3679999.9999999995,,
2380,9500,89288200,408381800,1851.3,13.8,Infinity,300,300,2759999.9999999995,9.2,"2023-02-03T10:10:00.000Z",1675419000000,9.2,9.2,9.2,100,0,0,0.1,,,0,,300,44500,,2759999.9999999995,2759999.9999999995,,
2380,20600,191408200,510501800,1851.3,13.8,Infinity,11100,11100,102120000,9.2,"2023-02-03T10:14:00.000Z",1675419240000,9.2,9.2,9.2,100,0,0,4.7,,,0,,11100,55600,,102120000,102120000,,
2380,26100,242008200,561101800,1851.3,13.8,Infinity,5500,5500,50600000,9.2,"2023-02-03T10:16:00.000Z",1675419360000,9.2,9.2,9.2,100,0,0,2.3,,,0,,5500,61100,,50600000,50600000,,
2380,26300,243848200,562941800,1851.3,13.8,Infinity,200,200,1839999.9999999998,9.2,"2023-02-03T10:18:00.000Z",1675419480000,9.2,9.2,9.2,100,0,0,0.1,,,0,,200,61300,,1839999.9999999998,1839999.9999999998,,
2380,29300,271448200,590541800,1851.3,13.8,Infinity,3000,3000,27599999.999999996,9.2,"2023-02-03T10:20:00.000Z",1675419600000,9.2,9.2,9.2,100,0,0,1.3,,,0,,3000,64300,,27599999.999999996,27599999.999999996,,
2380,30300,280648200,599741800,1851.3,13.8,Infinity,1000,1000,9200000,9.2,"2023-02-03T10:22:00.000Z",1675419720000,9.2,9.2,9.2,100,0,0,0.4,,,0,,1000,65300,,9200000,9200000,,
2380,18300,171448200,708941800,1851.3,13.8,0,,-12000,-109200000,9.1,"2023-02-03T10:34:00.000Z",1675420440000,9.1,9.1,9.1,0,100,0,,6.5,,Infinity,12000,12000,77300,,109200000,,109200000,
2380,20300,189848200,727341800,1851.3,13.8,Infinity,2000,2000,18400000,9.2,"2023-02-03T10:36:00.000Z",1675420560000,9.2,9.2,9.2,100,0,0,0.8,,,0,,2000,79300,,18400000,18400000,,
2380,43300,401448200,942621800,1851.3,13.8,116,23200,23000,211600000,9.2,"2023-02-03T10:38:00.000Z",1675420680000,9.2,9.2,9.2,99.1,0.9,0,9.7,0.1,,0,200,23400,102700,,215280000,213440000,1839999.9999999998,
2380,42300,392248200,961021800,1851.3,13.8,0.3,500,-1000,-9199999.999999998,9.2,"2023-02-03T10:40:00.000Z",1675420800000,9.2,9.2,9.2,25,75,0,0.2,0.8,,3,1500,2000,104700,,18400000,4600000,13799999.999999998,
2380,42400,393178200,961951800,1851.3,13.8,Infinity,100,100,930000.0000000001,9.3,"2023-02-03T10:44:00.000Z",1675421040000,9.3,9.3,9.3,100,0,0,0,,,0,,100,104800,,930000.0000000001,930000.0000000001,,
2380,50900,472228200,1041001800,1851.3,13.8,Infinity,8500,8500,79050000,9.3,"2023-02-03T10:46:00.000Z",1675421160000,9.3,9.3,9.3,100,0,0,3.6,,,0,,8500,113300,,79050000,79050000,,
2380,51100,474088200,1042861800,1851.3,13.8,Infinity,200,200,1860000.0000000002,9.3,"2023-02-03T10:56:00.000Z",1675421760000,9.3,9.3,9.3,100,0,0,0.1,,,0,,200,113500,,1860000.0000000002,1860000.0000000002,,
2380,51200,475018200,1043791800,1851.3,13.8,Infinity,100,100,930000.0000000001,9.3,"2023-02-03T10:58:00.000Z",1675421880000,9.3,9.3,9.3,100,0,0,0,,,0,,100,113600,,930000.0000000001,930000.0000000001,,
2380,50400,467678200,1054851800,1851.3,13.8,0.2,200,-800,-7340000,9.3,"2023-02-03T11:02:00.000Z",1675422120000,9.3,9.2,9.2,16.7,83.3,0,0.1,0.5,,5,1000,1200,114800,,11060000,1860000.0000000002,9200000,
2380,49400,458478200,1064051800,1851.3,13.8,0,,-1000,-9200000,9.2,"2023-02-03T11:10:00.000Z",1675422600000,9.2,9.2,9.2,0,100,0,,0.5,,Infinity,1000,1000,115800,,9200000,,9200000,
2380,49500,459408200,1064981800,1851.3,13.8,Infinity,100,100,930000.0000000001,9.3,"2023-02-03T11:12:00.000Z",1675422720000,9.3,9.3,9.3,100,0,0,0,,,0,,100,115900,,930000.0000000001,930000.0000000001,,
2380,50000,464058200,1069631800,1851.3,13.8,Infinity,500,500,4650000,9.3,"2023-02-03T11:16:00.000Z",1675422960000,9.3,9.3,9.3,100,0,0,0.2,,,0,,500,116400,,4650000,4650000,,
2380,23000,215658200.00000003,1318031800,1851.3,13.8,0,,-27000,-248399999.99999997,9.2,"2023-02-03T11:24:00.000Z",1675423440000,9.2,9.2,9.2,0,100,0,,14.6,,Infinity,27000,27000,143500,,248399999.99999997,,248399999.99999997,
2380,21100,198178200.00000003,1335511800,1851.3,13.8,0,,-1900,-17480000,9.2,"2023-02-03T13:00:00.000Z",1675429200000,9.2,9.2,9.2,0,100,0,,1,,Infinity,1900,1900,145400,,17480000,,17480000,
2380,60400,563738200,1713951800,1851.3,13.8,57.1,40000,39300,365560000,9.3,"2023-02-03T13:02:00.000Z",1675429320000,9.3,9.2,9.2,98.3,1.7,0,16.8,0.4,,0,700,40700,186100,,378440000,372000000,6439999.999999999,
2380,63700,594428200,1744641800,1851.3,13.8,Infinity,3300,3300,30690000.000000004,9.3,"2023-02-03T13:10:00.000Z",1675429800000,9.3,9.3,9.3,100,0,0,1.4,,,0,,3300,189400,,30690000.000000004,30690000.000000004,,
2380,63800,595358200,1745571800,1851.3,13.8,Infinity,100,100,930000.0000000001,9.3,"2023-02-03T13:18:00.000Z",1675430280000,9.3,9.3,9.3,100,0,0,0,,,0,,100,189500,,930000.0000000001,930000.0000000001,,
2380,63500,592598200,1748331800,1851.3,13.8,0,,-300,-2760000,9.2,"2023-02-03T13:24:00.000Z",1675430640000,9.2,9.2,9.2,0,100,0,,0.2,,Infinity,300,300,189800,,2760000,,2760000,
2380,49700,465638200,1875291800,1851.3,13.8,0,,-13800,-126960000,9.2,"2023-02-03T13:26:00.000Z",1675430760000,9.2,9.2,9.2,0,100,0,,7.5,,Infinity,13800,13800,203600,,126960000,,126960000,
2380,49100,460118200,1880811800,1851.3,13.8,0,,-600,-5520000,9.2,"2023-02-03T13:28:00.000Z",1675430880000,9.2,9.2,9.2,0,100,0,,0.3,,Infinity,600,600,204200,,5520000,,5520000,
2380,45700,428838200,1923131800,1851.3,13.8,0.2,600,-3400,-31280000,9.2,"2023-02-03T13:30:00.000Z",1675431000000,9.2,9.2,9.2,13,87,0,0.3,2.2,,6.7,4000,4600,208800,,42320000,5520000,36800000,
2380,40700,383338200,1968631800,1851.3,13.8,0,,-5000,-45500000,9.1,"2023-02-03T13:34:00.000Z",1675431240000,9.1,9.1,9.1,0,100,0,,2.7,,Infinity,5000,5000,213800,,45500000,,45500000,
2380,38000,358698200,2074231800,1851.3,13.8,0.6,4400,-2700,-24640000,9.2,"2023-02-03T13:36:00.000Z",1675431360000,9.2,9.1,9.1,38.3,61.7,0,1.8,3.8,,1.6,7100,11500,225300,,105600000,40480000,65120000,
2380,37700,355938200,2084351800,1851.3,13.8,0.6,400,-300,-2760000.0000000005,9.2,"2023-02-03T13:38:00.000Z",1675431480000,9.2,9.2,9.2,36.4,63.6,0,0.2,0.4,,1.8,700,1100,226400,,10120000,3679999.9999999995,6440000,
2380,42700,401938200,2130351800,1851.3,13.8,Infinity,5000,5000,46000000,9.2,"2023-02-03T13:40:00.000Z",1675431600000,9.2,9.2,9.2,100,0,0,2.1,,,0,,5000,231400,,46000000,46000000,,
2380,43000,404698200,2133111800,1851.3,13.8,Infinity,300,300,2759999.9999999995,9.2,"2023-02-03T13:44:00.000Z",1675431840000,9.2,9.2,9.2,100,0,0,0.1,,,0,,300,231700,,2759999.9999999995,2759999.9999999995,,
2380,44300,416658200,2148751800,1851.3,13.8,Infinity,1300,1300,11960000,9.2,"2023-02-03T13:48:00.000Z",1675432080000,9.2,9.2,9.2,76.5,0,23.5,0.5,,29,0,,1700,233400,400,15639999.999999998,11960000,,3679999.9999999995
2380,44400,417578200,2149671800,1851.3,13.8,Infinity,100,100,919999.9999999999,9.2,"2023-02-03T13:50:00.000Z",1675432200000,9.2,9.2,9.2,100,0,0,0,,,0,,100,233500,,919999.9999999999,919999.9999999999,,
2380,39400,372078200,2195171800,1851.3,13.8,0,,-5000,-45500000,9.1,"2023-02-03T13:52:00.000Z",1675432320000,9.1,9.1,9.1,0,100,0,,2.7,,Infinity,5000,5000,238500,,45500000,,45500000,
2380,34400,326578200,2240671800,1851.3,13.8,0,,-5000,-45500000,9.1,"2023-02-03T13:58:00.000Z",1675432680000,9.1,9.1,9.1,0,100,0,,2.7,,Infinity,5000,5000,243500,,45500000,,45500000,
2380,20900,203728200,2363521800,1851.3,13.8,0,,-13500,-122850000,9.1,"2023-02-03T14:00:00.000Z",1675432800000,9.1,9.1,9.1,0,100,0,,7.3,,Infinity,13500,13500,257000,,122850000,,122850000,
2380,14200,142758200,2424491800,1851.3,13.8,0,,-6700,-60970000,9.1,"2023-02-03T14:02:00.000Z",1675432920000,9.1,9.1,9.1,0,100,0,,3.6,,Infinity,6700,6700,263700,,60970000,,60970000,
2380,13200,133658200,2433591800,1851.3,13.8,0,,-1000,-9100000,9.1,"2023-02-03T14:04:00.000Z",1675433040000,9.1,9.1,9.1,0,100,0,,0.5,,Infinity,1000,1000,264700,,9100000,,9100000,
2380,8200,88158200,2479091800,1851.3,13.8,0,,-5000,-45500000,9.1,"2023-02-03T14:08:00.000Z",1675433280000,9.1,9.1,9.1,0,100,0,,2.7,,Infinity,5000,5000,269700,,45500000,,45500000,
2380,12200,124958200,2515891800,1851.3,13.8,Infinity,4000,4000,36800000,9.2,"2023-02-03T14:10:00.000Z",1675433400000,9.2,9.2,9.2,100,0,0,1.7,,,0,,4000,273700,,36800000,36800000,,
2380,15900,158998200,2549931800,1851.3,13.8,Infinity,3700,3700,34039999.99999999,9.2,"2023-02-03T14:12:00.000Z",1675433520000,9.2,9.2,9.2,100,0,0,1.6,,,0,,3700,277400,,34039999.99999999,34039999.99999999,,
2380,15800,158098200,2552671800,1851.3,13.8,0.5,100,-100,-900000.0000000001,9.2,"2023-02-03T14:18:00.000Z",1675433880000,9.2,9.1,9.1,33.3,66.7,0,0,0.1,,2,200,300,277700,,2740000,919999.9999999999,1820000,
2380,20900,205018200,2599591800,1851.3,13.8,Infinity,5100,5100,46920000,9.2,"2023-02-03T14:20:00.000Z",1675434000000,9.2,9.2,9.2,100,0,0,2.1,,,0,,5100,282800,,46920000,46920000,,
2380,42900,407418200,2801991800,1851.3,13.8,Infinity,22000,22000,202400000,9.2,"2023-02-03T14:22:00.000Z",1675434120000,9.2,9.2,9.2,100,0,0,9.2,,,0,,22000,304800,,202400000,202400000,,
2380,45400,430418200,2824991800,1851.3,13.8,Infinity,2500,2500,23000000,9.2,"2023-02-03T14:24:00.000Z",1675434240000,9.2,9.2,9.2,100,0,0,1.1,,,0,,2500,307300,,23000000,23000000,,
2380,44900,425818200,2829591800,1851.3,13.8,0,,-500,-4600000,9.2,"2023-02-03T14:26:00.000Z",1675434360000,9.2,9.2,9.2,0,100,0,,0.3,,Infinity,500,500,307800,,4600000,,4600000,
2380,38600,367868200,2940921800,1851.3,13.8,0.3,2900,-6300,-57950000,9.3,"2023-02-03T14:28:00.000Z",1675434480000,9.3,9.2,9.2,24,76,0,1.2,5,,3.2,9200,12100,319900,,111330000,26689999.999999996,84640000,
2380,36000,343948200,2964841800,1851.3,13.8,0,,-2600,-23920000,9.2,"2023-02-03T14:30:00.000Z",1675434600000,9.2,9.2,9.2,0,100,0,,1.4,,Infinity,2600,2600,322500,,23920000,,23920000,
2380,33600,321868200,2986921800,1851.3,13.8,0,,-2400,-22080000,9.2,"2023-02-03T14:32:00.000Z",1675434720000,9.2,9.2,9.2,0,100,0,,1.3,,Infinity,2400,2400,324900,,22080000,,22080000,
2380,35500,339348200,3004401800,1851.3,13.8,Infinity,1900,1900,17480000,9.2,"2023-02-03T14:34:00.000Z",1675434840000,9.2,9.2,9.2,100,0,0,0.8,,,0,,1900,326800,,17480000,17480000,,
2380,36500,348548200,3013601800,1851.3,13.8,Infinity,1000,1000,9200000,9.2,"2023-02-03T14:36:00.000Z",1675434960000,9.2,9.2,9.2,100,0,0,0.4,,,0,,1000,327800,,9200000,9200000,,
2380,37600,358668200,3023721800,1851.3,13.8,Infinity,1100,1100,10120000,9.2,"2023-02-03T14:38:00.000Z",1675435080000,9.2,9.2,9.2,100,0,0,0.5,,,0,,1100,328900,,10120000,10120000,,
2380,36100,345068200,3046521800,1851.3,13.8,0.3,500,-1500,-13600000,9.1,"2023-02-03T14:40:00.000Z",1675435200000,9.2,9.1,9.2,20,80,0,0.2,1.1,,4,2000,2500,331400,,22800000,4600000,18200000,
2380,36700,350588200,3052041800,1851.3,13.8,Infinity,600,600,5520000,9.2,"2023-02-03T14:42:00.000Z",1675435320000,9.2,9.2,9.2,100,0,0,0.3,,,0,,600,332000,,5520000,5520000,,
2380,41700,396588200,3098041800,1851.3,13.8,Infinity,5000,5000,46000000,9.2,"2023-02-03T14:50:00.000Z",1675435800000,9.2,9.2,9.2,100,0,0,2.1,,,0,,5000,337000,,46000000,46000000,,
2380,42300,402268200,3122121800,1851.3,13.8,1.6,1600,600,5680000.000000002,9.3,"2023-02-03T14:58:00.000Z",1675436280000,9.3,9.2,9.2,61.5,38.5,0,0.7,0.5,,0.6,1000,2600,339600,,24080000,14880000.000000002,9200000,
