"abu","acum_busd","acum_busd_val","acum_val","asd","auk","bs","bu","bu-sd","bu-sd_val","c","date","datetime","h","l","o","pbu","psd","puk","rbu","rsd","ruk","sb","sd","sum_vol","total_vol","uk","val","val_bu","val_sd","val_uk"
700,400,9600000,9600000,1659,1.6,Infinity,400,400,9600000,24,"2023-02-03T04:26:00.000Z",1675398360000,24,24,24,100,0,0,0.6,,,0,,400,58100,,9600000,9600000,,
700,-1400,-34140000,72780000,1659,1.6,0.2,400,-1800,-43740000,24.3,"2023-02-03T09:00:00.000Z",1675414800000,24.3,24.3,24.3,15.4,84.6,0,0.6,1.3,,5.5,2200,2600,2600,,63180000,9720000,53460000,
700,-1200,-29280000,77640000,1659,1.6,Infinity,200,200,4860000,24.3,"2023-02-03T09:02:00.000Z",1675414920000,24.3,24.3,24.3,100,0,0,0.3,,,0,,200,2800,,4860000,4860000,,
700,-800,-19560000,87360000,1659,1.6,Infinity,400,400,9720000,24.3,"2023-02-03T09:08:00.000Z",1675415280000,24.3,24.3,24.3,100,0,0,0.6,,,0,,400,3200,,9720000,9720000,,
700,-4200,-99480000,243440000,1659,1.6,0.3,1600,-3400,-79920000,23.8,"2023-02-03T09:12:00.000Z",1675415520000,23.8,23.6,23.8,24.2,75.8,0,2.3,3,,3.1,5000,6600,9800,,156080000,38080000,118000000,
700,-7300,-172240000,453880000,1659,1.6,0.5,2900,-3100,-72760000,23.6,"2023-02-03T09:14:00.000Z",1675415640000,23.8,23.6,23.8,32.6,67.4,0,4.1,3.6,,2.1,6000,8900,18700,,210440000,68840000,141600000,
700,-1600,-36580000,589540000,1659,1.6,Infinity,5700,5700,135660000,23.8,"2023-02-03T09:18:00.000Z",1675415880000,23.8,23.8,23.8,100,0,0,8.1,,,0,,5700,24400,,135660000,135660000,,
700,800,20540000,646660000,1659,1.6,Infinity,2400,2400,57120000,23.8,"2023-02-03T09:20:00.000Z",1675416000000,23.8,23.8,23.8,100,0,0,3.4,,,0,,2400,26800,,57120000,57120000,,
700,5000,120500000,746620000,1659,1.6,Infinity,4200,4200,99960000,23.8,"2023-02-03T09:22:00.000Z",1675416120000,23.8,23.8,23.8,100,0,0,6,,,0,,4200,31000,,99960000,99960000,,
700,7900,189520000,815640000,1659,1.6,Infinity,2900,2900,69020000,23.8,"2023-02-03T09:24:00.000Z",1675416240000,23.8,23.8,23.8,100,0,0,4.1,,,0,,2900,33900,,69020000,69020000,,
700,9600,229980000,856100000,1659,1.6,Infinity,1700,1700,40460000,23.8,"2023-02-03T09:26:00.000Z",1675416360000,23.8,23.8,23.8,100,0,0,2.4,,,0,,1700,35600,,40460000,40460000,,
700,10200,244260000,870380000,1659,1.6,Infinity,600,600,14280000,23.8,"2023-02-03T09:28:00.000Z",1675416480000,23.8,23.8,23.8,100,0,0,0.9,,,0,,600,36200,,14280000,14280000,,
700,17100,408480000,1053640000,1659,1.6,18.3,7300,6900,164220000,23.8,"2023-02-03T09:30:00.000Z",1675416600000,23.8,23.8,23.8,94.8,5.2,0,10.4,0.2,,0.1,400,7700,43900,,183260000,173740000,9520000,
700,15100,360880000,1101240000,1659,1.6,0,,-2000,-47600000,23.8,"2023-02-03T09:36:00.000Z",1675416960000,23.8,23.8,23.8,0,100,0,,1.2,,Infinity,2000,2000,45900,,47600000,,47600000,
700,15300,365640000,1106000000,1659,1.6,Infinity,200,200,4760000,23.8,"2023-02-03T09:38:00.000Z",1675417080000,23.8,23.8,23.8,100,0,0,0.3,,,0,,200,46100,,4760000,4760000,,
700,15500,370440000,1110800000,1659,1.6,Infinity,200,200,4800000,24,"2023-02-03T09:42:00.000Z",1675417320000,24,24,24,100,0,0,0.3,,,0,,200,46300,,4800000,4800000,,
700,16200,387240000,1127600000,1659,1.6,Infinity,700,700,16800000,24,"2023-02-03T09:44:00.000Z",1675417440000,24,24,24,100,0,0,1,,,0,,700,47000,,16800000,16800000,,
700,21500,514440000,1254800000,1659,1.6,Infinity,5300,5300,127200000,24,"2023-02-03T09:46:00.000Z",1675417560000,24,24,24,100,0,0,7.6,,,0,,5300,52300,,127200000,127200000,,
700,21900,524040000,1264400000,1659,1.6,Infinity,400,400,9600000,24,"2023-02-03T09:48:00.000Z",1675417680000,24,24,24,100,0,0,0.6,,,0,,400,52700,,9600000,9600000,,
700,22200,531240000,1271600000,1659,1.6,Infinity,300,300,7200000,24,"2023-02-03T09:50:00.000Z",1675417800000,24,24,24,100,0,0,0.4,,,0,,300,53000,,7200000,7200000,,
700,20800,497780000,1305060000,1659,1.6,0,,-1400,-33460000,23.9,"2023-02-03T10:24:00.000Z",1675419840000,23.9,23.9,23.9,0,100,0,,0.8,,Infinity,1400,1400,54400,,33460000,,33460000,
700,20700,495390000,1307450000,1659,1.6,0,,-100,-2390000,23.9,"2023-02-03T10:26:00.000Z",1675419960000,23.9,23.9,23.9,0,100,0,,0.1,,Infinity,100,100,54500,,2390000,,2390000,
700,20800,497790000,1309850000,1659,1.6,Infinity,100,100,2400000,24,"2023-02-03T10:34:00.000Z",1675420440000,24,24,24,100,0,0,0.1,,,0,,100,54600,,2400000,2400000,,
700,19800,473890000,1333750000,1659,1.6,0,,-1000,-23900000,23.9,"2023-02-03T10:38:00.000Z",1675420680000,23.9,23.9,23.9,0,100,0,,0.6,,Infinity,1000,1000,55600,,23900000,,23900000,
700,18800,449990000,1357650000,1659,1.6,0,,-1000,-23900000,23.9,"2023-02-03T10:44:00.000Z",1675421040000,23.9,23.9,23.9,0,100,0,,0.6,,Infinity,1000,1000,56600,,23900000,,23900000,
700,18300,438040000,1369600000,1659,1.6,0,,-500,-11950000,23.9,"2023-02-03T10:46:00.000Z",1675421160000,23.9,23.9,23.9,0,100,0,,0.3,,Infinity,500,500,57100,,11950000,,11950000,
700,18400,440440000,1372000000,1659,1.6,Infinity,100,100,2400000,24,"2023-02-03T11:10:00.000Z",1675422600000,24,24,24,100,0,0,0.1,,,0,,100,57200,,2400000,2400000,,
700,18900,452440000,1384000000,1659,1.6,Infinity,500,500,12000000,24,"2023-02-03T11:16:00.000Z",1675422960000,24,24,24,100,0,0,0.7,,,0,,500,57700,,12000000,12000000,,
700,17900,428540000,1407900000,1659,1.6,0,,-1000,-23900000,23.9,"2023-02-03T11:28:00.000Z",1675423680000,23.9,23.9,23.9,0,100,0,,0.6,,Infinity,1000,1000,59100,,23900000,,23900000,
700,17000,407040000,1434200000,1659,1.6,0.1,100,-900,-21500000,23.9,"2023-02-03T13:00:00.000Z",1675429200000,24,23.9,24,9.1,90.9,0,0.1,0.6,,10,1000,1100,60200,,26300000,2400000,23900000,
700,14000,335350000,1510690000,1659,1.6,0,100,-3000,-71690000,24,"2023-02-03T13:08:00.000Z",1675429680000,24,23.9,23.9,3.1,96.9,0,0.1,1.9,,31,3100,3200,63400,,76490000,2400000,74090000,
700,14200,340150000,1515490000,1659,1.6,Infinity,200,200,4800000,24,"2023-02-03T13:14:00.000Z",1675430040000,24,24,24,100,0,0,0.3,,,0,,200,63600,,4800000,4800000,,
700,14300,342550000,1517890000,1659,1.6,Infinity,100,100,2400000,24,"2023-02-03T13:20:00.000Z",1675430400000,24,24,24,100,0,0,0.1,,,0,,100,63700,,2400000,2400000,,
700,14400,344950000,1520290000,1659,1.6,Infinity,100,100,2400000,24,"2023-02-03T13:24:00.000Z",1675430640000,24,24,24,100,0,0,0.1,,,0,,100,63800,,2400000,2400000,,
700,14000,335390000,1529850000,1659,1.6,0,,-400,-9560000,23.9,"2023-02-03T13:30:00.000Z",1675431000000,23.9,23.9,23.9,0,100,0,,0.2,,Infinity,400,400,64200,,9560000,,9560000,
700,13800,330610000,1534630000,1659,1.6,0,,-200,-4780000,23.9,"2023-02-03T13:36:00.000Z",1675431360000,23.9,23.9,23.9,0,100,0,,0.1,,Infinity,200,200,64400,,4780000,,4780000,
700,13200,316280000,1553760000,1659,1.6,0.1,100,-600,-14330000,24,"2023-02-03T13:40:00.000Z",1675431600000,24,23.9,23.9,12.5,87.5,0,0.1,0.4,,7,700,800,65200,,19130000,2400000,16730000,
700,12800,306730000,1568110000,1659,1.6,0.2,100,-400,-9550000,24,"2023-02-03T13:42:00.000Z",1675431720000,24,23.9,23.9,16.7,83.3,0,0.1,0.3,,5,500,600,65800,,14350000,2400000,11950000,
700,9800,235040000,1644600000,1659,1.6,0,100,-3000,-71690000,24,"2023-02-03T13:46:00.000Z",1675431960000,24,23.9,23.9,3.1,96.9,0,0.1,1.9,,31,3100,3200,69000,,76490000,2400000,74090000,
700,9600,230270000,1654170000,1659,1.6,0.3,100,-200,-4770000,23.9,"2023-02-03T13:48:00.000Z",1675432080000,24,23.9,23.9,25,75,0,0.1,0.2,,3,300,400,69400,,9570000,2400000,7170000,
700,9800,235070000,1658970000,1659,1.6,Infinity,200,200,4800000,24,"2023-02-03T13:50:00.000Z",1675432200000,24,24,24,100,0,0,0.3,,,0,,200,69600,,4800000,4800000,,
700,-1000,-23049999.99999997,1917090000,1659,1.6,0,,-10800,-258119999.99999997,23.9,"2023-02-03T13:56:00.000Z",1675432560000,23.9,23.9,23.9,0,100,0,,6.5,,Infinity,10800,10800,80400,,258119999.99999997,,258119999.99999997,
700,-4700,-111479999.99999997,2005520000,1659,1.6,0,,-3700,-88430000,23.9,"2023-02-03T13:58:00.000Z",1675432680000,23.9,23.9,23.9,0,100,0,,2.2,,Infinity,3700,3700,84100,,88430000,,88430000,
700,-8500,-202299999.99999997,2096340000,1659,1.6,0,,-3800,-90820000,23.9,"2023-02-03T14:00:00.000Z",1675432800000,23.9,23.9,23.9,0,100,0,,2.3,,Infinity,3800,3800,87900,,90820000,,90820000,
700,-12200,-290730000,2184770000,1659,1.6,0,,-3700,-88430000,23.9,"2023-02-03T14:02:00.000Z",1675432920000,23.9,23.9,23.9,0,100,0,,2.2,,Infinity,3700,3700,91600,,88430000,,88430000,
700,-12400,-295510000,2189550000,1659,1.6,0,,-200,-4780000,23.9,"2023-02-03T14:04:00.000Z",1675433040000,23.9,23.9,23.9,0,100,0,,0.1,,Infinity,200,200,91800,,4780000,,4780000,
700,-18400,-438910000,2332950000,1659,1.6,0,,-6000,-143400000,23.9,"2023-02-03T14:10:00.000Z",1675433400000,23.9,23.9,23.9,0,100,0,,3.6,,Infinity,6000,6000,97800,,143400000,,143400000,
700,-18600,-443690000,2337730000,1659,1.6,0,,-200,-4780000,23.9,"2023-02-03T14:12:00.000Z",1675433520000,23.9,23.9,23.9,0,100,0,,0.1,,Infinity,200,200,98000,,4780000,,4780000,
700,-23500,-560800000,2454840000,1659,1.6,0,,-4900,-117110000,23.9,"2023-02-03T14:16:00.000Z",1675433760000,23.9,23.9,23.9,0,100,0,,3,,Infinity,4900,4900,102900,,117110000,,117110000,
700,-36400,-869110000,2763150000,1659,1.6,0,,-12900,-308310000,23.9,"2023-02-03T14:18:00.000Z",1675433880000,23.9,23.9,23.9,0,100,0,,7.8,,Infinity,12900,12900,115800,,308310000,,308310000,
700,-38700,-924080000,2818120000,1659,1.6,0,,-2300,-54970000,23.9,"2023-02-03T14:20:00.000Z",1675434000000,23.9,23.9,23.9,0,100,0,,1.4,,Infinity,2300,2300,118100,,54970000,,54970000,
700,-38200,-912080000,2830120000,1659,1.6,Infinity,500,500,12000000,24,"2023-02-03T14:22:00.000Z",1675434120000,24,24,24,100,0,0,0.7,,,0,,500,118600,,12000000,12000000,,
700,-39800,-950450000,2882950000,1659,1.6,0.2,300,-1600,-38370000,24.1,"2023-02-03T14:24:00.000Z",1675434240000,24.1,24,24,13.6,86.4,0,0.4,1.1,,6.3,1900,2200,120800,,52830000,7230000,45600000,
700,-39200,-935990000,2899820000,1659,1.6,Infinity,600,600,14460000,24.1,"2023-02-03T14:26:00.000Z",1675434360000,24.1,24.1,24.1,85.7,0,14.3,0.9,,62.5,0,,700,121500,100,16870000,14460000,,2410000
700,-39000,-931170000,2904640000,1659,1.6,Infinity,200,200,4820000,24.1,"2023-02-03T14:32:00.000Z",1675434720000,24.1,24.1,24.1,100,0,0,0.3,,,0,,200,121700,,4820000,4820000,,
700,-40600,-969570000,2943040000,1659,1.6,0,,-1600,-38400000,24,"2023-02-03T14:34:00.000Z",1675434840000,24,24,24,0,100,0,,1,,Infinity,1600,1600,123300,,38400000,,38400000,
700,-41600,-993570000,2967040000,1659,1.6,0,,-1000,-24000000,24,"2023-02-03T14:38:00.000Z",1675435080000,24,24,24,0,100,0,,0.6,,Infinity,1000,1000,124300,,24000000,,24000000,
700,-41500,-991160000,2969450000,1659,1.6,Infinity,100,100,2410000,24.1,"2023-02-03T14:42:00.000Z",1675435320000,24.1,24.1,24.1,100,0,0,0.1,,,0,,100,124400,,2410000,2410000,,
700,-41200,-983930000,2976680000,1659,1.6,Infinity,300,300,7230000,24.1,"2023-02-03T14:46:00.000Z",1675435560000,24.1,24.1,24.1,100,0,0,0.4,,,0,,300,124700,,7230000,7230000,,
700,-57200,-1369430000,3410580000,1659,1.6,0.1,1000,-16000,-385500000,24.1,"2023-02-03T14:56:00.000Z",1675436160000,24.2,24.1,24.1,5.6,94.4,0,1.4,10.2,,17,17000,18000,142700,,433900000,24200000,409700000,
700,-58500,-1400760000,3441910000,1659,1.6,0,,-1300,-31330000,24.1,"2023-02-03T14:58:00.000Z",1675436280000,24.1,24.1,24.1,0,100,0,,0.8,,Infinity,1300,1300,144000,,31330000,,31330000,
