"abu","acum_busd","acum_busd_val","acum_val","asd","auk","bs","bu","bu-sd","bu-sd_val","c","date","datetime","h","l","o","pbu","psd","puk","rbu","rsd","ruk","sb","sd","sum_vol","total_vol","uk","val","val_bu","val_sd","val_uk"
54239.1,500,10970000,5263720000,66667.4,10539.1,1,137200,500,10970000,13.6,"2023-02-03T09:15:00.000Z",1675415700000,13.7,13.5,13.5,35.4,35.3,29.3,2.5,2.1,10.8,1,136700,387400,387400,113500,5263720000,1871220000,1860250000,1532250000
54239.1,97200,1328050000,6733120000,66667.4,10539.1,18.3,102300,96700,1317080000,13.65,"2023-02-03T09:20:00.000Z",1675416000000,13.65,13.6,13.6,94.8,5.2,0,1.9,0.1,,0.1,5600,107900,495300,,1469400000,1393240000,76160000,
54239.1,89900,1230150000,7584500000,66667.4,10539.1,0.8,27600,-7300,-97900000,13.6,"2023-02-03T09:25:00.000Z",1675416300000,13.65,13.6,13.65,44.2,55.8,0,0.5,0.5,,1.3,34900,62500,557800,,851380000,376740000,474640000,
54239.1,404800,5560520000,15441980000,66667.4,10539.1,3.4,443600,314900,4330370000,13.8,"2023-02-03T09:30:00.000Z",1675416600000,13.8,13.6,13.65,77.5,22.5,0,8.2,1.9,,0.3,128700,572300,1130100,,7857480000,6093925000,1763555000,
54239.1,506300,6972550000,21971580000,66667.4,10539.1,1.5,286800,101500,1412030000,13.7,"2023-02-03T09:35:00.000Z",1675416900000,13.9,13.7,13.8,60.7,39.3,0,5.3,2.8,,0.6,185300,472100,1602200,,6529600000,3970815000,2558785000,
54239.1,477600,6581430000,22710680000,66667.4,10539.1,0.3,12700,-28700,-391120000,13.65,"2023-02-03T09:40:00.000Z",1675417200000,13.7,13.65,13.7,23.5,76.5,0,0.2,0.6,,3.3,41400,54100,1656300,,739100000,173990000,565110000,
54239.1,421000,5806510000,24179620000,66667.4,10539.1,0.3,25300,-56600,-774920000,13.7,"2023-02-03T09:45:00.000Z",1675417500000,13.75,13.65,13.7,23.6,76.4,0,0.5,1.2,,3.2,81900,107200,1763500,,1468940000,347010000,1121930000,
54239.1,400900,5532270000,24892360000,66667.4,10539.1,0.4,16000,-20100,-274240000,13.65,"2023-02-03T09:50:00.000Z",1675417800000,13.75,13.65,13.7,30.7,69.3,0,0.3,0.5,,2.3,36100,52100,1815600,,712740000,219250000,493490000,
54239.1,365500,5049215000,25659465000,66667.4,10539.1,0.2,10400,-35400,-483055000,13.65,"2023-02-03T09:55:00.000Z",1675418100000,13.7,13.6,13.65,18.5,81.5,0,0.2,0.7,,4.4,45800,56200,1871800,,767105000,142025000,625080000,
54239.1,353200,4882570000,26437630000,66667.4,10539.1,0.6,22400,-12300,-166645000,13.65,"2023-02-03T10:00:00.000Z",1675418400000,13.65,13.6,13.65,39.2,60.8,0,0.4,0.5,,1.5,34700,57100,1928900,,778165000,305760000,472405000,
54239.1,314800,4358410000,26980900000,66667.4,10539.1,0,700,-38400,-524160000,13.65,"2023-02-03T10:05:00.000Z",1675418700000,13.65,13.65,13.65,1.8,98.2,0,0,0.6,,55.9,39100,39800,1968700,,543270000,9555000,533715000,
54239.1,319100,4418370000,28759690000,66667.4,10539.1,1.1,67500,4300,59960000,13.6,"2023-02-03T10:10:00.000Z",1675419000000,13.65,13.55,13.65,51.6,48.4,0,1.2,0.9,,0.9,63200,130700,2099400,,1778790000,919375000,859415000,
54239.1,295500,4097555000,29638105000,66667.4,10539.1,0.5,20500,-23600,-320815000,13.6,"2023-02-03T10:15:00.000Z",1675419300000,13.6,13.55,13.6,31.7,68.3,0,0.4,0.7,,2.2,44100,64600,2164000,,878415000,278800000,599615000,
54239.1,265900,3698150000,30888770000,66667.4,10539.1,0.5,31200,-29600,-399405000,13.55,"2023-02-03T10:20:00.000Z",1675419600000,13.65,13.55,13.6,33.9,66.1,0,0.6,0.9,,1.9,60800,92000,2256000,,1250665000,425630000,825035000,
54239.1,221000,3089230000,32136890000,66667.4,10539.1,0.3,23500,-44900,-608920000,13.6,"2023-02-03T10:25:00.000Z",1675419900000,13.6,13.55,13.55,25.6,74.4,0,0.4,1,,2.9,68400,91900,2347900,,1248120000,319600000,928520000,
54239.1,300200,4170400000,33275280000,66667.4,10539.1,38.7,81300,79200,1081170000,13.7,"2023-02-03T10:30:00.000Z",1675420200000,13.7,13.6,13.65,97.5,2.5,0,1.5,0,,0,2100,83400,2431300,,1138390000,1109780000,28610000,
54239.1,468300,6480855000,35929485000,66667.4,10539.1,14.4,180600,168100,2310455000,13.75,"2023-02-03T10:35:00.000Z",1675420500000,13.8,13.7,13.7,93.5,6.5,0,3.3,0.2,,0.1,12500,193100,2624400,,2654205000,2482330000,171875000,
54239.1,464200,6424930000,36227410000,66667.4,10539.1,0.7,8800,-4100,-55925000,13.7,"2023-02-03T10:40:00.000Z",1675420800000,13.75,13.7,13.75,40.6,59.4,0,0.2,0.2,,1.5,12900,21700,2646100,,297925000,121000000,176925000,
54239.1,400700,5556100000,37109940000,66667.4,10539.1,0,500,-63500,-868830000,13.65,"2023-02-03T10:45:00.000Z",1675421100000,13.7,13.65,13.7,0.8,99.2,0,0,1,,128,64000,64500,2710600,,882530000,6850000,875680000,
54239.1,400300,5550750000,37175570000,66667.4,10539.1,0.8,2200,-400,-5350000,13.7,"2023-02-03T10:50:00.000Z",1675421400000,13.7,13.65,13.65,45.8,54.2,0,0,0,,1.2,2600,4800,2715400,,65630000,30140000,35490000,
54239.1,398900,5531815000,37290405000,66667.4,10539.1,0.7,3500,-1400,-18935000,13.65,"2023-02-03T10:55:00.000Z",1675421700000,13.7,13.65,13.65,41.7,58.3,0,0.1,0.1,,1.4,4900,8400,2723800,,114835000,47950000,66885000,
54239.1,375300,5209675000,37885545000,66667.4,10539.1,0.3,9000,-23600,-322140000,13.65,"2023-02-03T11:00:00.000Z",1675422000000,13.65,13.65,13.65,20.6,74.8,4.6,0.2,0.5,0.2,3.6,32600,43600,2767400,2000,595140000,122850000,444990000,27300000
54239.1,329600,4589715000,39450805000,66667.4,10539.1,0.4,34700,-45700,-619960000,13.6,"2023-02-03T11:05:00.000Z",1675422300000,13.65,13.55,13.65,30.1,69.8,0.1,0.6,1.2,0,2.3,80400,115200,2882600,100,1565260000,471970000,1091930000,1360000
54239.1,335600,4671320000,39578650000,66667.4,10539.1,4.5,7700,6000,81605000,13.6,"2023-02-03T11:10:00.000Z",1675422600000,13.65,13.6,13.6,81.9,18.1,0,0.1,0,,0.2,1700,9400,2892000,,127845000,104725000,23120000,
54239.1,333700,4645480000,39745930000,66667.4,10539.1,0.7,5200,-1900,-25840000,13.6,"2023-02-03T11:15:00.000Z",1675422900000,13.6,13.6,13.6,42.3,57.7,0,0.1,0.1,,1.4,7100,12300,2904300,,167280000,70720000,96560000,
54239.1,316700,4414920000,40325930000,66667.4,10539.1,0.4,12800,-17000,-230560000,13.6,"2023-02-03T11:20:00.000Z",1675423200000,13.65,13.6,13.6,30,70,0,0.2,0.4,,2.3,29800,42600,2946900,,580000000,174720000,405280000,
54239.1,283200,3959320000,40781530000,66667.4,10539.1,0,,-33500,-455600000,13.6,"2023-02-03T11:25:00.000Z",1675423500000,13.6,13.6,13.6,0,100,0,,0.5,,Infinity,33500,33500,2980400,,455600000,,455600000,
54239.1,199400,2828215000,42785525000,66667.4,10539.1,0.3,32100,-83800,-1131105000,13.5,"2023-02-03T13:00:00.000Z",1675429200000,13.6,13.5,13.6,21.7,78.3,0,0.6,1.7,,3.6,115900,148000,3128400,,2003995000,436445000,1567550000,
54239.1,196500,2788315000,44307575000,66667.4,10539.1,0.9,54700,-2900,-39900000,13.5,"2023-02-03T13:05:00.000Z",1675429500000,13.55,13.45,13.5,48.4,51,0.5,1,0.9,0.1,1.1,57600,112900,3241300,600,1522050000,737040000,776940000,8070000
54239.1,162500,2331475000,45647315000,66667.4,10539.1,0.5,32700,-34000,-456840000,13.45,"2023-02-03T13:10:00.000Z",1675429800000,13.5,13.45,13.45,32.9,67.1,0,0.6,1,,2,66700,99400,3340700,,1339740000,441450000,898290000,
54239.1,114400,1684705000,47539755000,66667.4,10539.1,0.5,46300,-48100,-646770000,13.45,"2023-02-03T13:15:00.000Z",1675430100000,13.5,13.4,13.45,32.9,67.1,0,0.9,1.4,,2,94400,140700,3481400,,1892440000,622835000,1269605000,
54239.1,156300,2250710000,48296750000,66667.4,10539.1,6.9,49000,41900,566005000,13.45,"2023-02-03T13:20:00.000Z",1675430400000,13.5,13.45,13.45,87.3,12.7,0,0.9,0.1,,0.1,7100,56100,3537500,,756995000,661500000,95495000,
54239.1,-140300,-1724480000,52900810000,66667.4,10539.1,0.1,23300,-296600,-3975190000,13.4,"2023-02-03T13:25:00.000Z",1675430700000,13.5,13.4,13.5,6.8,93.2,0,0.4,4.8,,13.7,319900,343200,3880700,,4604060000,314435000,4289625000,
54239.1,-345400,-4472690000,55810080000,66667.4,10539.1,0,6000,-205100,-2748210000,13.4,"2023-02-03T13:30:00.000Z",1675431000000,13.45,13.4,13.4,2.8,97.2,0,0.1,3.2,,35.2,211100,217100,4097800,,2909270000,80530000,2828740000,
54239.1,-287400,-3694170000,57392520000,66667.4,10539.1,2.9,88000,58000,778520000,13.45,"2023-02-03T13:35:00.000Z",1675431300000,13.45,13.35,13.4,74.6,25.4,0,1.6,0.4,,0.3,30000,118000,4215800,,1582440000,1180480000,401960000,
54239.1,-243500,-3103555000,58339625000,66667.4,10539.1,4.3,57200,43900,590615000,13.45,"2023-02-03T13:40:00.000Z",1675431600000,13.45,13.4,13.45,81.1,18.9,0,1.1,0.2,,0.2,13300,70500,4286300,,947105000,768860000,178245000,
54239.1,-276200,-3542795000,59153925000,66667.4,10539.1,0.3,13900,-32700,-439240000,13.45,"2023-02-03T13:45:00.000Z",1675431900000,13.5,13.45,13.45,23,77,0,0.3,0.7,,3.4,46600,60500,4346800,,814300000,187530000,626770000,
54239.1,-341600,-4421825000,60205115000,66667.4,10539.1,0.1,6400,-65400,-879030000,13.4,"2023-02-03T13:50:00.000Z",1675432200000,13.45,13.4,13.45,8.2,91.8,0,0.1,1.1,,11.2,71800,78200,4425000,,1051190000,86080000,965110000,
54239.1,-528000,-6918525000,62927755000,66667.4,10539.1,0,8400,-186400,-2496700000,13.35,"2023-02-03T13:55:00.000Z",1675432500000,13.45,13.35,13.4,4.1,95.9,0,0.2,2.9,,23.2,194800,203200,4628200,,2722640000,112970000,2609670000,
54239.1,-715400,-9409710000,67609360000,66667.4,10539.1,0.3,82000,-187400,-2491185000,13.4,"2023-02-03T14:00:00.000Z",1675432800000,13.45,13.25,13.35,23.3,76.7,0,1.5,4,,3.3,269400,351400,4979600,,4681605000,1095210000,3586395000,
54239.1,-707900,-9307150000,69420530000,66667.4,10539.1,1.1,71300,7500,102560000,13.45,"2023-02-03T14:05:00.000Z",1675433100000,13.45,13.3,13.45,52.8,47.2,0,1.3,1,,0.9,63800,135100,5114700,,1811170000,956865000,854305000,
54239.1,-670400,-8804385000,70477995000,66667.4,10539.1,2.8,58200,37500,502765000,13.45,"2023-02-03T14:10:00.000Z",1675433400000,13.45,13.35,13.4,73.8,26.2,0,1.1,0.3,,0.4,20700,78900,5193600,,1057465000,780115000,277350000,
54239.1,-559400,-7304910000,72824810000,66667.4,10539.1,4.5,142500,111000,1499475000,13.55,"2023-02-03T14:15:00.000Z",1675433700000,13.6,13.4,13.4,81.9,18.1,0,2.6,0.5,,0.2,31500,174000,5367600,,2346815000,1923145000,423670000,
54239.1,-456600,-5906025000,74660005000,66667.4,10539.1,7.4,118900,102800,1398885000,13.6,"2023-02-03T14:20:00.000Z",1675434000000,13.6,13.55,13.6,88.1,11.9,0,2.2,0.2,,0.1,16100,135000,5502600,,1835195000,1617040000,218155000,
54239.1,-571700,-7453625000,77017965000,66667.4,10539.1,0.2,30100,-115100,-1547600000,13.45,"2023-02-03T14:25:00.000Z",1675434300000,13.55,13.4,13.55,17.2,82.8,0,0.6,2.2,,4.8,145200,175300,5677900,,2357960000,405180000,1952780000,
54239.1,-571700,-7453625000,81957205000,66667.4,10539.1,NaN,,0,0,13.4,"2023-02-03T14:45:00.000Z",1675435500000,13.4,13.4,13.4,0,0,100,,,35,NaN,,368600,6046500,368600,4939240000,,,4939240000
