"abu","acum_busd","acum_busd_val","acum_val_bu","acum_val_sd","acum_val","avg_val_bu","avg_val_sd","rbusd","asd","auk","bs","bu","bu-sd","bu-sd_val","c","date","datetime","h","l","o","pbu","psd","puk","rbu","rsd","ruk","sb","sd","sum_vol","total_vol","uk","val","val_bu","val_sd","val_uk"
14371.7,-70700,-293635000.00000006,19680000,313315000.00000006,332995000.00000006,59012717.4,69728260.9,27.4,17073.9,43.5,0.1,4800,-70700,-293635000.00000006,4.1,"2023-02-03T09:15:00.000Z",1675415700000,4.15,4.1,4.15,6,94,0,0.3,4.4,,15.7,75500,80300,80300,,332995000.00000006,19680000,313315000.00000006,
14371.7,-67200,-279100000.00000006,35035000,314135000.00000006,349170000.00000006,59012717.4,69728260.9,-1.4,17073.9,43.5,18.5,3700,3500,14535000.000000002,4.15,"2023-02-03T09:20:00.000Z",1675416000000,4.15,4.1,4.1,94.9,5.1,0,0.3,0,,0.1,200,3900,84200,,16175000.000000002,15355000.000000002,819999.9999999999,
14371.7,-72200,-299703000.00000006,35035000,334738000.00000006,369773000.00000006,59012717.4,69728260.9,1.9,17073.9,43.5,0,,-5000,-20603000,4.12,"2023-02-03T09:25:00.000Z",1675416300000,4.13,4.12,4.13,0,100,0,,0.3,,Infinity,5000,5000,89200,,20603000,,20603000,
14371.7,-73300,-304235000.00000006,35035000,339270000.00000006,374305000.00000006,59012717.4,69728260.9,0.4,17073.9,43.5,0,,-1100,-4532000,4.12,"2023-02-03T09:30:00.000Z",1675416600000,4.12,4.12,4.12,0,100,0,,0.1,,Infinity,1100,1100,90300,,4532000,,4532000,
14371.7,-16800,-71028000.00000006,433586000,504614000.00000006,946400000,59012717.4,69728260.9,-21.8,17073.9,43.5,2.4,96800,56500,233207000,4.15,"2023-02-03T09:35:00.000Z",1675416900000,4.15,4.1,4.12,69.6,29,1.4,6.7,2.4,46,0.4,40300,139100,229400,2000,572095000,398551000,165344000,8200000
14371.7,-14900,-63171000.00000006,441443000,504614000.00000006,954257000,59012717.4,69728260.9,-0.7,17073.9,43.5,Infinity,1900,1900,7857000,4.13,"2023-02-03T09:40:00.000Z",1675417200000,4.14,4.13,4.14,100,0,0,0.1,,,0,,1900,231300,,7857000,7857000,,
14371.7,-15000,-63582000.00000006,441443000,505025000.00000006,954668000,59012717.4,69728260.9,0,17073.9,43.5,0,,-100,-411000.00000000006,4.11,"2023-02-03T09:45:00.000Z",1675417500000,4.11,4.11,4.11,0,100,0,,0,,Infinity,100,100,231400,,411000.00000000006,,411000.00000000006,
14371.7,-37300,-154941000.00000006,447923000,602864000,1058987000,59012717.4,69728260.9,8.5,17073.9,43.5,0.1,1600,-22300,-91359000,4.05,"2023-02-03T09:50:00.000Z",1675417800000,4.11,4.05,4.11,6.3,93.7,0,0.1,1.4,,14.9,23900,25500,256900,,104319000,6480000,97839000,
14371.7,-42900,-177616000.00000006,454813000,632429000,1095442000,59012717.4,69728260.9,2.1,17073.9,43.5,0.2,1700,-5600,-22675000,4.05,"2023-02-03T09:55:00.000Z",1675418100000,4.1,4.05,4.1,18.9,81.1,0,0.1,0.4,,4.3,7300,9000,265900,,36455000,6890000,29565000,
14371.7,-43800,-181011000.00000006,475313000,656324000,1139837000,59012717.4,69728260.9,0.3,17073.9,43.5,0.8,5000,-900,-3395000,4.1,"2023-02-03T10:00:00.000Z",1675418400000,4.1,4.05,4.05,45.9,54.1,0,0.3,0.3,,1.2,5900,10900,276800,,44395000,20500000,23895000,
14371.7,-43200,-178551000.00000006,477773000,656324000,1142297000,59012717.4,69728260.9,-0.2,17073.9,43.5,Infinity,600,600,2460000,4.1,"2023-02-03T10:05:00.000Z",1675418700000,4.1,4.1,4.1,100,0,0,0,,,0,,600,277400,,2460000,2460000,,
14371.7,-42900,-177321000.00000006,479003000,656324000,1143527000,59012717.4,69728260.9,-0.1,17073.9,43.5,Infinity,300,300,1230000,4.1,"2023-02-03T10:10:00.000Z",1675419000000,4.1,4.1,4.1,100,0,0,0,,,0,,300,277700,,1230000,1230000,,
14371.7,-39600,-163790000.00000006,492943000,656733000,1157876000,59012717.4,69728260.9,-1.3,17073.9,43.5,34,3400,3300,13530999.999999998,4.09,"2023-02-03T10:15:00.000Z",1675419300000,4.1,4.09,4.1,97.1,2.9,0,0.2,0,,0,100,3500,281200,,14348999.999999998,13939999.999999998,409000,
14371.7,-38500,-159313000.00000006,499455000,658768000,1166423000,59012717.4,69728260.9,-0.4,17073.9,43.5,3.2,1600,1100,4477000,4.07,"2023-02-03T10:20:00.000Z",1675419600000,4.07,4.07,4.07,76.2,23.8,0,0.1,0,,0.3,500,2100,283300,,8547000,6512000,2035000,
14371.7,-43200,-178412000.00000006,525543000,703955000,1237698000,59012717.4,69728260.9,1.8,17073.9,43.5,0.6,6400,-4700,-19099000,4.07,"2023-02-03T10:25:00.000Z",1675419900000,4.09,4.07,4.08,36.6,63.4,0,0.4,0.7,,1.7,11100,17500,300800,,71275000,26088000,45187000,
14371.7,17900,71810999.99999994,937044000,865233000,1810477000,59012717.4,69728260.9,-23.4,17073.9,43.5,2.6,100500,61100,250223000,4.06,"2023-02-03T10:30:00.000Z",1675420200000,4.1,4.06,4.08,71.8,28.2,0,7,2.3,,0.4,39400,139900,440700,,572779000,411501000,161278000,
14371.7,51800,210839999.99999994,1076891000,866051000,1951142000,59012717.4,69728260.9,-13,17073.9,43.5,170.5,34100,33900,139029000,4.1,"2023-02-03T10:35:00.000Z",1675420500000,4.11,4.09,4.1,99.4,0.6,0,2.4,0,,0,200,34300,475000,,140665000,139847000,818000,
14371.7,52000,211659999.99999994,1077711000,866051000,1951962000,59012717.4,69728260.9,-0.1,17073.9,43.5,Infinity,200,200,819999.9999999999,4.1,"2023-02-03T10:40:00.000Z",1675420800000,4.1,4.1,4.1,100,0,0,0,,,0,,200,475200,,819999.9999999999,819999.9999999999,,
14371.7,100700,411478999.99999994,1296390000,884911000,2189501000,59012717.4,69728260.9,-18.6,17073.9,43.5,11.6,53300,48700,199819000,4.11,"2023-02-03T10:45:00.000Z",1675421100000,4.11,4.1,4.11,92.1,7.9,0,3.7,0.3,,0.1,4600,57900,533100,,237539000,218679000,18860000,
14371.7,116400,476200999.99999994,1389840000,913639000,2311679000,59012717.4,69728260.9,-6,17073.9,43.5,3.2,22700,15700,64722000,4.11,"2023-02-03T10:50:00.000Z",1675421400000,4.12,4.1,4.1,76.4,23.6,0,1.6,0.4,,0.3,7000,29700,562800,,122178000,93450000,28728000,
14371.7,133500,547444000,1551903000,1004459000,2564562000,59012717.4,69728260.9,-6.6,17073.9,43.5,1.8,39100,17100,71243000,4.13,"2023-02-03T10:55:00.000Z",1675421700000,4.15,4.11,4.11,64,36,0,2.7,1.3,,0.6,22000,61100,623900,,252883000,162063000,90820000,
14371.7,112100,459076000,1558525000,1099449000,2666174000,59012717.4,69728260.9,8.2,17073.9,43.5,0.1,1600,-21400,-88368000,4.14,"2023-02-03T11:00:00.000Z",1675422000000,4.14,4.13,4.13,6.5,93.5,0,0.1,1.3,,14.4,23000,24600,648500,,101612000,6622000,94990000,
14371.7,116000,475235000,1585034000,1109799000,2703033000,59012717.4,69728260.9,-1.5,17073.9,43.5,2.6,6400,3900,16159000,4.14,"2023-02-03T11:05:00.000Z",1675422300000,4.15,4.14,4.14,71.9,28.1,0,0.4,0.1,,0.4,2500,8900,657400,,36859000,26509000,10350000,
14371.7,112400,460441000,1644236000,1183795000,2836231000,59012717.4,69728260.9,1.4,17073.9,43.5,0.8,14300,-3600,-14794000,4.13,"2023-02-03T11:10:00.000Z",1675422600000,4.14,4.13,4.14,44.4,55.6,0,1,1,,1.3,17900,32200,689600,,133198000,59202000,73996000,
14371.7,119400,489421000,1673216000,1183795000,2865211000,59012717.4,69728260.9,-2.7,17073.9,43.5,Infinity,7000,7000,28980000,4.14,"2023-02-03T11:15:00.000Z",1675422900000,4.14,4.14,4.14,100,0,0,0.5,,,0,,7000,696600,,28980000,28980000,,
14371.7,119300,489007000,1673216000,1184209000,2865625000,59012717.4,69728260.9,0,17073.9,43.5,0,,-100,-413999.99999999994,4.14,"2023-02-03T11:20:00.000Z",1675423200000,4.14,4.14,4.14,0,100,0,,0,,Infinity,100,100,696700,,413999.99999999994,,413999.99999999994,
14371.7,119000,487769000,1673630000,1185861000,2867691000,59012717.4,69728260.9,0.1,17073.9,43.5,0.3,100,-300,-1238000,4.14,"2023-02-03T11:25:00.000Z",1675423500000,4.14,4.13,4.13,20,80,0,0,0,,4,400,500,697200,,2066000,413999.99999999994,1652000,
14371.7,94300,386001000,1700122000,1314121000,3022443000,59012717.4,69728260.9,9.5,17073.9,43.5,0.2,6400,-24700,-101768000,4.14,"2023-02-03T13:00:00.000Z",1675429200000,4.14,4.11,4.14,17.1,82.9,0,0.4,1.8,,4.9,31100,37500,734700,,154752000,26492000,128260000,
14371.7,22100,89958000,1730052000,1640094000,3378346000,59012717.4,69728260.9,27.6,17073.9,43.5,0.1,7300,-72200,-296043000,4.1,"2023-02-03T13:05:00.000Z",1675429500000,4.12,4.1,4.12,8.4,91.6,0,0.5,4.7,,10.9,79500,86800,821500,,355903000,29930000,325973000,
14371.7,45600,186308000,1826402000,1640094000,3474696000,59012717.4,69728260.9,-9,17073.9,43.5,Infinity,23500,23500,96350000,4.1,"2023-02-03T13:10:00.000Z",1675429800000,4.1,4.1,4.1,100,0,0,1.6,,,0,,23500,845000,,96350000,96350000,,
14371.7,45300,185080000,1826812000,1641732000,3476744000,59012717.4,69728260.9,0.1,17073.9,43.5,0.3,100,-300,-1228000,4.09,"2023-02-03T13:15:00.000Z",1675430100000,4.1,4.09,4.1,20,80,0,0,0,,4,400,500,845500,,2047999.9999999998,409999.99999999994,1638000,
14371.7,46600,190410000,1833782000,1643372000,3485354000,59012717.4,69728260.9,-0.5,17073.9,43.5,4.3,1700,1300,5330000,4.1,"2023-02-03T13:20:00.000Z",1675430400000,4.1,4.1,4.1,81,19,0,0.1,0,,0.2,400,2100,847600,,8610000,6970000,1639999.9999999998,
14371.7,50200,205160000,1854692000,1649532000,3512424000,59012717.4,69728260.9,-1.4,17073.9,43.5,3.4,5100,3600,14750000,4.1,"2023-02-03T13:25:00.000Z",1675430700000,4.11,4.1,4.11,77.3,22.7,0,0.4,0.1,,0.3,1500,6600,854200,,27070000,20910000,6160000,
14371.7,50700,207220000,1856752000,1649532000,3514484000,59012717.4,69728260.9,-0.2,17073.9,43.5,Infinity,500,500,2060000,4.12,"2023-02-03T13:30:00.000Z",1675431000000,4.12,4.12,4.12,100,0,0,0,,,0,,500,854700,,2060000,2060000,,
14371.7,46800,191793000,1897849000,1706056000,3612105000,59012717.4,69728260.9,1.4,17073.9,43.5,0.7,10000,-3900,-15426999.999999993,4.11,"2023-02-03T13:35:00.000Z",1675431300000,4.11,4.06,4.1,41.8,58.2,0,0.7,0.8,,1.4,13900,23900,878600,,97621000,41097000,56523999.99999999,
14371.7,40600,166571000,1897849000,1731278000,3637327000,59012717.4,69728260.9,2.4,17073.9,43.5,0,,-6200,-25222000,4.06,"2023-02-03T13:40:00.000Z",1675431600000,4.07,4.06,4.07,0,100,0,,0.4,,Infinity,6200,6200,884800,,25222000,,25222000,
14371.7,39400,161687000,1897849000,1736162000,3642211000,59012717.4,69728260.9,0.5,17073.9,43.5,0,,-1200,-4884000,4.07,"2023-02-03T13:45:00.000Z",1675431900000,4.07,4.07,4.07,0,100,0,,0.1,,Infinity,1200,1200,886000,,4884000,,4884000,
14371.7,29400,120987000,1897849000,1776862000,3682911000,59012717.4,69728260.9,3.8,17073.9,43.5,0,,-10000,-40700000,4.07,"2023-02-03T13:50:00.000Z",1675432200000,4.07,4.07,4.07,0,100,0,,0.6,,Infinity,10000,10000,896000,,40700000,,40700000,
14371.7,26200,107962000,1897849000,1789887000,3695936000,59012717.4,69728260.9,1.2,17073.9,43.5,0,,-3200,-13025000,4.07,"2023-02-03T13:55:00.000Z",1675432500000,4.08,4.07,4.07,0,100,0,,0.2,,Infinity,3200,3200,899200,,13025000,,13025000,
14371.7,-67800,-273167000,1909617000,2182784000,4100601000,59012717.4,69728260.9,35.6,17073.9,43.5,0,2900,-94000,-381129000,4.07,"2023-02-03T14:00:00.000Z",1675432800000,4.07,4.02,4.07,2.9,97.1,0,0.2,5.7,,33.4,96900,99800,999000,,404665000,11768000,392897000,
14371.7,-81300,-327434000,1993655000,2321089000,4322944000,59012717.4,69728260.9,5.1,17073.9,43.5,0.6,20500,-13500,-54267000,4.06,"2023-02-03T14:05:00.000Z",1675433100000,4.1,4.05,4.08,37.6,62.4,0,1.4,2,,1.7,34000,54500,1053500,,222343000,84038000,138305000,
14371.7,-98600,-397595000,1993655000,2391250000,4393105000,59012717.4,69728260.9,6.5,17073.9,43.5,0,,-17300,-70161000,4.05,"2023-02-03T14:10:00.000Z",1675433400000,4.06,4.05,4.06,0,100,0,,1,,Infinity,17300,17300,1070800,,70161000,,70161000,
14371.7,-95700,-385671000,2018135000,2403806000,4430141000,59012717.4,69728260.9,-1.1,17073.9,43.5,1.9,6000,2900,11924000,4.08,"2023-02-03T14:15:00.000Z",1675433700000,4.08,4.05,4.05,65.9,34.1,0,0.4,0.2,,0.5,3100,9100,1079900,,37036000,24480000,12556000,
14371.7,300,7655000,2497971000,2490316000,4996487000,59012717.4,69728260.9,-36.7,17073.9,43.5,5.5,117100,96000,393326000,4.1,"2023-02-03T14:20:00.000Z",1675434000000,4.1,4.08,4.08,84.7,15.3,0,8.1,1.2,,0.2,21100,138200,1218100,,566346000,479836000,86509999.99999999,
14371.7,51100,215701000,2714585000,2498884000,5221669000,59012717.4,69728260.9,-19.4,17073.9,43.5,25.2,52900,50800,208046000,4.08,"2023-02-03T14:25:00.000Z",1675434300000,4.1,4.08,4.1,96.2,3.8,0,3.7,0.1,,0,2100,55000,1273100,,225182000,216614000,8568000,
14371.7,-124300,-492915000,2714585000,3207500000,5930285000,59012717.4,69728260.9,66.1,17073.9,43.5,0,,-175400,-708616000,4.04,"2023-02-03T14:45:00.000Z",1675435500000,4.04,4.04,4.04,0,100,0,,10.3,,Infinity,175400,175400,1448500,,708616000,,708616000,
