"abu","acum_busd","acum_busd_val","acum_val","asd","auk","bs","bu","bu-sd","bu-sd_val","c","date","datetime","h","l","o","pbu","psd","puk","rbu","rsd","ruk","sb","sd","sum_vol","total_vol","uk","val","val_bu","val_sd","val_uk"
1512.7,-1200,-15485000,15485000,2398.6,201.4,0,,-1200,-15485000,12.9,"2023-02-03T09:30:00.000Z",1675416600000,12.95,12.9,12.95,0,100,0,,0.5,,Infinity,1200,1200,1200,,15485000,,15485000,
1512.7,-2000,-25805000,25805000,2398.6,201.4,0,,-800,-10320000,12.9,"2023-02-03T09:34:00.000Z",1675416840000,12.9,12.9,12.9,0,100,0,,0.3,,Infinity,800,800,2000,,10320000,,10320000,
1512.7,-3000,-38705000,38705000,2398.6,201.4,0,,-1000,-12900000,12.9,"2023-02-03T09:40:00.000Z",1675417200000,12.9,12.9,12.9,0,100,0,,0.4,,Infinity,1000,1000,3000,,12900000,,12900000,
1512.7,-3100,-40000000,40000000,2398.6,201.4,0,,-100,-1295000,12.95,"2023-02-03T09:44:00.000Z",1675417440000,12.95,12.95,12.95,0,100,0,,0,,Infinity,100,100,3100,,1295000,,1295000,
1512.7,-1100,-14000000,66000000,2398.6,201.4,Infinity,2000,2000,26000000,13,"2023-02-03T09:48:00.000Z",1675417680000,13,13,13,100,0,0,1.3,,,0,,2000,5100,,26000000,26000000,,
1512.7,-1100,-13990000,68610000,2398.6,201.4,1,100,0,10000,13.1,"2023-02-03T09:52:00.000Z",1675417920000,13.1,13,13,50,50,0,0.1,0,,1,100,200,5300,,2610000,1310000,1300000,
1512.7,-1300,-16590000,71210000,2398.6,201.4,0,,-200,-2600000,13,"2023-02-03T10:06:00.000Z",1675418760000,13,13,13,0,100,0,,0.1,,Infinity,200,200,5500,,2600000,,2600000,
1512.7,-1800,-23090000,77710000,2398.6,201.4,0,,-500,-6500000,13,"2023-02-03T10:08:00.000Z",1675418880000,13,13,13,0,100,0,,0.2,,Infinity,500,500,6000,,6500000,,6500000,
1512.7,-3100,-39990000,94610000,2398.6,201.4,0,,-1300,-16900000,13,"2023-02-03T10:12:00.000Z",1675419120000,13,13,13,0,100,0,,0.5,,Infinity,1300,1300,7300,,16900000,,16900000,
1512.7,-3000,-38685000,98505000,2398.6,201.4,2,200,100,1305000,13,"2023-02-03T10:26:00.000Z",1675419960000,13,12.95,12.95,66.7,33.3,0,0.1,0,,0.5,100,300,7600,,3895000,2600000,1295000,
1512.7,-2900,-37385000,99805000,2398.6,201.4,Infinity,100,100,1300000,13,"2023-02-03T10:28:00.000Z",1675420080000,13,13,13,100,0,0,0.1,,,0,,100,7700,,1300000,1300000,,
1512.7,-2100,-26985000,110205000,2398.6,201.4,Infinity,800,800,10400000,13,"2023-02-03T10:34:00.000Z",1675420440000,13,13,13,100,0,0,0.5,,,0,,800,8500,,10400000,10400000,,
1512.7,6200,80915000,218105000,2398.6,201.4,Infinity,8300,8300,107900000,13,"2023-02-03T10:36:00.000Z",1675420560000,13,13,13,100,0,0,5.5,,,0,,8300,16800,,107900000,107900000,,
1512.7,6800,88745000,244205000,2398.6,201.4,Infinity,600,600,7830000,13.05,"2023-02-03T10:38:00.000Z",1675420680000,13.05,13.05,13.05,30,0,70,0.4,,7,0,,2000,18800,1400,26100000,7830000,,18270000
1512.7,5800,75695000,257255000,2398.6,201.4,0,,-1000,-13050000,13.05,"2023-02-03T10:42:00.000Z",1675420920000,13.05,13.05,13.05,0,100,0,,0.4,,Infinity,1000,1000,19800,,13050000,,13050000,
1512.7,4900,63950000,269000000,2398.6,201.4,0,,-900,-11745000,13.05,"2023-02-03T10:44:00.000Z",1675421040000,13.05,13.05,13.05,0,100,0,,0.4,,Infinity,900,900,20700,,11745000,,11745000,
1512.7,4600,60060000,280720000,2398.6,201.4,0.5,300,-300,-3890000,13,"2023-02-03T10:46:00.000Z",1675421160000,13.05,13,13.05,33.3,66.7,0,0.2,0.3,,2,600,900,21600,,11720000,3915000,7805000,
1512.7,2600,34060000,306720000,2398.6,201.4,0,,-2000,-26000000,13,"2023-02-03T10:48:00.000Z",1675421280000,13,13,13,0,100,0,,0.8,,Infinity,2000,2000,23600,,26000000,,26000000,
1512.7,-400,-4940000,345720000,2398.6,201.4,0,,-3000,-39000000,13,"2023-02-03T10:50:00.000Z",1675421400000,13,13,13,0,100,0,,1.3,,Infinity,3000,3000,26600,,39000000,,39000000,
1512.7,100,1585000,352245000,2398.6,201.4,Infinity,500,500,6525000,13.05,"2023-02-03T10:54:00.000Z",1675421640000,13.05,13.05,13.05,100,0,0,0.3,,,0,,500,27100,,6525000,6525000,,
1512.7,400,5515000,356175000,2398.6,201.4,Infinity,300,300,3930000,13.1,"2023-02-03T10:56:00.000Z",1675421760000,13.1,13.1,13.1,100,0,0,0.2,,,0,,300,27400,,3930000,3930000,,
1512.7,2800,36955000,387615000,2398.6,201.4,Infinity,2400,2400,31440000,13.1,"2023-02-03T11:00:00.000Z",1675422000000,13.1,13.1,13.1,100,0,0,1.6,,,0,,2400,29800,,31440000,31440000,,
1512.7,3600,47435000,398095000,2398.6,201.4,Infinity,800,800,10480000,13.1,"2023-02-03T11:04:00.000Z",1675422240000,13.1,13.1,13.1,100,0,0,0.5,,,0,,800,30600,,10480000,10480000,,
1512.7,3400,44815000,400715000,2398.6,201.4,0,,-200,-2620000,13.1,"2023-02-03T11:06:00.000Z",1675422360000,13.1,13.1,13.1,0,100,0,,0.1,,Infinity,200,200,30800,,2620000,,2620000,
1512.7,2800,36985000,408545000,2398.6,201.4,0,,-600,-7830000,13.05,"2023-02-03T11:08:00.000Z",1675422480000,13.05,13.05,13.05,0,100,0,,0.3,,Infinity,600,600,31400,,7830000,,7830000,
1512.7,2100,27850000,428120000,2398.6,201.4,0.4,400,-700,-9135000,13.05,"2023-02-03T11:10:00.000Z",1675422600000,13.05,13.05,13.05,26.7,73.3,0,0.3,0.5,,2.8,1100,1500,32900,,19575000,5220000,14355000,
1512.7,100,1850000,454120000,2398.6,201.4,0,,-2000,-26000000,13,"2023-02-03T11:14:00.000Z",1675422840000,13,13,13,0,100,0,,0.8,,Infinity,2000,2000,34900,,26000000,,26000000,
1512.7,-3800,-48850000,504820000,2398.6,201.4,0,,-3900,-50700000,13,"2023-02-03T11:20:00.000Z",1675423200000,13,13,13,0,100,0,,1.6,,Infinity,3900,3900,38800,,50700000,,50700000,
1512.7,-5800,-74850000,530820000,2398.6,201.4,0,,-2000,-26000000,13,"2023-02-03T11:24:00.000Z",1675423440000,13,13,13,0,100,0,,0.8,,Infinity,2000,2000,40800,,26000000,,26000000,
1512.7,-25500,-329260000,785230000,2398.6,201.4,0,,-19700,-254410000,12.8,"2023-02-03T11:26:00.000Z",1675423560000,13,12.8,13,0,100,0,,8.2,,Infinity,19700,19700,60500,,254410000,,254410000,
1512.7,-13700,-183285000,1321755000,2398.6,201.4,1.8,27300,11800,145975000,12.5,"2023-02-03T11:28:00.000Z",1675423680000,12.75,12.5,12.75,63.8,36.2,0,18,6.5,,0.6,15500,42800,103300,,536525000,341250000,195275000,
1512.7,-34700,-447605000,1586075000,2398.6,201.4,0,,-21000,-264320000,12.6,"2023-02-03T13:00:00.000Z",1675429200000,12.7,12.55,12.6,0,100,0,,8.8,,Infinity,21000,21000,124300,,264320000,,264320000,
1512.7,-35800,-461530000,1622950000,2398.6,201.4,0.5,900,-1100,-13925000,12.75,"2023-02-03T13:02:00.000Z",1675429320000,12.75,12.7,12.7,31,69,0,0.6,0.8,,2.2,2000,2900,127200,,36875000,11475000,25400000,
1512.7,-45800,-587685000,1749105000,2398.6,201.4,0,,-10000,-126155000,12.55,"2023-02-03T13:04:00.000Z",1675429440000,12.7,12.55,12.7,0,100,0,,4.2,,Infinity,10000,10000,137200,,126155000,,126155000,
1512.7,-44800,-574935000,1761855000,2398.6,201.4,Infinity,1000,1000,12750000,12.75,"2023-02-03T13:08:00.000Z",1675429680000,12.75,12.75,12.75,100,0,0,0.7,,,0,,1000,138200,,12750000,12750000,,
1512.7,-44000,-564735000,1772055000,2398.6,201.4,Infinity,800,800,10200000,12.75,"2023-02-03T13:10:00.000Z",1675429800000,12.75,12.75,12.75,100,0,0,0.5,,,0,,800,139000,,10200000,10200000,,
1512.7,-61900,-790045000,2040205000,2398.6,201.4,0.1,1700,-17900,-225310000,12.6,"2023-02-03T13:12:00.000Z",1675429920000,12.7,12.55,12.7,8,92,0,1.1,8.2,,11.5,19600,21300,160300,,268150000,21420000,246730000,
1512.7,-61900,-789890000,2068100000,2398.6,201.4,1,1100,0,155000,12.75,"2023-02-03T13:14:00.000Z",1675430040000,12.75,12.6,12.6,50,50,0,0.7,0.5,,1,1100,2200,162500,,27895000,14025000,13870000,
1512.7,-59300,-756740000,2101250000,2398.6,201.4,Infinity,2600,2600,33150000,12.75,"2023-02-03T13:16:00.000Z",1675430160000,12.75,12.75,12.75,100,0,0,1.7,,,0,,2600,165100,,33150000,33150000,,
1512.7,-60100,-766850000,2136860000,2398.6,201.4,0.6,1000,-800,-10110000,12.7,"2023-02-03T13:18:00.000Z",1675430280000,12.75,12.7,12.7,35.7,64.3,0,0.7,0.8,,1.8,1800,2800,167900,,35610000,12750000,22860000,
1512.7,-62600,-798510000,2219320000,2398.6,201.4,0.4,2000,-2500,-31660000,12.6,"2023-02-03T13:22:00.000Z",1675430520000,12.7,12.6,12.7,30.8,69.2,0,1.3,1.9,,2.3,4500,6500,174400,,82460000,25400000,57060000,
1512.7,-63400,-808630000,2229440000,2398.6,201.4,0,,-800,-10120000,12.65,"2023-02-03T13:24:00.000Z",1675430640000,12.65,12.65,12.65,0,100,0,,0.3,,Infinity,800,800,175200,,10120000,,10120000,
1512.7,-63600,-811160000,2231970000,2398.6,201.4,0,,-200,-2530000,12.65,"2023-02-03T13:26:00.000Z",1675430760000,12.65,12.65,12.65,0,100,0,,0.1,,Infinity,200,200,175400,,2530000,,2530000,
1512.7,-67900,-865555000,2288895000,2398.6,201.4,0,100,-4300,-54395000,12.65,"2023-02-03T13:28:00.000Z",1675430880000,12.65,12.65,12.65,2.2,97.8,0,0.1,1.8,,44,4400,4500,179900,,56925000,1265000,55660000,
1512.7,-61500,-784450000,2385240000,2398.6,201.4,11.7,7000,6400,81105000,12.7,"2023-02-03T13:30:00.000Z",1675431000000,12.7,12.65,12.65,92.1,7.9,0,4.6,0.3,,0.1,600,7600,187500,,96345000,88725000,7620000,
1512.7,-59900,-764130000,2418260000,2398.6,201.4,4.2,2100,1600,20320000,12.7,"2023-02-03T13:32:00.000Z",1675431120000,12.7,12.7,12.7,80.8,19.2,0,1.4,0.2,,0.2,500,2600,190100,,33020000,26670000,6350000,
1512.7,-59200,-755240000,2427150000,2398.6,201.4,Infinity,700,700,8890000,12.7,"2023-02-03T13:34:00.000Z",1675431240000,12.7,12.7,12.7,100,0,0,0.5,,,0,,700,190800,,8890000,8890000,,
1512.7,-60200,-767890000,2439800000,2398.6,201.4,0,,-1000,-12650000,12.65,"2023-02-03T13:36:00.000Z",1675431360000,12.65,12.65,12.65,0,100,0,,0.4,,Infinity,1000,1000,191800,,12650000,,12650000,
1512.7,-60000,-765350000,2442340000,2398.6,201.4,Infinity,200,200,2540000,12.7,"2023-02-03T13:38:00.000Z",1675431480000,12.7,12.7,12.7,100,0,0,0.1,,,0,,200,192000,,2540000,2540000,,
1512.7,-58400,-745030000,2462660000,2398.6,201.4,Infinity,1600,1600,20320000,12.7,"2023-02-03T13:40:00.000Z",1675431600000,12.7,12.7,12.7,100,0,0,1.1,,,0,,1600,193600,,20320000,20320000,,
1512.7,-61600,-785630000,2523660000,2398.6,201.4,0.2,800,-3200,-40600000,12.7,"2023-02-03T13:42:00.000Z",1675431720000,12.75,12.7,12.7,16.7,83.3,0,0.5,1.7,,5,4000,4800,198400,,61000000,10200000,50800000,
1512.7,-63300,-807220000,2545250000,2398.6,201.4,0,,-1700,-21590000,12.7,"2023-02-03T13:44:00.000Z",1675431840000,12.7,12.7,12.7,0,100,0,,0.7,,Infinity,1700,1700,200100,,21590000,,21590000,
1512.7,-62100,-791980000,2560490000,2398.6,201.4,Infinity,1200,1200,15240000,12.7,"2023-02-03T13:46:00.000Z",1675431960000,12.7,12.7,12.7,100,0,0,0.8,,,0,,1200,201300,,15240000,15240000,,
1512.7,-62100,-791980000,2626530000,2398.6,201.4,1,2600,0,0,12.7,"2023-02-03T13:50:00.000Z",1675432200000,12.7,12.7,12.7,50,50,0,1.7,1.1,,1,2600,5200,206500,,66040000,33020000,33020000,
1512.7,-57800,-737105000,2681405000,2398.6,201.4,Infinity,4300,4300,54875000,12.8,"2023-02-03T13:52:00.000Z",1675432320000,12.8,12.75,12.75,100,0,0,2.8,,,0,,4300,210800,,54875000,54875000,,
1512.7,-57700,-735825000,2682685000,2398.6,201.4,Infinity,100,100,1280000,12.8,"2023-02-03T13:54:00.000Z",1675432440000,12.8,12.8,12.8,100,0,0,0.1,,,0,,100,210900,,1280000,1280000,,
1512.7,-60700,-774075000,2720935000,2398.6,201.4,0,,-3000,-38250000,12.75,"2023-02-03T13:56:00.000Z",1675432560000,12.75,12.75,12.75,0,100,0,,1.3,,Infinity,3000,3000,213900,,38250000,,38250000,
1512.7,-66400,-846750000,2793610000,2398.6,201.4,0,,-5700,-72675000,12.75,"2023-02-03T13:58:00.000Z",1675432680000,12.75,12.75,12.75,0,100,0,,2.4,,Infinity,5700,5700,219600,,72675000,,72675000,
1512.7,-81700,-1041690000,3026950000,2398.6,201.4,0.1,1500,-15300,-194940000,12.7,"2023-02-03T14:00:00.000Z",1675432800000,12.8,12.7,12.75,8.2,91.8,0,1,7,,11.2,16800,18300,237900,,233340000,19200000,214140000,
1512.7,-81100,-1033980000,3065140000,2398.6,201.4,1.5,1800,600,7710000,12.75,"2023-02-03T14:04:00.000Z",1675433040000,12.75,12.7,12.7,60,40,0,1.2,0.5,,0.7,1200,3000,240900,,38190000,22950000,15240000,
1512.7,-82100,-1046680000,3077840000,2398.6,201.4,0,,-1000,-12700000,12.7,"2023-02-03T14:06:00.000Z",1675433160000,12.7,12.7,12.7,0,100,0,,0.4,,Infinity,1000,1000,241900,,12700000,,12700000,
1512.7,-87600,-1116430000,3213630000,2398.6,201.4,0.3,2600,-5500,-69750000,12.7,"2023-02-03T14:10:00.000Z",1675433400000,12.7,12.65,12.7,24.3,75.7,0,1.7,3.4,,3.1,8100,10700,252600,,135790000,33020000,102770000,
1512.7,-81800,-1042770000,3287290000,2398.6,201.4,Infinity,5800,5800,73660000,12.7,"2023-02-03T14:12:00.000Z",1675433520000,12.7,12.7,12.7,100,0,0,3.8,,,0,,5800,258400,,73660000,73660000,,
1512.7,-80200,-1022450000,3307610000,2398.6,201.4,Infinity,1600,1600,20320000,12.7,"2023-02-03T14:16:00.000Z",1675433760000,12.7,12.7,12.7,100,0,0,1.1,,,0,,1600,260000,,20320000,20320000,,
1512.7,-76500,-975425000,3354635000,2398.6,201.4,Infinity,3700,3700,47025000,12.75,"2023-02-03T14:18:00.000Z",1675433880000,12.75,12.7,12.7,100,0,0,2.4,,,0,,3700,263700,,47025000,47025000,,
1512.7,-73400,-935750000,3394310000,2398.6,201.4,Infinity,3100,3100,39675000,12.8,"2023-02-03T14:20:00.000Z",1675434000000,12.8,12.75,12.75,100,0,0,2,,,0,,3100,266800,,39675000,39675000,,
1512.7,-70900,-903750000,3426310000,2398.6,201.4,Infinity,2500,2500,32000000,12.8,"2023-02-03T14:22:00.000Z",1675434120000,12.8,12.8,12.8,100,0,0,1.7,,,0,,2500,269300,,32000000,32000000,,
1512.7,-67100,-854920000,3475140000,2398.6,201.4,Infinity,3800,3800,48830000,12.85,"2023-02-03T14:24:00.000Z",1675434240000,12.85,12.85,12.85,100,0,0,2.5,,,0,,3800,273100,,48830000,48830000,,
1512.7,-65200,-830485000,3509815000,2398.6,201.4,5.8,2300,1900,24435000,12.8,"2023-02-03T14:26:00.000Z",1675434360000,12.85,12.8,12.85,85.2,14.8,0,1.5,0.2,,0.2,400,2700,275800,,34675000,29555000,5120000,
1512.7,-62900,-801045000,3552055000,2398.6,201.4,5.6,2800,2300,29440000,12.8,"2023-02-03T14:28:00.000Z",1675434480000,12.8,12.8,12.8,84.8,15.2,0,1.9,0.2,,0.2,500,3300,279100,,42240000,35840000,6400000,
1512.7,-62900,-801045000,3719755000,2398.6,201.4,NaN,,0,0,13,"2023-02-03T14:44:00.000Z",1675435440000,13,13,13,0,0,100,,,64.1,NaN,,12900,292000,12900,167700000,,,167700000
