"abu","acum_busd","acum_busd_val","acum_val_bu","acum_val_sd","acum_val","avg_val_bu","avg_val_sd","rbusd","asd","auk","bs","bu","bu-sd","bu-sd_val","c","date","datetime","h","l","o","pbu","psd","puk","rbu","rsd","ruk","sb","sd","sum_vol","total_vol","uk","val","val_bu","val_sd","val_uk"
1355.6,5000,108500000,108500000,0,108500000,29413611.1,16974722.2,8.7,788.9,47.2,Infinity,5000,5000,108500000,21.7,"2023-02-03T09:14:00.000Z",1675415640000,21.7,21.7,21.7,100,0,0,3.7,,,0,,5000,5000,,108500000,108500000,,
1355.6,5500,119350000,119350000,0,119350000,29413611.1,16974722.2,0.9,788.9,47.2,Infinity,500,500,10850000,21.7,"2023-02-03T09:16:00.000Z",1675415760000,21.7,21.7,21.7,100,0,0,0.4,,,0,,500,5500,,10850000,10850000,,
1355.6,6000,130100000,130100000,0,130100000,29413611.1,16974722.2,0.9,788.9,47.2,Infinity,500,500,10750000,21.5,"2023-02-03T09:18:00.000Z",1675415880000,21.5,21.5,21.5,100,0,0,0.4,,,0,,500,6000,,10750000,10750000,,
1355.6,7000,151800000,151800000,0,151800000,29413611.1,16974722.2,1.7,788.9,47.2,Infinity,1000,1000,21700000,21.7,"2023-02-03T09:20:00.000Z",1675416000000,21.7,21.7,21.7,100,0,0,0.7,,,0,,1000,7000,,21700000,21700000,,
1355.6,9400,203940000,216900000,12960000,229860000,29413611.1,16974722.2,4.2,788.9,47.2,5,3000,2400,52140000,21.6,"2023-02-03T09:22:00.000Z",1675416120000,21.7,21.6,21.7,83.3,16.7,0,2.2,0.8,,0.2,600,3600,10600,,78060000,65100000,12960000,
1355.6,9300,201780000,216900000,15120000,232020000,29413611.1,16974722.2,0.2,788.9,47.2,0,,-100,-2160000,21.6,"2023-02-03T09:34:00.000Z",1675416840000,21.6,21.6,21.6,0,100,0,,0.1,,Infinity,100,100,10700,,2160000,,2160000,
1355.6,11300,245180000,260300000,15120000,275420000,29413611.1,16974722.2,3.5,788.9,47.2,Infinity,2000,2000,43400000,21.7,"2023-02-03T09:36:00.000Z",1675416960000,21.7,21.7,21.7,100,0,0,1.5,,,0,,2000,12700,,43400000,43400000,,
1355.6,21300,462180000,477300000,15120000,492420000,29413611.1,16974722.2,17.4,788.9,47.2,Infinity,10000,10000,217000000,21.7,"2023-02-03T09:40:00.000Z",1675417200000,21.7,21.7,21.7,100,0,0,7.4,,,0,,10000,22700,,217000000,217000000,,
1355.6,36000,781170000,796290000,15120000,811410000,29413611.1,16974722.2,25.6,788.9,47.2,Infinity,14700,14700,318990000,21.7,"2023-02-03T09:42:00.000Z",1675417320000,21.7,21.7,21.7,100,0,0,10.8,,,0,,14700,37400,,318990000,318990000,,
1355.6,36000,781170000,796290000,15120000,844110000,29413611.1,16974722.2,0,788.9,47.2,NaN,,0,0,21.8,"2023-02-03T09:48:00.000Z",1675417680000,21.8,21.8,21.8,0,0,100,,,31.8,NaN,,1500,38900,1500,32700000,,,32700000
1355.6,40500,879720000,894840000,15120000,942660000,29413611.1,16974722.2,7.9,788.9,47.2,Infinity,4500,4500,98550000,21.9,"2023-02-03T09:58:00.000Z",1675418280000,21.9,21.9,21.9,100,0,0,3.3,,,0,,4500,43400,,98550000,98550000,,
1355.6,41500,901620000,916740000,15120000,964560000,29413611.1,16974722.2,1.8,788.9,47.2,Infinity,1000,1000,21900000,21.9,"2023-02-03T10:00:00.000Z",1675418400000,21.9,21.9,21.9,100,0,0,0.7,,,0,,1000,44400,,21900000,21900000,,
1355.6,36500,793120000,916740000,123620000,1073060000,29413611.1,16974722.2,8.7,788.9,47.2,0,,-5000,-108500000,21.7,"2023-02-03T10:02:00.000Z",1675418520000,21.7,21.7,21.7,0,100,0,,6.3,,Infinity,5000,5000,49400,,108500000,,108500000,
1355.6,36100,784440000,916740000,132300000,1081740000,29413611.1,16974722.2,0.7,788.9,47.2,0,,-400,-8680000,21.7,"2023-02-03T10:12:00.000Z",1675419120000,21.7,21.7,21.7,0,100,0,,0.5,,Infinity,400,400,49800,,8680000,,8680000,
1355.6,36300,788780000,921080000,132300000,1086080000,29413611.1,16974722.2,0.3,788.9,47.2,Infinity,200,200,4340000,21.7,"2023-02-03T10:24:00.000Z",1675419840000,21.7,21.7,21.7,100,0,0,0.1,,,0,,200,50000,,4340000,4340000,,
1355.6,36400,790960000,923260000,132300000,1088260000,29413611.1,16974722.2,0.2,788.9,47.2,Infinity,100,100,2180000,21.8,"2023-02-03T10:38:00.000Z",1675420680000,21.8,21.8,21.8,100,0,0,0.1,,,0,,100,50100,,2180000,2180000,,
1355.6,37400,812760000,945060000,132300000,1110060000,29413611.1,16974722.2,1.8,788.9,47.2,Infinity,1000,1000,21800000,21.8,"2023-02-03T11:00:00.000Z",1675422000000,21.8,21.8,21.8,100,0,0,0.7,,,0,,1000,51100,,21800000,21800000,,
1355.6,37600,817120000,949420000,132300000,1114420000,29413611.1,16974722.2,0.4,788.9,47.2,Infinity,200,200,4360000,21.8,"2023-02-03T11:02:00.000Z",1675422120000,21.8,21.8,21.8,100,0,0,0.1,,,0,,200,51300,,4360000,4360000,,
1355.6,37000,804160000,949420000,145260000,1127380000,29413611.1,16974722.2,1,788.9,47.2,0,,-600,-12960000,21.6,"2023-02-03T11:14:00.000Z",1675422840000,21.6,21.6,21.6,0,100,0,,0.8,,Infinity,600,600,51900,,12960000,,12960000,
1355.6,36000,782560000,949420000,166860000,1148980000,29413611.1,16974722.2,1.7,788.9,47.2,0,,-1000,-21600000,21.6,"2023-02-03T13:30:00.000Z",1675431000000,21.6,21.6,21.6,0,100,0,,1.3,,Infinity,1000,1000,52900,,21600000,,21600000,
1355.6,31000,674560000,949420000,274860000,1256980000,29413611.1,16974722.2,8.7,788.9,47.2,0,,-5000,-108000000,21.6,"2023-02-03T13:32:00.000Z",1675431120000,21.6,21.6,21.6,0,100,0,,6.3,,Infinity,5000,5000,57900,,108000000,,108000000,
1355.6,30000,652960000,949420000,296460000,1278580000,29413611.1,16974722.2,1.7,788.9,47.2,0,,-1000,-21600000,21.6,"2023-02-03T13:36:00.000Z",1675431360000,21.6,21.6,21.6,0,100,0,,1.3,,Infinity,1000,1000,58900,,21600000,,21600000,
1355.6,30000,652960000,949420000,296460000,1282900000,29413611.1,16974722.2,0,788.9,47.2,NaN,,0,0,21.6,"2023-02-03T13:38:00.000Z",1675431480000,21.6,21.6,21.6,0,0,100,,,4.2,NaN,,200,59100,200,4320000,,,4320000
1355.6,29500,642210000,949420000,307210000,1293650000,29413611.1,16974722.2,0.9,788.9,47.2,0,,-500,-10750000,21.5,"2023-02-03T13:52:00.000Z",1675432320000,21.5,21.5,21.5,0,100,0,,0.6,,Infinity,500,500,59600,,10750000,,10750000,
1355.6,29400,640060000,949420000,309360000,1295800000,29413611.1,16974722.2,0.2,788.9,47.2,0,,-100,-2150000,21.5,"2023-02-03T13:56:00.000Z",1675432560000,21.5,21.5,21.5,0,100,0,,0.1,,Infinity,100,100,59700,,2150000,,2150000,
1355.6,29200,635920000,979520000,343600000,1360140000,29413611.1,16974722.2,0.3,788.9,47.2,0.9,1400,-200,-4140000,21.4,"2023-02-03T14:00:00.000Z",1675432800000,21.5,21.4,21.5,46.7,53.3,0,1,2,,1.1,1600,3000,62700,,64340000,30100000,34240000,
1355.6,27400,597400000,979520000,382120000,1398660000,29413611.1,16974722.2,3.1,788.9,47.2,0,,-1800,-38520000,21.4,"2023-02-03T14:02:00.000Z",1675432920000,21.4,21.4,21.4,0,100,0,,2.3,,Infinity,1800,1800,64500,,38520000,,38520000,
1355.6,27300,595260000,979520000,384260000,1400800000,29413611.1,16974722.2,0.2,788.9,47.2,0,,-100,-2140000,21.4,"2023-02-03T14:10:00.000Z",1675433400000,21.4,21.4,21.4,0,100,0,,0.1,,Infinity,100,100,64600,,2140000,,2140000,
1355.6,28100,612390000,1026600000,414210000,1477830000,29413611.1,16974722.2,1.4,788.9,47.2,1.6,2200,800,17130000.000000004,21.4,"2023-02-03T14:12:00.000Z",1675433520000,21.4,21.3,21.4,61.1,38.9,0,1.6,1.8,,0.6,1400,3600,68200,,77030000,47080000,29949999.999999996,
1355.6,25800,563170000,1026600000,463430000,1527050000,29413611.1,16974722.2,4,788.9,47.2,0,,-2300,-49220000,21.4,"2023-02-03T14:26:00.000Z",1675434360000,21.4,21.4,21.4,0,100,0,,2.9,,Infinity,2300,2300,70500,,49220000,,49220000,
1355.6,26000,567490000,1030920000,463430000,1531370000,29413611.1,16974722.2,0.3,788.9,47.2,Infinity,200,200,4320000,21.6,"2023-02-03T14:44:00.000Z",1675435440000,21.6,21.6,21.6,100,0,0,0.1,,,0,,200,70700,,4320000,4320000,,
1355.6,27100,591140000,1054570000,463430000,1555020000,29413611.1,16974722.2,1.9,788.9,47.2,Infinity,1100,1100,23650000,21.5,"2023-02-03T14:48:00.000Z",1675435680000,21.5,21.5,21.5,100,0,0,0.8,,,0,,1100,71800,,23650000,23650000,,
1355.6,24100,526940000,1054570000,527630000,1619220000,29413611.1,16974722.2,5.2,788.9,47.2,0,,-3000,-64199999.99999999,21.4,"2023-02-03T14:52:00.000Z",1675435920000,21.4,21.4,21.4,0,100,0,,3.8,,Infinity,3000,3000,74800,,64199999.99999999,,64199999.99999999,
1355.6,23200,507680000,1054570000,546890000,1638480000,29413611.1,16974722.2,1.5,788.9,47.2,0,,-900,-19260000,21.4,"2023-02-03T14:54:00.000Z",1675436040000,21.4,21.4,21.4,0,100,0,,1.1,,Infinity,900,900,75700,,19260000,,19260000,
1355.6,21200,464880000,1054570000,589690000,1681280000,29413611.1,16974722.2,3.4,788.9,47.2,0,,-2000,-42800000,21.4,"2023-02-03T14:56:00.000Z",1675436160000,21.4,21.4,21.4,0,100,0,,2.5,,Infinity,2000,2000,77700,,42800000,,42800000,
1355.6,20400,447800000,1058890000,611090000,1707000000,29413611.1,16974722.2,1.4,788.9,47.2,0.2,200,-800,-17080000,21.6,"2023-02-03T14:58:00.000Z",1675436280000,21.6,21.4,21.4,16.7,83.3,0,0.1,1.3,,5,1000,1200,78900,,25720000,4320000,21400000,
