"abu","acum_busd","acum_busd_val","acum_val_bu","acum_val_sd","acum_val","avg_val_bu","avg_val_sd","rbusd","asd","auk","bs","bu","bu-sd","bu-sd_val","c","date","datetime","h","l","o","pbu","psd","puk","rbu","rsd","ruk","sb","sd","sum_vol","total_vol","uk","val","val_bu","val_sd","val_uk"
7465.6,-600,-18120000,0,18120000,18120000,217471156.3,8271812.5,0.1,325,534.4,0,,-600,-18120000,30.2,"2023-02-03T09:14:00.000Z",1675415640000,30.2,30.2,30.2,0,100,0,,1.8,,Infinity,600,600,600,,18120000,,18120000,
7465.6,29400,884880000,903000000,18120000,921120000,217471156.3,8271812.5,4.3,325,534.4,Infinity,30000,30000,903000000,30.1,"2023-02-03T09:20:00.000Z",1675416000000,30.1,30.1,30.1,100,0,0,4,,,0,,30000,30600,,903000000,903000000,,
7465.6,219400,6594380000,6612500000,18120000,6630620000,217471156.3,8271812.5,27.3,325,534.4,Infinity,190000,190000,5709500000,30.05,"2023-02-03T09:28:00.000Z",1675416480000,30.05,30.05,30.05,100,0,0,25.5,,,0,,190000,220600,,5709500000,5709500000,,
7465.6,219300,6591375000,6612500000,21125000,6633625000,217471156.3,8271812.5,0,325,534.4,0,,-100,-3005000,30.05,"2023-02-03T09:36:00.000Z",1675416960000,30.05,30.05,30.05,0,100,0,,0.3,,Infinity,100,100,220700,,3005000,,3005000,
7465.6,217800,6546225000,6657650000,111425000,6814225000,217471156.3,8271812.5,0.2,325,534.4,0.5,1500,-1500,-45150000,30.1,"2023-02-03T09:52:00.000Z",1675417920000,30.1,30.1,30.1,25,50,25,0.2,9.2,2.8,2,3000,6000,226700,1500,180600000,45150000,90300000,45150000
7465.6,217500,6537195000,6657650000,120455000,6823255000,217471156.3,8271812.5,0,325,534.4,0,,-300,-9030000,30.1,"2023-02-03T10:42:00.000Z",1675420920000,30.1,30.1,30.1,0,100,0,,0.9,,Infinity,300,300,227000,,9030000,,9030000,
7465.6,217600,6540205000,6660660000,120455000,6826265000,217471156.3,8271812.5,0,325,534.4,Infinity,100,100,3010000,30.1,"2023-02-03T10:44:00.000Z",1675421040000,30.1,30.1,30.1,100,0,0,0,,,0,,100,227100,,3010000,3010000,,
7465.6,217400,6534195000,6660660000,126465000,6832275000,217471156.3,8271812.5,0,325,534.4,0,,-200,-6010000,30.05,"2023-02-03T10:46:00.000Z",1675421160000,30.05,30.05,30.05,0,100,0,,0.6,,Infinity,200,200,227300,,6010000,,6010000,
7465.6,216800,6516165000,6660660000,144495000,6850305000,217471156.3,8271812.5,0.1,325,534.4,0,,-600,-18030000,30.05,"2023-02-03T10:56:00.000Z",1675421760000,30.05,30.05,30.05,0,100,0,,1.8,,Infinity,600,600,227900,,18030000,,18030000,
7465.6,216600,6510145000,6660660000,150515000,6856325000,217471156.3,8271812.5,0,325,534.4,0,,-200,-6020000,30.1,"2023-02-03T11:06:00.000Z",1675422360000,30.1,30.1,30.1,0,100,0,,0.6,,Infinity,200,200,228100,,6020000,,6020000,
7465.6,217000,6522185000,6672700000,150515000,6868365000,217471156.3,8271812.5,0.1,325,534.4,Infinity,400,400,12040000,30.1,"2023-02-03T11:08:00.000Z",1675422480000,30.1,30.1,30.1,100,0,0,0.1,,,0,,400,228500,,12040000,12040000,,
7465.6,219600,6600465000,6757000000,156535000,6958685000,217471156.3,8271812.5,0.4,325,534.4,14,2800,2600,78280000,30.15,"2023-02-03T11:16:00.000Z",1675422960000,30.15,30.1,30.1,93.3,6.7,0,0.4,0.6,,0.1,200,3000,231500,,90320000,84300000,6020000,
7465.6,220800,6636645000,6793180000,156535000,6994865000,217471156.3,8271812.5,0.2,325,534.4,Infinity,1200,1200,36180000,30.15,"2023-02-03T11:24:00.000Z",1675423440000,30.15,30.15,30.15,100,0,0,0.2,,,0,,1200,232700,,36180000,36180000,,
7465.6,220000,6612525000,6793180000,180655000,7018985000,217471156.3,8271812.5,0.1,325,534.4,0,,-800,-24120000,30.15,"2023-02-03T11:26:00.000Z",1675423560000,30.15,30.15,30.15,0,100,0,,2.5,,Infinity,800,800,233500,,24120000,,24120000,
7465.6,222400,6684890000,6868555000,183665000,7097370000,217471156.3,8271812.5,0.3,325,534.4,25,2500,2400,72365000,30.15,"2023-02-03T13:00:00.000Z",1675429200000,30.15,30.1,30.1,96.2,3.8,0,0.3,0.3,,0,100,2600,236100,,78385000,75375000,3010000,
7465.6,222900,6699990000,6883655000,183665000,7112470000,217471156.3,8271812.5,0.1,325,534.4,Infinity,500,500,15100000,30.2,"2023-02-03T13:02:00.000Z",1675429320000,30.2,30.2,30.2,100,0,0,0.1,,,0,,500,236600,,15100000,15100000,,
7465.6,223200,6709050000,6892715000,183665000,7121530000,217471156.3,8271812.5,0,325,534.4,Infinity,300,300,9060000,30.2,"2023-02-03T13:10:00.000Z",1675429800000,30.2,30.2,30.2,100,0,0,0,,,0,,300,236900,,9060000,9060000,,
7465.6,223400,6715090000,6898755000,183665000,7127570000,217471156.3,8271812.5,0,325,534.4,Infinity,200,200,6040000,30.2,"2023-02-03T13:12:00.000Z",1675429920000,30.2,30.2,30.2,100,0,0,0,,,0,,200,237100,,6040000,6040000,,
7465.6,223000,6703070000,6898755000,195685000,7609150000,217471156.3,8271812.5,0.1,325,534.4,0,,-400,-12020000,30.1,"2023-02-03T13:26:00.000Z",1675430760000,30.1,30.05,30.05,0,2.5,97.5,,1.2,29.2,Infinity,400,16000,253100,15600,481580000,,12020000,469560000
7465.6,222900,6700065000,6898755000,198690000,7612155000,217471156.3,8271812.5,0,325,534.4,0,,-100,-3005000,30.05,"2023-02-03T13:28:00.000Z",1675430880000,30.05,30.05,30.05,0,100,0,,0.3,,Infinity,100,100,253200,,3005000,,3005000,
7465.6,222800,6697060000,6898755000,201695000,7615160000,217471156.3,8271812.5,0,325,534.4,0,,-100,-3005000,30.05,"2023-02-03T13:46:00.000Z",1675431960000,30.05,30.05,30.05,0,100,0,,0.3,,Infinity,100,100,253300,,3005000,,3005000,
7465.6,222200,6679030000,6898755000,219725000,7633190000,217471156.3,8271812.5,0.1,325,534.4,0,,-600,-18030000,30.05,"2023-02-03T13:48:00.000Z",1675432080000,30.05,30.05,30.05,0,100,0,,1.8,,Infinity,600,600,253900,,18030000,,18030000,
7465.6,220600,6678982000,6898755000,219773000,7633238000,217471156.3,8271812.5,0,325,534.4,0,,-1600,-48000,30,"2023-02-03T13:58:00.000Z",1675432680000,30,30,30,0,100,0,,4.9,,Infinity,1600,1600,255500,,48000,,48000,
7465.6,219600,6649032000,6898755000,249723000,7663188000,217471156.3,8271812.5,0.1,325,534.4,0,,-1000,-29950000,29.95,"2023-02-03T14:00:00.000Z",1675432800000,29.95,29.95,29.95,0,100,0,,3.1,,Infinity,1000,1000,256500,,29950000,,29950000,
7465.6,219500,6646037000,6898755000,252718000,7666183000,217471156.3,8271812.5,0,325,534.4,0,,-100,-2995000,29.95,"2023-02-03T14:04:00.000Z",1675433040000,29.95,29.95,29.95,0,100,0,,0.3,,Infinity,100,100,256600,,2995000,,2995000,
7465.6,219600,6646040000,6898758000,252718000,7666186000,217471156.3,8271812.5,0,325,534.4,Infinity,100,100,3000,30,"2023-02-03T14:06:00.000Z",1675433160000,30,30,30,100,0,0,0,,,0,,100,256700,,3000,3000,,
7465.6,219600,6643048000,6898761000,255713000,7669184000,217471156.3,8271812.5,0,325,534.4,1,100,0,-2992000,29.95,"2023-02-03T14:10:00.000Z",1675433400000,30,29.95,30,50,50,0,0,0.3,,1,100,200,256900,,2998000,3000,2995000,
7465.6,219700,6643051000,6898764000,255713000,7669187000,217471156.3,8271812.5,0,325,534.4,Infinity,100,100,3000,30,"2023-02-03T14:12:00.000Z",1675433520000,30,30,30,100,0,0,0,,,0,,100,257000,,3000,3000,,
7465.6,221700,6643111000,6898824000,255713000,7669247000,217471156.3,8271812.5,0,325,534.4,Infinity,2000,2000,60000,30,"2023-02-03T14:20:00.000Z",1675434000000,30,30,30,100,0,0,0.3,,,0,,2000,259000,,60000,60000,,
7465.6,226800,6643264000,6898977000,255713000,7669400000,217471156.3,8271812.5,0,325,534.4,Infinity,5100,5100,153000,30,"2023-02-03T14:22:00.000Z",1675434120000,30,30,30,100,0,0,0.7,,,0,,5100,264100,,153000,153000,,
7465.6,226500,6634279000,6898977000,264698000,7678385000,217471156.3,8271812.5,0,325,534.4,0,,-300,-8985000,29.95,"2023-02-03T14:28:00.000Z",1675434480000,29.95,29.95,29.95,0,100,0,,0.9,,Infinity,300,300,264400,,8985000,,8985000,
7465.6,228500,6694379000,6959077000,264698000,7738485000,217471156.3,8271812.5,0.3,325,534.4,Infinity,2000,2000,60100000,30.05,"2023-02-03T14:44:00.000Z",1675435440000,30.05,30.05,30.05,100,0,0,0.3,,,0,,2000,266400,,60100000,60100000,,
