"abu","acum_busd","acum_busd_val","acum_val_bu","acum_val_sd","acum_val","avg_val_bu","avg_val_sd","rbusd","asd","auk","bs","bu","bu-sd","bu-sd_val","c","date","datetime","h","l","o","pbu","psd","puk","rbu","rsd","ruk","sb","sd","sum_vol","total_vol","uk","val","val_bu","val_sd","val_uk"
6960.4,1000,12400000,12400000,0,12400000,86227708.3,116871041.7,-0.4,9483.3,589.6,Infinity,1000,1000,12400000,12400,"2023-03-09T02:35:00.000Z",1678329300000,12400,12400,12400,100,0,0,0.1,,,0,,1000,143400,,12400000,12400000,,
6960.4,3700,45880000,45880000,0,45880000,86227708.3,116871041.7,-1.1,9483.3,589.6,Infinity,2700,2700,33480000,12400,"2023-03-09T09:00:00.000Z",1678352400000,12400,12400,12400,100,0,0,0.4,,,0,,2700,2700,,33480000,33480000,,
6960.4,26900,333560000,381920000,48360000,430280000,86227708.3,116871041.7,-9.4,9483.3,589.6,6.9,27100,23200,287680000,12400,"2023-03-09T09:05:00.000Z",1678352700000,12400,12400,12400,87.4,12.6,0,3.9,0.4,,0.1,3900,31000,33700,,384400000,336040000,48360000,
6960.4,57900,721060000,826920000,105860000,932780000,86227708.3,116871041.7,-12.6,9483.3,589.6,7.7,35600,31000,387500000,12500,"2023-03-09T09:10:00.000Z",1678353000000,12500,12500,12500,88.6,11.4,0,5.1,0.5,,0.1,4600,40200,73900,,502500000,445000000,57500000,
6960.4,58400,727630000,867240000,139610000,1006850000,86227708.3,116871041.7,-0.2,9483.3,589.6,1.2,3200,500,6570000,12500,"2023-03-09T09:15:00.000Z",1678353300000,12600,12500,12600,54.2,45.8,0,0.5,0.3,,0.8,2700,5900,79800,,74070000,40320000,33750000,
6960.4,53000,660230000,879840000,219610000,1099450000,86227708.3,116871041.7,2.2,9483.3,589.6,0.2,1000,-5400,-67400000,12500,"2023-03-09T09:20:00.000Z",1678353600000,12600,12500,12600,13.5,86.5,0,0.1,0.7,,6.4,6400,7400,87200,,92600000,12600000,80000000,
6960.4,21800,271570000,879840000,608270000,1488110000,86227708.3,116871041.7,12.7,9483.3,589.6,0,,-31200,-388660000,12400,"2023-03-09T09:25:00.000Z",1678353900000,12500,12400,12500,0,100,0,,3.3,,Infinity,31200,31200,118400,,388660000,,388660000,
6960.4,1300,17370000,898440000,881070000,1779510000,86227708.3,116871041.7,8.3,9483.3,589.6,0.1,1500,-20500,-254200000,12400,"2023-03-09T09:30:00.000Z",1678354200000,12400,12400,12400,6.4,93.6,0,0.2,2.3,,14.7,22000,23500,141900,,291400000,18600000,272800000,
6960.4,-3900,-46550000,903400000,949950000,1853350000,86227708.3,116871041.7,2.1,9483.3,589.6,0.1,400,-5200,-63920000,12300,"2023-03-09T09:35:00.000Z",1678354500000,12400,12300,12400,6.7,93.3,0,0.1,0.6,,14,5600,6000,148900,,73840000,4960000,68880000,
6960.4,-4400,-52700000,903400000,956100000,1859500000,86227708.3,116871041.7,0.2,9483.3,589.6,0,,-500,-6150000,12300,"2023-03-09T09:40:00.000Z",1678354800000,12300,12300,12300,0,100,0,,0.1,,Infinity,500,500,149400,,6150000,,6150000,
6960.4,29700,370140000,1326240000,956100000,2282340000,86227708.3,116871041.7,-13.8,9483.3,589.6,Infinity,34100,34100,422840000,12400,"2023-03-09T09:45:00.000Z",1678355100000,12400,12400,12400,100,0,0,4.9,,,0,,34100,183500,,422840000,422840000,,
6960.4,22200,277140000,1351040000,1073900000,2437340000,86227708.3,116871041.7,3,9483.3,589.6,0.2,2000,-7500,-93000000,12400,"2023-03-09T09:50:00.000Z",1678355400000,12400,12400,12400,16,76,8,0.3,1,1.7,4.8,9500,12500,196000,1000,155000000,24800000,117800000,12400000
6960.4,19800,248030000,1401880000,1153850000,2568130000,86227708.3,116871041.7,0.9,9483.3,589.6,0.6,4100,-2400,-29110000,12300,"2023-03-09T09:55:00.000Z",1678355700000,12400,12300,12400,38.7,61.3,0,0.6,0.7,,1.6,6500,10600,206600,,130790000,50840000,79950000,
6960.4,27300,341300000,1528360000,1187060000,2727820000,86227708.3,116871041.7,-3,9483.3,589.6,3.8,10200,7500,93270000,12400,"2023-03-09T10:00:00.000Z",1678356000000,12400,12300,12300,79.1,20.9,0,1.5,0.3,,0.3,2700,12900,219500,,159690000,126480000,33210000,
6960.4,11800,149290000,1564410000,1415120000,2991930000,86227708.3,116871041.7,6.3,9483.3,589.6,0.2,2900,-15500,-192010000,12500,"2023-03-09T10:05:00.000Z",1678356300000,12500,12300,12400,13.6,86.4,0,0.4,1.9,,6.3,18400,21300,240800,,264110000,36050000,228060000,
6960.4,11800,149290000,1641290000,1492000000,3145690000,86227708.3,116871041.7,0,9483.3,589.6,1,6200,0,0,12400,"2023-03-09T10:10:00.000Z",1678356600000,12400,12400,12400,50,50,0,0.9,0.7,,1,6200,12400,253200,,153760000,76880000,76880000,
6960.4,12600,159210000,1714450000,1555240000,3282090000,86227708.3,116871041.7,-0.3,9483.3,589.6,1.2,5900,800,9920000,12400,"2023-03-09T10:15:00.000Z",1678356900000,12400,12400,12400,53.6,46.4,0,0.8,0.5,,0.9,5100,11000,264200,,136400000,73160000,63240000,
6960.4,7500,96480000,1714450000,1617970000,3344820000,86227708.3,116871041.7,2,9483.3,589.6,0,,-5100,-62730000,12300,"2023-03-09T10:20:00.000Z",1678357200000,12300,12300,12300,0,100,0,,0.5,,Infinity,5100,5100,269300,,62730000,,62730000,
6960.4,9600,122560000,1745450000,1622890000,3380740000,86227708.3,116871041.7,-0.9,9483.3,589.6,6.3,2500,2100,26080000,12400,"2023-03-09T10:25:00.000Z",1678357500000,12400,12300,12300,86.2,13.8,0,0.4,0,,0.2,400,2900,272200,,35920000,31000000,4920000,
6960.4,12600,159760000,1782650000,1622890000,3417940000,86227708.3,116871041.7,-1.2,9483.3,589.6,Infinity,3000,3000,37200000,12400,"2023-03-09T10:30:00.000Z",1678357800000,12400,12400,12400,100,0,0,0.4,,,0,,3000,275200,,37200000,37200000,,
6960.4,12100,153660000,1788850000,1635190000,3436440000,86227708.3,116871041.7,0.2,9483.3,589.6,0.5,500,-500,-6100000,12300,"2023-03-09T10:40:00.000Z",1678358400000,12400,12300,12400,33.3,66.7,0,0.1,0.1,,2,1000,1500,276700,,18500000,6200000,12300000,
6960.4,13900,176330000,1854570000,1678240000,3545210000,86227708.3,116871041.7,-0.7,9483.3,589.6,1.5,5300,1800,22670000,12400,"2023-03-09T10:45:00.000Z",1678358700000,12400,12300,12300,60.2,39.8,0,0.8,0.4,,0.7,3500,8800,285500,,108770000,65720000,43050000,
6960.4,44800,559490000,2237730000,1678240000,3928370000,86227708.3,116871041.7,-12.5,9483.3,589.6,Infinity,30900,30900,383160000,12400,"2023-03-09T10:50:00.000Z",1678359000000,12400,12400,12400,100,0,0,4.4,,,0,,30900,316400,,383160000,383160000,,
6960.4,49400,616530000,2309650000,1693120000,4015170000,86227708.3,116871041.7,-1.9,9483.3,589.6,4.8,5800,4600,57040000,12400,"2023-03-09T10:55:00.000Z",1678359300000,12400,12400,12400,82.9,17.1,0,0.8,0.1,,0.2,1200,7000,323400,,86800000,71920000,14880000,
6960.4,42400,530430000,2309650000,1779220000,4101270000,86227708.3,116871041.7,2.8,9483.3,589.6,0,,-7000,-86100000,12300,"2023-03-09T11:00:00.000Z",1678359600000,12300,12300,12300,0,100,0,,0.7,,Infinity,7000,7000,330400,,86100000,,86100000,
6960.4,41600,520610000,2312130000,1791520000,4116050000,86227708.3,116871041.7,0.3,9483.3,589.6,0.2,200,-800,-9820000,12400,"2023-03-09T11:05:00.000Z",1678359900000,12400,12300,12300,16.7,83.3,0,0,0.1,,5,1000,1200,331600,,14780000,2480000,12300000,
6960.4,41900,524400000,2324530000,1800130000,4137060000,86227708.3,116871041.7,-0.1,9483.3,589.6,1.4,1000,300,3790000,12400,"2023-03-09T11:10:00.000Z",1678360200000,12400,12300,12300,58.8,41.2,0,0.1,0.1,,0.7,700,1700,333300,,21010000,12400000,8610000,
6960.4,47400,592600000,2392730000,1800130000,4205260000,86227708.3,116871041.7,-2.2,9483.3,589.6,Infinity,5500,5500,68200000,12400,"2023-03-09T11:15:00.000Z",1678360500000,12400,12400,12400,100,0,0,0.8,,,0,,5500,338800,,68200000,68200000,,
6960.4,40800,511420000,2392730000,1881310000,4286440000,86227708.3,116871041.7,2.6,9483.3,589.6,0,,-6600,-81180000,12300,"2023-03-09T11:25:00.000Z",1678361100000,12300,12300,12300,0,100,0,,0.7,,Infinity,6600,6600,345400,,81180000,,81180000,
6960.4,38700,486260000,2475810000,1989550000,4477760000,86227708.3,116871041.7,0.8,9483.3,589.6,0.8,6700,-2100,-25160000,12300,"2023-03-09T13:00:00.000Z",1678366800000,12400,12300,12300,43.2,56.8,0,1,0.9,,1.3,8800,15500,360900,,191320000,83080000,108240000,
6960.4,46400,581970000,2599810000,2017840000,4630050000,86227708.3,116871041.7,-3.1,9483.3,589.6,4.3,10000,7700,95710000,12400,"2023-03-09T13:05:00.000Z",1678367100000,12400,12300,12300,81.3,18.7,0,1.4,0.2,,0.2,2300,12300,373200,,152290000,124000000,28290000,
6960.4,41500,522140000,2654370000,2132230000,4799000000,86227708.3,116871041.7,2,9483.3,589.6,0.5,4400,-4900,-59830000,12400,"2023-03-09T13:10:00.000Z",1678367400000,12400,12300,12300,32.1,67.9,0,0.6,1,,2.1,9300,13700,386900,,168950000,54560000,114390000,
6960.4,48600,610880000,2829210000,2218330000,5059940000,86227708.3,116871041.7,-2.9,9483.3,589.6,2,14100,7100,88740000,12400,"2023-03-09T13:15:00.000Z",1678367700000,12400,12300,12400,66.8,33.2,0,2,0.7,,0.5,7000,21100,408000,,260940000,174840000,86100000,
6960.4,29100,371230000,2854010000,2482780000,5349190000,86227708.3,116871041.7,7.8,9483.3,589.6,0.1,2000,-19500,-239650000,12300,"2023-03-09T13:20:00.000Z",1678368000000,12400,12300,12300,8.5,91.5,0,0.3,2.3,,10.8,21500,23500,431500,,289250000,24800000,264450000,
6960.4,18400,239680000,2861450000,2621770000,5495620000,86227708.3,116871041.7,4.3,9483.3,589.6,0.1,600,-10700,-131550000,12300,"2023-03-09T13:25:00.000Z",1678368300000,12400,12300,12300,5,95,0,0.1,1.2,,18.8,11300,11900,443400,,146430000,7440000,138990000,
6960.4,-20100,-233860000,2909420000,3143280000,6065100000,86227708.3,116871041.7,15.5,9483.3,589.6,0.1,3900,-38500,-473540000,12200,"2023-03-09T13:30:00.000Z",1678368600000,12300,12200,12300,8.4,91.6,0,0.6,4.5,,10.9,42400,46300,489700,,569480000,47970000,521510000,
6960.4,-25800,-302140000,3070550000,3372690000,6455640000,86227708.3,116871041.7,2.2,9483.3,589.6,0.7,13100,-5700,-68280000,12300,"2023-03-09T13:35:00.000Z",1678368900000,12300,12200,12200,41.1,58.9,0,1.9,2,,1.4,18800,31900,521600,,390540000,161130000,229410000,
6960.4,-46800,-560440000,3114830000,3675270000,6802500000,86227708.3,116871041.7,8.4,9483.3,589.6,0.1,3600,-21000,-258300000,12300,"2023-03-09T13:40:00.000Z",1678369200000,12300,12300,12300,12.8,87.2,0,0.5,2.6,,6.8,24600,28200,549800,,346860000,44280000,302580000,
6960.4,-59000,-709730000,3114830000,3824560000,6951790000,86227708.3,116871041.7,4.9,9483.3,589.6,0,,-12200,-149290000,12200,"2023-03-09T13:45:00.000Z",1678369500000,12300,12200,12300,0,100,0,,1.3,,Infinity,12200,12200,562000,,149290000,,149290000,
6960.4,-75100,-907760000,3220610000,4128370000,7361380000,86227708.3,116871041.7,6.5,9483.3,589.6,0.3,8600,-16100,-198030000,12300,"2023-03-09T13:50:00.000Z",1678369800000,12300,12300,12300,25.8,74.2,0,1.2,2.6,,2.9,24700,33300,595300,,409590000,105780000,303810000,
6960.4,-60100,-723260000,3430940000,4154200000,7609840000,86227708.3,116871041.7,-6,9483.3,589.6,8.1,17100,15000,184500000,12300,"2023-03-09T13:55:00.000Z",1678370100000,12300,12300,12300,84.7,10.4,5,2.5,0.2,1.7,0.1,2100,20200,615500,1000,248460000,210330000,25830000,12300000
6960.4,-66600,-803190000,3433420000,4236610000,7694730000,86227708.3,116871041.7,2.6,9483.3,589.6,0,200,-6500,-79930000,12400,"2023-03-09T14:00:00.000Z",1678370400000,12400,12300,12300,2.9,97.1,0,0,0.7,,33.5,6700,6900,622400,,84890000,2480000,82410000,
6960.4,-79000,-955680000,3437140000,4392820000,7854660000,86227708.3,116871041.7,5,9483.3,589.6,0,300,-12400,-152490000,12300,"2023-03-09T14:05:00.000Z",1678370700000,12400,12300,12400,2.3,97.7,0,0,1.3,,42.3,12700,13000,635400,,159930000,3720000,156210000,
6960.4,-85000,-1029480000,3437140000,4466620000,7928460000,86227708.3,116871041.7,2.4,9483.3,589.6,0,,-6000,-73800000,12300,"2023-03-09T14:10:00.000Z",1678371000000,12300,12300,12300,0,100,0,,0.6,,Infinity,6000,6000,641400,,73800000,,73800000,
6960.4,-79500,-960010000,4049950000,5009960000,9087070000,86227708.3,116871041.7,-2.3,9483.3,589.6,1.1,49700,5500,69470000,12400,"2023-03-09T14:15:00.000Z",1678371300000,12400,12200,12300,52.8,47,0.2,7.1,4.7,0.3,0.9,44200,94100,735500,200,1158610000,612810000,543340000,2460000
6960.4,-96100,-1163770000,4102030000,5265800000,9394990000,86227708.3,116871041.7,6.6,9483.3,589.6,0.2,4200,-16600,-203760000,12300,"2023-03-09T14:20:00.000Z",1678371600000,12400,12300,12300,16.8,83.2,0,0.6,2.2,,5,20800,25000,760500,,307920000,52080000,255840000,
6960.4,-121100,-1470880000,4138930000,5609810000,9782050000,86227708.3,116871041.7,10,9483.3,589.6,0.1,3000,-25000,-307110000,12300,"2023-03-09T14:25:00.000Z",1678371900000,12300,12200,12300,9.5,88.9,1.6,0.4,3,0.8,9.3,28000,31500,792000,500,387060000,36900000,344010000,6150000
6960.4,-121100,-1470880000,4138930000,5609810000,10094370000,86227708.3,116871041.7,0,9483.3,589.6,NaN,,0,0,12200,"2023-03-09T14:45:00.000Z",1678373100000,12200,12200,12200,0,0,100,,,43.4,NaN,,25600,817600,25600,312320000,,,312320000
