"abu","acum_busd","acum_busd_val","acum_val_bu","acum_val_sd","acum_val","avg_val_bu","avg_val_sd","rbusd","asd","auk","bs","bu","bu-sd","bu-sd_val","c","date","datetime","h","l","o","pbu","psd","puk","rbu","rsd","ruk","sb","sd","sum_vol","total_vol","uk","val","val_bu","val_sd","val_uk"
1987.8,-7100,-112890000,0,112890000,255990000,30808536.6,62178536.6,3.6,4014.6,2504.9,0,,-7100,-112890000,15900,"2023-03-09T09:00:00.000Z",1678352400000,15900,15900,15900,0,44.1,55.9,,1.8,3.6,Infinity,7100,16100,16100,9000,255990000,,112890000,143100000
1987.8,-4700,-75130000,37760000,112890000,293750000,30808536.6,62178536.6,-1.2,4014.6,2504.9,Infinity,2400,2400,37760000,15700,"2023-03-09T09:05:00.000Z",1678352700000,15800,15700,15800,100,0,0,1.2,,,0,,2400,18500,,37760000,37760000,,
1987.8,-1600,-26770000,126680000,153450000,423230000,30808536.6,62178536.6,-1.5,4014.6,2504.9,2.2,5700,3100,48360000,15600,"2023-03-09T09:10:00.000Z",1678353000000,15600,15600,15600,68.7,31.3,0,2.9,0.6,,0.5,2600,8300,26800,,129480000,88920000,40560000,
1987.8,-1700,-28330000,128260000,156590000,427950000,30808536.6,62178536.6,0,4014.6,2504.9,0.5,100,-100,-1560000,15700,"2023-03-09T09:15:00.000Z",1678353300000,15800,15700,15800,33.3,66.7,0,0.1,0,,2,200,300,27100,,4720000,1580000,3140000,
1987.8,-2800,-45600000,128260000,173860000,445220000,30808536.6,62178536.6,0.6,4014.6,2504.9,0,,-1100,-17270000,15700,"2023-03-09T09:20:00.000Z",1678353600000,15700,15700,15700,0,100,0,,0.3,,Infinity,1100,1100,28200,,17270000,,17270000,
1987.8,-23000,-361740000,128260000,490000000,761360000,30808536.6,62178536.6,10.1,4014.6,2504.9,0,,-20200,-316140000,15700,"2023-03-09T09:25:00.000Z",1678353900000,15700,15600,15700,0,100,0,,5,,Infinity,20200,20200,48400,,316140000,,316140000,
1987.8,-28300,-444420000,128260000,572680000,844040000,30808536.6,62178536.6,2.6,4014.6,2504.9,0,,-5300,-82680000,15600,"2023-03-09T09:30:00.000Z",1678354200000,15600,15600,15600,0,100,0,,1.3,,Infinity,5300,5300,53700,,82680000,,82680000,
1987.8,-27100,-425700000,146980000,572680000,862760000,30808536.6,62178536.6,-0.6,4014.6,2504.9,Infinity,1200,1200,18720000,15600,"2023-03-09T09:35:00.000Z",1678354500000,15600,15600,15600,100,0,0,0.6,,,0,,1200,54900,,18720000,18720000,,
1987.8,-26200,-411600000,170380000,581980000,895460000,30808536.6,62178536.6,-0.4,4014.6,2504.9,2.5,1500,900,14100000,15500,"2023-03-09T09:40:00.000Z",1678354800000,15600,15500,15600,71.4,28.6,0,0.8,0.1,,0.4,600,2100,57000,,32700000,23400000,9300000,
1987.8,-29300,-459960000,170380000,630340000,943820000,30808536.6,62178536.6,1.5,4014.6,2504.9,0,,-3100,-48360000,15600,"2023-03-09T09:45:00.000Z",1678355100000,15600,15600,15600,0,100,0,,0.8,,Infinity,3100,3100,60100,,48360000,,48360000,
1987.8,-30700,-481940000,200210000,682150000,1025460000,30808536.6,62178536.6,0.7,4014.6,2504.9,0.6,1900,-1400,-21980000,15700,"2023-03-09T09:55:00.000Z",1678355700000,15700,15700,15700,36.5,63.5,0,1,0.8,,1.7,3300,5200,65300,,81640000,29830000,51810000,
1987.8,-29400,-461160000,279080000,740240000,1162420000,30808536.6,62178536.6,-0.7,4014.6,2504.9,1.4,5000,1300,20780000,15700,"2023-03-09T10:00:00.000Z",1678356000000,15800,15700,15700,57.5,42.5,0,2.5,0.9,,0.7,3700,8700,74000,,136960000,78870000,58090000,
1987.8,-31500,-493830000,293210000,787040000,1223350000,30808536.6,62178536.6,1,4014.6,2504.9,0.3,900,-2100,-32670000,15600,"2023-03-09T10:05:00.000Z",1678356300000,15700,15600,15700,23.1,76.9,0,0.5,0.7,,3.3,3000,3900,77900,,60930000,14130000,46800000,
1987.8,-37400,-585870000,293210000,879080000,1315390000,30808536.6,62178536.6,2.9,4014.6,2504.9,0,,-5900,-92040000,15600,"2023-03-09T10:10:00.000Z",1678356600000,15600,15600,15600,0,100,0,,1.5,,Infinity,5900,5900,83800,,92040000,,92040000,
1987.8,-37100,-581190000,297890000,879080000,1320070000,30808536.6,62178536.6,-0.1,4014.6,2504.9,Infinity,300,300,4680000,15600,"2023-03-09T10:25:00.000Z",1678357500000,15600,15600,15600,100,0,0,0.2,,,0,,300,84100,,4680000,4680000,,
1987.8,-40800,-638540000,297890000,936430000,1431670000,30808536.6,62178536.6,1.8,4014.6,2504.9,0,,-3700,-57350000,15500,"2023-03-09T10:30:00.000Z",1678357800000,15500,15500,15500,0,51.4,48.6,,0.9,1.4,Infinity,3700,7200,91300,3500,111600000,,57350000,54250000
1987.8,-38300,-599790000,336640000,936430000,1470420000,30808536.6,62178536.6,-1.2,4014.6,2504.9,Infinity,2500,2500,38750000,15500,"2023-03-09T10:35:00.000Z",1678358100000,15500,15500,15500,100,0,0,1.3,,,0,,2500,93800,,38750000,38750000,,
1987.8,-38600,-604440000,336640000,941080000,1475070000,30808536.6,62178536.6,0.1,4014.6,2504.9,0,,-300,-4650000,15500,"2023-03-09T10:40:00.000Z",1678358400000,15500,15500,15500,0,100,0,,0.1,,Infinity,300,300,94100,,4650000,,4650000,
1987.8,-35900,-562320000,420880000,983200000,1601430000,30808536.6,62178536.6,-1.3,4014.6,2504.9,2,5400,2700,42120000,15600,"2023-03-09T10:50:00.000Z",1678359000000,15600,15600,15600,66.7,33.3,0,2.7,0.7,,0.5,2700,8100,102200,,126360000,84240000,42120000,
1987.8,-35900,-562320000,420880000,983200000,1645110000,30808536.6,62178536.6,0,4014.6,2504.9,NaN,,0,0,15600,"2023-03-09T10:55:00.000Z",1678359300000,15600,15600,15600,0,0,100,,,1.1,NaN,,2800,105000,2800,43680000,,,43680000
1987.8,-34900,-546720000,436480000,983200000,1660710000,30808536.6,62178536.6,-0.5,4014.6,2504.9,Infinity,1000,1000,15600000,15600,"2023-03-09T11:00:00.000Z",1678359600000,15600,15600,15600,100,0,0,0.5,,,0,,1000,106000,,15600000,15600000,,
1987.8,-31900,-499920000,483280000,983200000,1707510000,30808536.6,62178536.6,-1.5,4014.6,2504.9,Infinity,3000,3000,46800000,15600,"2023-03-09T11:10:00.000Z",1678360200000,15600,15600,15600,100,0,0,1.5,,,0,,3000,109000,,46800000,46800000,,
1987.8,-31800,-498360000,484840000,983200000,1709070000,30808536.6,62178536.6,0,4014.6,2504.9,Infinity,100,100,1560000,15600,"2023-03-09T11:15:00.000Z",1678360500000,15600,15600,15600,100,0,0,0.1,,,0,,100,109100,,1560000,1560000,,
1987.8,-42100,-656750000,520490000,1177240000,1938760000,30808536.6,62178536.6,5,4014.6,2504.9,0.2,2300,-10300,-158390000,15400,"2023-03-09T13:00:00.000Z",1678366800000,15500,15400,15500,15.4,84.6,0,1.2,3.1,,5.5,12600,14900,124000,,229690000,35650000,194040000,
1987.8,-41800,-652100000,525140000,1177240000,1943410000,30808536.6,62178536.6,-0.1,4014.6,2504.9,Infinity,300,300,4650000,15500,"2023-03-09T13:05:00.000Z",1678367100000,15500,15500,15500,100,0,0,0.2,,,0,,300,124300,,4650000,4650000,,
1987.8,-34700,-542050000,650690000,1192740000,2084460000,30808536.6,62178536.6,-3.5,4014.6,2504.9,8.1,8100,7100,110050000,15500,"2023-03-09T13:10:00.000Z",1678367400000,15500,15500,15500,89,11,0,4.1,0.2,,0.1,1000,9100,133400,,141050000,125550000,15500000,
1987.8,-44700,-698050000,650690000,1348740000,2240460000,30808536.6,62178536.6,5,4014.6,2504.9,0,,-10000,-156000000,15600,"2023-03-09T13:15:00.000Z",1678367700000,15600,15600,15600,0,100,0,,2.5,,Infinity,10000,10000,143400,,156000000,,156000000,
1987.8,-50500,-787930000,653810000,1441740000,2336580000,30808536.6,62178536.6,2.9,4014.6,2504.9,0,200,-5800,-89880000,15500,"2023-03-09T13:20:00.000Z",1678368000000,15600,15500,15600,3.2,96.8,0,0.1,1.5,,30,6000,6200,149600,,96120000,3120000,93000000,
1987.8,-55700,-867780000,751060000,1618840000,2610930000,30808536.6,62178536.6,2.5,4014.6,2504.9,0.5,6300,-5200,-79850000,15400,"2023-03-09T13:25:00.000Z",1678368300000,15500,15400,15500,35.4,64.6,0,3.2,2.9,,1.8,11500,17800,167400,,274350000,97250000,177100000,
1987.8,-77600,-1202780000,761840000,1964620000,2967490000,30808536.6,62178536.6,10.7,4014.6,2504.9,0,700,-21900,-335000000,15300,"2023-03-09T13:30:00.000Z",1678368600000,15400,15300,15400,3,97,0,0.4,5.6,,32.3,22600,23300,190700,,356560000,10780000,345780000,
1987.8,-76000,-1178140000,786480000,1964620000,2992130000,30808536.6,62178536.6,-0.8,4014.6,2504.9,Infinity,1600,1600,24640000,15400,"2023-03-09T13:35:00.000Z",1678368900000,15400,15400,15400,100,0,0,0.8,,,0,,1600,192300,,24640000,24640000,,
1987.8,-74300,-1151820000,834220000,1986040000,3061290000,30808536.6,62178536.6,-0.8,4014.6,2504.9,2.2,3100,1700,26320000,15300,"2023-03-09T13:40:00.000Z",1678369200000,15400,15300,15400,68.9,31.1,0,1.6,0.3,,0.5,1400,4500,196800,,69160000,47740000,21420000,
1987.8,-74100,-1148740000,837300000,1986040000,3564680000,30808536.6,62178536.6,-0.1,4014.6,2504.9,Infinity,200,200,3080000,15300,"2023-03-09T13:45:00.000Z",1678369500000,15400,15300,15400,0.6,0,99.4,0.1,,13.1,0,,32900,229700,32700,503390000,3080000,,500310000
1987.8,-79100,-1225240000,837300000,2062540000,3644240000,30808536.6,62178536.6,2.4,4014.6,2504.9,0,,-5000,-76500000,15300,"2023-03-09T13:50:00.000Z",1678369800000,15300,15300,15300,0,96.2,3.8,,1.2,0.1,Infinity,5000,5200,234900,200,79560000,,76500000,3060000
1987.8,-80600,-1248320000,840400000,2088720000,3673520000,30808536.6,62178536.6,0.7,4014.6,2504.9,0.1,200,-1500,-23080000,15500,"2023-03-09T13:55:00.000Z",1678370100000,15500,15400,15400,10.5,89.5,0,0.1,0.4,,8.5,1700,1900,236800,,29280000,3100000,26180000,
1987.8,-82900,-1283740000,866580000,2150320000,3761300000,30808536.6,62178536.6,1.1,4014.6,2504.9,0.4,1700,-2300,-35420000,15400,"2023-03-09T14:05:00.000Z",1678370700000,15400,15400,15400,29.8,70.2,0,0.9,1,,2.4,4000,5700,242500,,87780000,26180000,61600000,
1987.8,-82200,-1272890000,885180000,2158070000,3793850000,30808536.6,62178536.6,-0.3,4014.6,2504.9,2.4,1200,700,10850000,15500,"2023-03-09T14:10:00.000Z",1678371000000,15500,15500,15500,57.1,23.8,19,0.6,0.1,0.2,0.4,500,2100,244600,400,32550000,18600000,7750000,6200000
1987.8,-83500,-1293040000,888280000,2181320000,3820200000,30808536.6,62178536.6,0.6,4014.6,2504.9,0.1,200,-1300,-20150000,15500,"2023-03-09T14:15:00.000Z",1678371300000,15500,15500,15500,11.8,88.2,0,0.1,0.4,,7.5,1500,1700,246300,,26350000,3100000,23250000,
1987.8,-79800,-1235680000,1007640000,2243320000,4001560000,30808536.6,62178536.6,-1.8,4014.6,2504.9,1.9,7700,3700,57360000,15500,"2023-03-09T14:20:00.000Z",1678371600000,15600,15500,15500,65.8,34.2,0,3.9,1,,0.5,4000,11700,258000,,181360000,119360000,62000000,
1987.8,-83100,-1286170000,1263150000,2549320000,4563070000,30808536.6,62178536.6,1.6,4014.6,2504.9,0.8,16700,-3300,-50490000,15300,"2023-03-09T14:25:00.000Z",1678371900000,15300,15300,15300,45.5,54.5,0,8.4,5,,1.2,20000,36700,294700,,561510000,255510000,306000000,
1987.8,-83100,-1286170000,1263150000,2549320000,5385390000,30808536.6,62178536.6,0,4014.6,2504.9,NaN,,0,0,15200,"2023-03-09T14:45:00.000Z",1678373100000,15200,15200,15200,0,0,100,,,21.6,NaN,,54100,348800,54100,822320000,,,822320000
