"abu","acum_busd","acum_busd_val","acum_val_bu","acum_val_sd","acum_val","avg_val_bu","avg_val_sd","rbusd","asd","auk","bs","bu","bu-sd","bu-sd_val","c","date","datetime","h","l","o","pbu","psd","puk","rbu","rsd","ruk","sb","sd","sum_vol","total_vol","uk","val","val_bu","val_sd","val_uk"
211437,54400,804085000,2500565000,1696480000,5844620000,3125703695.7,2386546630.4,1.1,161939.1,3256.5,1.5,170000,54400,804085000,14700,"2023-03-09T09:15:00.000Z",1678353300000,14750,14600,14750,42.8,29.1,28.1,0.8,0.7,34.3,0.7,115600,397300,397300,111700,5844620000,2500565000,1696480000,1647575000
211437,183200,2712760000,6555370000,3842610000,12045555000,3125703695.7,2386546630.4,2.6,161939.1,3256.5,1.9,274300,128800,1908675000,14750,"2023-03-09T09:20:00.000Z",1678353600000,14850,14700,14700,65.3,34.7,0,1.3,0.9,,0.5,145500,419800,817100,,6200935000,4054805000,2146130000,
211437,-213200,-3126485000,7127970000,10254455000,19030000000,3125703695.7,2386546630.4,-7.9,161939.1,3256.5,0.1,38700,-396400,-5839245000,14700,"2023-03-09T09:25:00.000Z",1678353900000,14800,14700,14800,8.2,91.8,0,0.2,2.7,,11.2,435100,473800,1290900,,6984445000,572600000,6411845000,
211437,-596000,-8741195000,7643460000,16384655000,25675690000,3125703695.7,2386546630.4,-7.6,161939.1,3256.5,0.1,35100,-382800,-5614710000,14650,"2023-03-09T09:30:00.000Z",1678354200000,14750,14650,14700,7.7,92.3,0,0.2,2.6,,11.9,417900,453000,1743900,,6645690000,515490000,6130200000,
211437,-532400,-7808300000,10207920000,18016220000,29871715000,3125703695.7,2386546630.4,1.3,161939.1,3256.5,1.6,175000,63600,932895000,14650,"2023-03-09T09:35:00.000Z",1678354500000,14700,14600,14650,61.1,38.9,0,0.8,0.7,,0.6,111400,286400,2030300,,4196025000,2564460000,1631565000,
211437,-562600,-8248510000,10860600000,19109110000,31617285000,3125703695.7,2386546630.4,-0.6,161939.1,3256.5,0.6,44400,-30200,-440210000,14700,"2023-03-09T09:40:00.000Z",1678354800000,14700,14650,14650,37.3,62.7,0,0.2,0.5,,1.7,74600,119000,2149300,,1745570000,652680000,1092890000,
211437,-191300,-2789835000,16845445000,19635280000,38128300000,3125703695.7,2386546630.4,7.4,161939.1,3256.5,11.4,407100,371300,5458675000,14700,"2023-03-09T09:45:00.000Z",1678355100000,14750,14650,14700,91.9,8.1,0,1.9,0.2,,0.1,35800,442900,2592200,,6511015000,5984845000,526170000,
211437,-267100,-3901105000,17727495000,21628600000,41003670000,3125703695.7,2386546630.4,-1.5,161939.1,3256.5,0.4,59800,-75800,-1111270000,14700,"2023-03-09T09:50:00.000Z",1678355400000,14750,14700,14700,30.6,69.4,0,0.3,0.8,,2.3,135600,195400,2787600,,2875370000,882050000,1993320000,
211437,143400,2169225000,24569210000,22399985000,48616770000,3125703695.7,2386546630.4,8.2,161939.1,3256.5,8.8,462800,410500,6070330000,14750,"2023-03-09T09:55:00.000Z",1678355700000,14800,14700,14700,89.8,10.2,0,2.2,0.3,,0.1,52300,515100,3302700,,7613100000,6841715000,771385000,
211437,660500,9822865000,32685530000,22862665000,57195770000,3125703695.7,2386546630.4,10.4,161939.1,3256.5,17.5,548400,517100,7653640000,14800,"2023-03-09T10:00:00.000Z",1678356000000,14800,14750,14750,94.6,5.4,0,2.6,0.2,,0.1,31300,579700,3882400,,8579000000,8116320000,462680000,
211437,949900,14106905000,37240970000,23134065000,62022610000,3125703695.7,2386546630.4,5.8,161939.1,3256.5,16.7,307800,289400,4284040000,14750,"2023-03-09T10:05:00.000Z",1678356300000,14800,14750,14800,94.4,5.6,0,1.5,0.1,,0.1,18400,326200,4208600,,4826840000,4555440000,271400000,
211437,615200,9170290000,37313255000,28142965000,67103795000,3125703695.7,2386546630.4,-6.7,161939.1,3256.5,0,4900,-334700,-4936615000,14700,"2023-03-09T10:10:00.000Z",1678356600000,14800,14700,14750,1.4,98.6,0,0,2.1,,69.3,339600,344500,4553100,,5081185000,72285000,5008900000,
211437,610800,9107710000,37932755000,28825045000,68405375000,3125703695.7,2386546630.4,-0.1,161939.1,3256.5,0.9,42000,-4400,-62580000,14700,"2023-03-09T10:15:00.000Z",1678356900000,14750,14700,14700,47.5,52.5,0,0.2,0.3,,1.1,46400,88400,4641500,,1301580000,619500000,682080000,
211437,557500,8329285000,39432830000,31103545000,72183950000,3125703695.7,2386546630.4,-1.1,161939.1,3256.5,0.7,101700,-53300,-778425000,14700,"2023-03-09T10:20:00.000Z",1678357200000,14750,14700,14700,39.6,60.4,0,0.5,1,,1.5,155000,256700,4898200,,3778575000,1500075000,2278500000,
211437,692900,10329130000,42520005000,32190875000,76358455000,3125703695.7,2386546630.4,2.7,161939.1,3256.5,2.8,209300,135400,1999845000,14700,"2023-03-09T10:25:00.000Z",1678357500000,14750,14700,14700,73.9,26.1,0,1,0.5,,0.4,73900,283200,5181400,,4174505000,3087175000,1087330000,
211437,746100,11114425000,43480230000,32365805000,77493610000,3125703695.7,2386546630.4,1.1,161939.1,3256.5,5.5,65100,53200,785295000,14750,"2023-03-09T10:30:00.000Z",1678357800000,14750,14700,14750,84.5,15.5,0,0.3,0.1,,0.2,11900,77000,5258400,,1135155000,960225000,174930000,
211437,949700,14118745000,46843230000,32724485000,81215290000,3125703695.7,2386546630.4,4.1,161939.1,3256.5,9.3,228000,203600,3004320000,14750,"2023-03-09T10:35:00.000Z",1678358100000,14750,14700,14750,90.3,9.7,0,1.1,0.2,,0.1,24400,252400,5510800,,3721680000,3363000000,358680000,
211437,1104300,16399395000,49441005000,33041610000,84130190000,3125703695.7,2386546630.4,3.1,161939.1,3256.5,8.2,176100,154600,2280650000,14750,"2023-03-09T10:40:00.000Z",1678358400000,14800,14750,14750,89.1,10.9,0,0.8,0.1,,0.1,21500,197600,5708400,,2914900000,2597775000,317125000,
211437,2077100,30820530000,65340170000,34519640000,101507385000,3125703695.7,2386546630.4,19.5,161939.1,3256.5,10.7,1072700,972800,14421135000,14850,"2023-03-09T10:45:00.000Z",1678358700000,14850,14750,14750,91.5,8.5,0,5.1,0.6,,0.1,99900,1172600,6881000,,17377195000,15899165000,1478030000,
211437,2420400,35946305000,76029550000,40083245000,117760370000,3125703695.7,2386546630.4,6.9,161939.1,3256.5,1.9,717100,343300,5125775000,14850,"2023-03-09T10:50:00.000Z",1678359000000,14950,14850,14850,65.7,34.3,0,3.4,2.3,,0.5,373800,1090900,7971900,,16252985000,10689380000,5563605000,
211437,2330300,34612515000,77039720000,42427205000,121114500000,3125703695.7,2386546630.4,-1.8,161939.1,3256.5,0.4,67900,-90100,-1333790000,14800,"2023-03-09T10:55:00.000Z",1678359300000,14900,14800,14850,30.1,69.9,0,0.3,1,,2.3,158000,225900,8197800,,3354130000,1010170000,2343960000,
211437,2283300,33917040000,77439325000,43522285000,122609185000,3125703695.7,2386546630.4,-0.9,161939.1,3256.5,0.4,27000,-47000,-695475000,14800,"2023-03-09T11:00:00.000Z",1678359600000,14850,14750,14800,26.7,73.3,0,0.1,0.5,,2.7,74000,101000,8298800,,1494685000,399605000,1095080000,
211437,2244800,33351230000,78050565000,44699335000,124397475000,3125703695.7,2386546630.4,-0.8,161939.1,3256.5,0.5,41300,-38500,-565810000,14800,"2023-03-09T11:05:00.000Z",1678359900000,14800,14750,14750,34.1,65.9,0,0.2,0.5,,1.9,79800,121100,8419900,,1788290000,611240000,1177050000,
211437,2216800,32938865000,78238525000,45299660000,125185760000,3125703695.7,2386546630.4,-0.6,161939.1,3256.5,0.3,12700,-28000,-412365000,14750,"2023-03-09T11:10:00.000Z",1678360200000,14800,14750,14800,23.8,76.2,0,0.1,0.3,,3.2,40700,53400,8473300,,788285000,187960000,600325000,
211437,2161900,32129790000,78445725000,46315935000,126409235000,3125703695.7,2386546630.4,-1.1,161939.1,3256.5,0.2,14000,-54900,-809075000,14800,"2023-03-09T11:15:00.000Z",1678360500000,14800,14750,14750,16.9,83.1,0,0.1,0.4,,4.9,68900,82900,8556200,,1223475000,207200000,1016275000,
211437,2033700,30238955000,78479765000,48240810000,128368150000,3125703695.7,2386546630.4,-2.6,161939.1,3256.5,0,2300,-128200,-1890835000,14800,"2023-03-09T11:20:00.000Z",1678360800000,14800,14750,14750,1.7,98.3,0,0,0.8,,56.7,130500,132800,8689000,,1958915000,34040000,1924875000,
211437,2197100,32658095000,81140805000,48482710000,131271090000,3125703695.7,2386546630.4,3.3,161939.1,3256.5,11,179800,163400,2419140000,14750,"2023-03-09T11:25:00.000Z",1678361100000,14800,14750,14750,91.6,8.4,0,0.9,0.1,,0.1,16400,196200,8885200,,2902940000,2661040000,241900000,
211437,2290400,34037535000,85193320000,51155785000,137996680000,3125703695.7,2386546630.4,1.9,161939.1,3256.5,1.5,274700,93300,1379440000,14750,"2023-03-09T13:00:00.000Z",1678366800000,14800,14700,14750,60.2,39.8,0,1.3,1.1,,0.7,181400,456100,9341300,,6725590000,4052515000,2673075000,
211437,2482400,36875785000,89229270000,52353485000,143230330000,3125703695.7,2386546630.4,3.8,161939.1,3256.5,3.4,273200,192000,2838250000,14800,"2023-03-09T13:05:00.000Z",1678367100000,14800,14750,14750,77.1,22.9,0,1.3,0.5,,0.3,81200,354400,9695700,,5233650000,4035950000,1197700000,
211437,2325000,34551975000,91555620000,57003645000,150206840000,3125703695.7,2386546630.4,-3.1,161939.1,3256.5,0.5,156800,-157400,-2323810000,14800,"2023-03-09T13:10:00.000Z",1678367400000,14850,14800,14800,33.3,66.7,0,0.7,1.9,,2,314200,471000,10166700,,6976510000,2326350000,4650160000,
211437,2505200,37221835000,94937035000,57715200000,154299810000,3125703695.7,2386546630.4,3.6,161939.1,3256.5,4.7,228300,180200,2669860000,14850,"2023-03-09T13:15:00.000Z",1678367700000,14850,14750,14800,82.6,17.4,0,1.1,0.3,,0.2,48100,276400,10443100,,4092970000,3381415000,711555000,
211437,2614200,38846285000,98720250000,59873965000,160241790000,3125703695.7,2386546630.4,2.2,161939.1,3256.5,1.7,254900,109000,1624450000,14750,"2023-03-09T13:20:00.000Z",1678368000000,14850,14750,14850,63.6,36.4,0,1.2,0.9,,0.6,145900,400800,10843900,,5941980000,3783215000,2158765000,
211437,2392100,35571440000,99690805000,64119365000,165457745000,3125703695.7,2386546630.4,-4.4,161939.1,3256.5,0.2,65800,-222100,-3274845000,14750,"2023-03-09T13:25:00.000Z",1678368300000,14800,14700,14800,18.6,81.4,0,0.3,1.8,,4.4,287900,353700,11197600,,5215955000,970555000,4245400000,
211437,2464900,36647015000,101288230000,64641215000,167577020000,3125703695.7,2386546630.4,1.5,161939.1,3256.5,3.1,108300,72800,1075575000,14700,"2023-03-09T13:30:00.000Z",1678368600000,14750,14700,14750,75.3,24.7,0,0.5,0.2,,0.3,35500,143800,11341400,,2119275000,1597425000,521850000,
211437,2535600,37691160000,103134930000,65443770000,170226275000,3125703695.7,2386546630.4,1.4,161939.1,3256.5,2.3,125200,70700,1044145000,14750,"2023-03-09T13:35:00.000Z",1678368900000,14750,14700,14700,69.7,30.3,0,0.6,0.3,,0.4,54500,179700,11521100,,2649255000,1846700000,802555000,
211437,1993100,29723110000,103920295000,74197185000,179765055000,3125703695.7,2386546630.4,-10.8,161939.1,3256.5,0.1,53400,-542500,-7968050000,14650,"2023-03-09T13:40:00.000Z",1678369200000,14750,14650,14750,8.2,91.8,0,0.3,3.7,,11.2,595900,649300,12170400,,9538780000,785365000,8753415000,
211437,1863200,27822480000,107268045000,79445565000,188361185000,3125703695.7,2386546630.4,-2.6,161939.1,3256.5,0.6,228400,-129900,-1900630000,14650,"2023-03-09T13:45:00.000Z",1678369500000,14700,14600,14650,38.9,61.1,0,1.1,2.2,,1.6,358300,586700,12757100,,8596130000,3347750000,5248380000,
211437,2052800,30610000000,111098085000,80488085000,193366045000,3125703695.7,2386546630.4,3.8,161939.1,3256.5,3.7,260700,189600,2787520000,14700,"2023-03-09T13:50:00.000Z",1678369800000,14750,14650,14650,76.5,20.9,2.6,1.2,0.4,2.8,0.3,71100,340800,13097900,9000,5004860000,3830040000,1042520000,132300000
211437,2316300,34488770000,115663090000,81174320000,198617285000,3125703695.7,2386546630.4,5.2,161939.1,3256.5,6.6,310200,263500,3878770000,14750,"2023-03-09T13:55:00.000Z",1678370100000,14750,14650,14700,86.9,13.1,0,1.5,0.3,,0.2,46700,356900,13454800,,5251240000,4565005000,686235000,
211437,2411900,35900365000,117514215000,81613850000,200907940000,3125703695.7,2386546630.4,1.9,161939.1,3256.5,4.2,125500,95600,1411595000,14700,"2023-03-09T14:00:00.000Z",1678370400000,14750,14700,14750,80.8,19.2,0,0.6,0.2,,0.2,29900,155400,13610200,,2290655000,1851125000,439530000,
211437,2549400,37925175000,121494095000,83568920000,206842890000,3125703695.7,2386546630.4,2.7,161939.1,3256.5,2,270500,137500,2024810000,14700,"2023-03-09T14:05:00.000Z",1678370700000,14750,14650,14750,67,33,0,1.3,0.8,,0.5,133000,403500,14013700,,5934950000,3979880000,1955070000,
211437,2861100,42538280000,127747645000,85209365000,214736885000,3125703695.7,2386546630.4,6.2,161939.1,3256.5,3.8,422800,311700,4613105000,14800,"2023-03-09T14:10:00.000Z",1678371000000,14850,14700,14750,79.2,20.8,0,2,0.7,,0.3,111100,533900,14547600,,7893995000,6253550000,1640445000,
211437,2964800,44081595000,132072840000,87991245000,221843960000,3125703695.7,2386546630.4,2.1,161939.1,3256.5,1.6,291700,103700,1543315000,14800,"2023-03-09T14:15:00.000Z",1678371300000,14850,14750,14850,60.8,39.2,0,1.4,1.2,,0.6,188000,479700,15027300,,7107075000,4325195000,2781880000,
211437,3315800,49299615000,138969180000,89669565000,230418620000,3125703695.7,2386546630.4,7.1,161939.1,3256.5,4.1,464400,351000,5218020000,14850,"2023-03-09T14:20:00.000Z",1678371600000,14850,14800,14850,80.4,19.6,0,2.2,0.7,,0.2,113400,577800,15605100,,8574660000,6896340000,1678320000,
211437,2983500,44388245000,143782370000,99394125000,245387050000,3125703695.7,2386546630.4,-6.6,161939.1,3256.5,0.5,326000,-332300,-4911370000,14750,"2023-03-09T14:25:00.000Z",1678371900000,14850,14700,14800,32.2,65,2.9,1.5,4.1,8.9,2,658300,1013400,16618500,29100,14968430000,4813190000,9724560000,430680000
211437,2276900,34001225000,143782370000,109781145000,255774070000,3125703695.7,2386546630.4,-14.1,161939.1,3256.5,0,,-706600,-10387020000,14700,"2023-03-09T14:45:00.000Z",1678373100000,14700,14700,14700,0,100,0,,4.4,,Infinity,706600,706600,17325100,,10387020000,,10387020000,
