"abu","acum_busd","acum_busd_val","acum_val_bu","acum_val_sd","acum_val","avg_val_bu","avg_val_sd","rbusd","asd","auk","bs","bu","bu-sd","bu-sd_val","c","date","datetime","h","l","o","pbu","psd","puk","rbu","rsd","ruk","sb","sd","sum_vol","total_vol","uk","val","val_bu","val_sd","val_uk"
792.2,800,28320000,28320000,0,28320000,27296666.7,14980627.5,2.3,439.2,170.6,Infinity,800,800,28320000,35.4,"2022-12-09T09:14:00.000Z",1670577240000,35.4,35.4,35.4,100,0,0,1,,,0,,800,800,,28320000,28320000,,
792.2,1100,38940000,38940000,0,49545000,27296666.7,14980627.5,0.9,439.2,170.6,Infinity,300,300,10620000,35.4,"2022-12-09T09:40:00.000Z",1670578800000,35.4,35.35,35.35,50,0,50,0.4,,1.8,0,,600,1400,300,21225000,10620000,,10605000
792.2,1600,56615000,56615000,0,67220000,27296666.7,14980627.5,1.4,439.2,170.6,Infinity,500,500,17675000,35.35,"2022-12-09T10:14:00.000Z",1670580840000,35.35,35.35,35.35,100,0,0,0.6,,,0,,500,1900,,17675000,17675000,,
792.2,1400,56608000,56615000,7000,67227000,27296666.7,14980627.5,0,439.2,170.6,0,,-200,-7000,35,"2022-12-09T10:22:00.000Z",1670581320000,35,35,35,0,100,0,,0.5,,Infinity,200,200,2000,,7000,,7000,
792.2,1200,49708000,56615000,6907000,74127000,27296666.7,14980627.5,0.6,439.2,170.6,0,,-200,-6900000,34.5,"2022-12-09T10:30:00.000Z",1670581800000,34.5,34.5,34.5,0,100,0,,0.5,,Infinity,200,200,2300,,6900000,,6900000,
792.2,1100,46258000,56615000,10357000,77577000,27296666.7,14980627.5,0.3,439.2,170.6,0,,-100,-3450000,34.5,"2022-12-09T10:32:00.000Z",1670581920000,34.5,34.5,34.5,0,100,0,,0.2,,Infinity,100,100,2400,,3450000,,3450000,
792.2,1300,53248000,63605000,10357000,84567000,27296666.7,14980627.5,0.6,439.2,170.6,Infinity,200,200,6990000.000000001,34.95,"2022-12-09T10:34:00.000Z",1670582040000,34.95,34.95,34.95,100,0,0,0.3,,,0,,200,2600,,6990000.000000001,6990000.000000001,,
792.2,800,35998000,63605000,27607000,101817000,27296666.7,14980627.5,1.4,439.2,170.6,0,,-500,-17250000,34.5,"2022-12-09T10:36:00.000Z",1670582160000,34.5,34.5,34.5,0,100,0,,1.1,,Infinity,500,500,3100,,17250000,,17250000,
792.2,700,32538000,63605000,31067000,105277000,27296666.7,14980627.5,0.3,439.2,170.6,0,,-100,-3460000,34.6,"2022-12-09T10:40:00.000Z",1670582400000,34.6,34.6,34.6,0,100,0,,0.2,,Infinity,100,100,3200,,3460000,,3460000,
792.2,-300,-2052000,63605000,65657000,139867000,27296666.7,14980627.5,2.8,439.2,170.6,0,,-1000,-34590000,34.5,"2022-12-09T10:46:00.000Z",1670582760000,34.6,34.5,34.6,0,100,0,,2.3,,Infinity,1000,1000,4200,,34590000,,34590000,
792.2,-1400,-40002000,63605000,103607000,177817000,27296666.7,14980627.5,3.1,439.2,170.6,0,,-1100,-37950000,34.5,"2022-12-09T10:50:00.000Z",1670583000000,34.5,34.5,34.5,0,100,0,,2.5,,Infinity,1100,1100,5300,,37950000,,37950000,
792.2,-2200,-67607000,70500000,138107000,219212000,27296666.7,14980627.5,2.2,439.2,170.6,0.2,200,-800,-27605000,34.5,"2022-12-09T10:56:00.000Z",1670583360000,34.5,34.45,34.5,16.7,83.3,0,0.3,2.3,,5,1000,1200,6500,,41395000,6895000,34500000,
792.2,-2000,-60717000,77390000,138107000,226102000,27296666.7,14980627.5,0.6,439.2,170.6,Infinity,200,200,6890000.000000001,34.45,"2022-12-09T11:04:00.000Z",1670583840000,34.45,34.45,34.45,100,0,0,0.3,,,0,,200,6700,,6890000.000000001,6890000.000000001,,
792.2,-1500,-43467000,94640000,138107000,243352000,27296666.7,14980627.5,1.4,439.2,170.6,Infinity,500,500,17250000,34.5,"2022-12-09T11:08:00.000Z",1670584080000,34.5,34.5,34.5,100,0,0,0.6,,,0,,500,7200,,17250000,17250000,,
792.2,-1000,-26217000,111890000,138107000,260602000,27296666.7,14980627.5,1.4,439.2,170.6,Infinity,500,500,17250000,34.5,"2022-12-09T11:10:00.000Z",1670584200000,34.5,34.5,34.5,100,0,0,0.6,,,0,,500,7700,,17250000,17250000,,
792.2,0,8283000,146390000,138107000,295102000,27296666.7,14980627.5,2.8,439.2,170.6,Infinity,1000,1000,34500000,34.5,"2022-12-09T11:12:00.000Z",1670584320000,34.5,34.5,34.5,100,0,0,1.3,,,0,,1000,8700,,34500000,34500000,,
792.2,6200,222183000,360290000,138107000,509002000,27296666.7,14980627.5,17.4,439.2,170.6,Infinity,6200,6200,213900000,34.5,"2022-12-09T11:14:00.000Z",1670584440000,34.5,34.5,34.5,100,0,0,7.8,,,0,,6200,14900,,213900000,213900000,,
792.2,7500,267033000,405140000,138107000,553852000,27296666.7,14980627.5,3.6,439.2,170.6,Infinity,1300,1300,44850000,34.5,"2022-12-09T11:16:00.000Z",1670584560000,34.5,34.5,34.5,100,0,0,1.6,,,0,,1300,16200,,44850000,44850000,,
792.2,7100,253283000,425840000,172557000,609002000,27296666.7,14980627.5,1.1,439.2,170.6,0.6,600,-400,-13750000.000000007,34.45,"2022-12-09T11:18:00.000Z",1670584680000,34.5,34.45,34.5,37.5,62.5,0,0.8,2.3,,1.7,1000,1600,17800,,55150000,20700000,34450000.00000001,
792.2,6100,218858000,449980000,231122000,691707000,27296666.7,14980627.5,2.8,439.2,170.6,0.4,700,-1000,-34425000,34.45,"2022-12-09T11:20:00.000Z",1670584800000,34.5,34.45,34.5,29.2,70.8,0,0.9,3.9,,2.4,1700,2400,20200,,82705000,24140000,58565000,
792.2,4800,174073000,449980000,275907000,736492000,27296666.7,14980627.5,3.6,439.2,170.6,0,,-1300,-44785000,34.45,"2022-12-09T11:24:00.000Z",1670585040000,34.45,34.45,34.45,0,100,0,,3,,Infinity,1300,1300,21500,,44785000,,44785000,
792.2,4900,177523000,453430000,275907000,739942000,27296666.7,14980627.5,0.3,439.2,170.6,Infinity,100,100,3450000,34.5,"2022-12-09T11:26:00.000Z",1670585160000,34.5,34.5,34.5,100,0,0,0.1,,,0,,100,21600,,3450000,3450000,,
792.2,6900,246523000,522430000,275907000,808942000,27296666.7,14980627.5,5.6,439.2,170.6,Infinity,2000,2000,69000000,34.5,"2022-12-09T11:28:00.000Z",1670585280000,34.5,34.5,34.5,100,0,0,2.5,,,0,,2000,23600,,69000000,69000000,,
792.2,13900,488023000,763930000,275907000,1050442000,27296666.7,14980627.5,19.6,439.2,170.6,Infinity,7000,7000,241500000,34.5,"2022-12-09T13:00:00.000Z",1670590800000,34.5,34.5,34.5,100,0,0,8.8,,,0,,7000,30600,,241500000,241500000,,
792.2,7600,270633000,763930000,493297000,1267832000,27296666.7,14980627.5,17.7,439.2,170.6,0,,-6300,-217390000,34.45,"2022-12-09T13:02:00.000Z",1670590920000,34.55,34.45,34.55,0,100,0,,14.3,,Infinity,6300,6300,36800,,217390000,,217390000,
792.2,10200,360203000,853500000,493297000,1357402000,27296666.7,14980627.5,7.3,439.2,170.6,Infinity,2600,2600,89570000,34.45,"2022-12-09T13:12:00.000Z",1670591520000,34.45,34.45,34.45,100,0,0,3.3,,,0,,2600,39500,,89570000,89570000,,
792.2,10700,377418000,877595000,500177000,1388377000,27296666.7,14980627.5,1.4,439.2,170.6,3.5,700,500,17215000,34.4,"2022-12-09T13:14:00.000Z",1670591640000,34.45,34.4,34.4,77.8,22.2,0,0.9,0.5,,0.3,200,900,40400,,30975000,24095000,6880000,
792.2,11600,408438000,912045000,503607000,1426257000,27296666.7,14980627.5,2.5,439.2,170.6,10,1000,900,31020000,34.45,"2022-12-09T13:16:00.000Z",1670591760000,34.45,34.3,34.3,90.9,9.1,0,1.3,0.2,,0.1,100,1100,41500,,37880000,34450000,3429999.9999999995,
792.2,10800,380998000,912045000,531047000,1453697000,27296666.7,14980627.5,2.2,439.2,170.6,0,,-800,-27439999.999999996,34.3,"2022-12-09T13:20:00.000Z",1670592000000,34.3,34.3,34.3,0,100,0,,1.8,,Infinity,800,800,42300,,27439999.999999996,,27439999.999999996,
792.2,10900,384443000,915490000,531047000,1457142000,27296666.7,14980627.5,0.3,439.2,170.6,Infinity,100,100,3445000.0000000005,34.45,"2022-12-09T13:22:00.000Z",1670592120000,34.45,34.45,34.45,100,0,0,0.1,,,0,,100,42400,,3445000.0000000005,3445000.0000000005,,
792.2,11000,387883000,918930000,531047000,1460582000,27296666.7,14980627.5,0.3,439.2,170.6,Infinity,100,100,3440000,34.4,"2022-12-09T13:30:00.000Z",1670592600000,34.4,34.4,34.4,100,0,0,0.1,,,0,,100,42500,,3440000,3440000,,
792.2,11100,391323000,922370000,531047000,1464022000,27296666.7,14980627.5,0.3,439.2,170.6,Infinity,100,100,3440000,34.4,"2022-12-09T13:32:00.000Z",1670592720000,34.4,34.4,34.4,100,0,0,0.1,,,0,,100,42600,,3440000,3440000,,
792.2,13100,460123000,991170000,531047000,1532822000,27296666.7,14980627.5,5.6,439.2,170.6,Infinity,2000,2000,68800000,34.4,"2022-12-09T13:34:00.000Z",1670592840000,34.4,34.4,34.4,100,0,0,2.5,,,0,,2000,44600,,68800000,68800000,,
792.2,13400,470443000,1001490000,531047000,1543142000,27296666.7,14980627.5,0.8,439.2,170.6,Infinity,300,300,10320000,34.4,"2022-12-09T13:36:00.000Z",1670592960000,34.4,34.4,34.4,100,0,0,0.4,,,0,,300,44900,,10320000,10320000,,
792.2,13200,463583000,1001490000,537907000,1550002000,27296666.7,14980627.5,0.6,439.2,170.6,0,,-200,-6859999.999999999,34.3,"2022-12-09T13:38:00.000Z",1670593080000,34.3,34.3,34.3,0,100,0,,0.5,,Infinity,200,200,45100,,6859999.999999999,,6859999.999999999,
792.2,12200,429283000,1001490000,572207000,1584302000,27296666.7,14980627.5,2.8,439.2,170.6,0,,-1000,-34300000,34.3,"2022-12-09T13:46:00.000Z",1670593560000,34.3,34.3,34.3,0,100,0,,2.3,,Infinity,1000,1000,46100,,34300000,,34300000,
792.2,11300,398428000,1001490000,603062000,1615157000,27296666.7,14980627.5,2.5,439.2,170.6,0,,-900,-30855000,34.25,"2022-12-09T13:48:00.000Z",1670593680000,34.3,34.25,34.3,0,100,0,,2,,Infinity,900,900,47000,,30855000,,30855000,
792.2,20500,713998000,1323910000,609912000,1944427000,27296666.7,14980627.5,25.6,439.2,170.6,47,9400,9200,315570000,34.3,"2022-12-09T13:50:00.000Z",1670593800000,34.3,34.25,34.25,97.9,2.1,0,11.9,0.5,,0,200,9600,56600,,329270000,322420000,6850000,
792.2,20600,717438000,1327350000,609912000,1947867000,27296666.7,14980627.5,0.3,439.2,170.6,Infinity,100,100,3440000,34.4,"2022-12-09T13:52:00.000Z",1670593920000,34.4,34.4,34.4,100,0,0,0.1,,,0,,100,56700,,3440000,3440000,,
792.2,20400,710578000,1327350000,616772000,1954727000,27296666.7,14980627.5,0.6,439.2,170.6,0,,-200,-6859999.999999999,34.3,"2022-12-09T13:58:00.000Z",1670594280000,34.3,34.3,34.3,0,100,0,,0.5,,Infinity,200,200,56900,,6859999.999999999,,6859999.999999999,
792.2,18700,652273000,1327350000,675077000,2013032000,27296666.7,14980627.5,4.7,439.2,170.6,0,,-1700,-58305000,34.25,"2022-12-09T14:02:00.000Z",1670594520000,34.3,34.25,34.3,0,100,0,,3.9,,Infinity,1700,1700,58600,,58305000,,58305000,
792.2,18600,648848000,1327350000,678502000,2016457000,27296666.7,14980627.5,0.3,439.2,170.6,0,,-100,-3425000,34.25,"2022-12-09T14:04:00.000Z",1670594640000,34.25,34.25,34.25,0,100,0,,0.2,,Infinity,100,100,58700,,3425000,,3425000,
792.2,18300,638573000,1327350000,688777000,2026732000,27296666.7,14980627.5,0.8,439.2,170.6,0,,-300,-10275000,34.25,"2022-12-09T14:10:00.000Z",1670595000000,34.25,34.25,34.25,0,100,0,,0.7,,Infinity,300,300,59000,,10275000,,10275000,
792.2,18100,631723000,1327350000,695627000,2033582000,27296666.7,14980627.5,0.6,439.2,170.6,0,,-200,-6850000,34.25,"2022-12-09T14:12:00.000Z",1670595120000,34.25,34.25,34.25,0,100,0,,0.5,,Infinity,200,200,59200,,6850000,,6850000,
792.2,17800,621448000,1327350000,705902000,2043857000,27296666.7,14980627.5,0.8,439.2,170.6,0,,-300,-10275000,34.25,"2022-12-09T14:16:00.000Z",1670595360000,34.25,34.25,34.25,0,100,0,,0.7,,Infinity,300,300,59500,,10275000,,10275000,
792.2,17300,604323000,1327350000,723027000,2060982000,27296666.7,14980627.5,1.4,439.2,170.6,0,,-500,-17125000,34.25,"2022-12-09T14:20:00.000Z",1670595600000,34.25,34.25,34.25,0,100,0,,1.1,,Infinity,500,500,60000,,17125000,,17125000,
792.2,17100,597473000,1327350000,729877000,2067832000,27296666.7,14980627.5,0.6,439.2,170.6,0,,-200,-6850000,34.25,"2022-12-09T14:22:00.000Z",1670595720000,34.25,34.25,34.25,0,100,0,,0.5,,Infinity,200,200,60200,,6850000,,6850000,
792.2,17500,611063000,1364860000,753797000,2129262000,27296666.7,14980627.5,1.1,439.2,170.6,1.6,1100,400,13590000,34.1,"2022-12-09T14:24:00.000Z",1670595840000,34.2,34.1,34.2,61.1,38.9,0,1.4,1.6,,0.6,700,1800,61900,,61430000,37510000,23920000,
792.2,17900,624708000,1388720000,764012000,2163337000,27296666.7,14980627.5,1.1,439.2,170.6,2.3,700,400,13645000.000000002,34.1,"2022-12-09T14:26:00.000Z",1670595960000,34.1,34.05,34.05,70,30,0,0.9,0.7,,0.4,300,1000,63000,,34075000,23860000,10214999.999999998,
792.2,18000,628118000,1392130000,764012000,2166747000,27296666.7,14980627.5,0.3,439.2,170.6,Infinity,100,100,3410000,34.1,"2022-12-09T14:28:00.000Z",1670596080000,34.1,34.1,34.1,100,0,0,0.1,,,0,,100,63100,,3410000,3410000,,
792.2,18000,628118000,1392130000,764012000,2454867000,27296666.7,14980627.5,0,439.2,170.6,NaN,,0,0,34.3,"2022-12-09T14:44:00.000Z",1670597040000,34.3,34.3,34.3,0,0,100,,,49.2,NaN,,8400,71500,8400,288120000,,,288120000
