"abu","acum_busd","acum_busd_val","acum_val","asd","auk","bs","bu","bu-sd","bu-sd_val","c","date","datetime","h","l","o","pbu","psd","puk","rbu","rsd","ruk","sb","sd","sum_vol","total_vol","uk","val","val_bu","val_sd","val_uk"
2252.6,200,13880000.000000002,13880000.000000002,1078.9,0,Infinity,200,200,13880000.000000002,69.4,"2022-12-09T09:24:00.000Z",1670577840000,69.4,69.4,69.4,100,0,0,0.1,,,0,,200,200,,13880000.000000002,13880000.000000002,,
2252.6,-3200,-221510000,290910000,1078.9,0,0.1,300,-3400,-235390000,69.3,"2022-12-09T09:32:00.000Z",1670578320000,69.4,69.2,69.4,7.5,92.5,0,0.1,3.4,,12.3,3700,4000,4200,,277030000,20820000,256210000,
2252.6,-4600,-318670000,429710000,1078.9,0,0.2,300,-1400,-97160000.00000001,69.4,"2022-12-09T09:34:00.000Z",1670578440000,69.4,69.4,69.4,15,85,0,0.1,1.6,,5.7,1700,2000,6200,,138800000,20820000,117980000.00000001,
2252.6,-2800,-193570000,777210000,1078.9,0,2.1,3400,1800,125100000,69.6,"2022-12-09T09:36:00.000Z",1670578560000,69.6,69.4,69.4,68,32,0,1.5,1.5,,0.5,1600,5000,11200,,347500000,236300000,111200000,
2252.6,-2100,-144920000,1117760000,1078.9,0,1.3,2800,700,48650000,69.5,"2022-12-09T09:38:00.000Z",1670578680000,69.5,69.5,69.5,57.1,42.9,0,1.2,1.9,,0.8,2100,4900,16100,,340550000,194600000,145950000,
2252.6,-900,-61930000,1477150000,1078.9,0,1.6,3200,1200,82990000,69.1,"2022-12-09T09:52:00.000Z",1670579520000,69.2,69.1,69.2,61.5,38.5,0,1.4,1.9,,0.6,2000,5200,21300,,359390000,221190000,138200000,
2252.6,-1700,-20626600,1518646600,1078.9,0,0.4,600,-800,41303400,68.9,"2022-12-09T09:58:00.000Z",1670579880000,69.1,68.9,69.1,30,70,0,0.3,1.3,,2.3,1400,2000,23300,,41496600,41400000,96600,
2252.6,1600,145035500,1684308700,1078.9,0,Infinity,3300,3300,165662100,69.1,"2022-12-09T10:00:00.000Z",1670580000000,69.1,68.9,68.9,100,0,0,1.5,,,0,,3300,26600,,165662100,165662100,,
2252.6,4500,290200700,1884836700,1078.9,0,3.9,3900,2900,145165200,69.1,"2022-12-09T10:12:00.000Z",1670580720000,69.1,69,69.1,79.6,20.4,0,1.7,0.9,,0.3,1000,4900,31500,,200528000,172846600,27681399.999999996,
2252.6,4400,290193800,1884843600,1078.9,0,0,,-100,-6900,69,"2022-12-09T10:30:00.000Z",1670581800000,69,69,69,0,100,0,,0.1,,Infinity,100,100,31600,,6900,,6900,
2252.6,5700,379763800,1974413600,1078.9,0,Infinity,1300,1300,89570000,68.9,"2022-12-09T10:38:00.000Z",1670582280000,68.9,68.9,68.9,100,0,0,0.6,,,0,,1300,32900,,89570000,89570000,,
2252.6,5000,331533800,2298243600,1078.9,0,0.7,2000,-700,-48230000.00000003,68.9,"2022-12-09T10:40:00.000Z",1670582400000,68.9,68.9,68.9,42.6,57.4,0,0.9,2.5,,1.4,2700,4700,37600,,323830000,137800000,186030000.00000003,
2252.6,5100,338493800,2373903600,1078.9,0,1.2,600,100,6960000,68.7,"2022-12-09T10:50:00.000Z",1670583000000,68.9,68.7,68.9,54.5,45.5,0,0.3,0.5,,0.8,500,1100,38700,,75660000,41310000,34350000,
2252.6,3200,207453800,2711043600,1078.9,0,0.4,1500,-1900,-131040000,68.9,"2022-12-09T10:54:00.000Z",1670583240000,68.9,68.7,68.7,30.6,69.4,0,0.7,3.2,,2.3,3400,4900,43600,,337140000,103050000,234090000,
2252.6,5600,372813800,3041763600,1078.9,0,3,3600,2400,165360000,68.9,"2022-12-09T10:58:00.000Z",1670583480000,68.9,68.9,68.9,75,25,0,1.6,1.1,,0.3,1200,4800,48400,,330720000,248040000,82680000,
2252.6,4100,269613800,3365123600,1078.9,0,0.5,1600,-1500,-103200000,68.8,"2022-12-09T11:16:00.000Z",1670584560000,68.8,68.8,68.8,34,66,0,0.7,2.9,,1.9,3100,4700,53100,,323360000,110080000,213280000,
2252.6,9900,668653800,3777923600,1078.9,0,59,5900,5800,399040000,68.8,"2022-12-09T13:08:00.000Z",1670591280000,68.8,68.8,68.8,98.3,1.7,0,2.6,0.1,,0,100,6000,59100,,412800000,405920000,6880000,
2252.6,9800,661773800,3784803600,1078.9,0,0,,-100,-6880000,68.8,"2022-12-09T13:12:00.000Z",1670591520000,68.8,68.8,68.8,0,100,0,,0.1,,Infinity,100,100,59200,,6880000,,6880000,
2252.6,10300,696123800,3819153600,1078.9,0,Infinity,500,500,34350000,68.7,"2022-12-09T13:18:00.000Z",1670591880000,68.7,68.7,68.7,100,0,0,0.2,,,0,,500,59700,,34350000,34350000,,
2252.6,14300,970923800,4093953600,1078.9,0,Infinity,4000,4000,274800000,68.7,"2022-12-09T13:20:00.000Z",1670592000000,68.7,68.7,68.7,100,0,0,1.8,,,0,,4000,63700,,274800000,274800000,,
2252.6,14200,964053800,4100823600,1078.9,0,0,,-100,-6870000,68.7,"2022-12-09T13:26:00.000Z",1670592360000,68.7,68.7,68.7,0,100,0,,0.1,,Infinity,100,100,63800,,6870000,,6870000,
2252.6,13700,929703800,4135173600,1078.9,0,0,,-500,-34350000,68.7,"2022-12-09T13:28:00.000Z",1670592480000,68.7,68.7,68.7,0,100,0,,0.5,,Infinity,500,500,64300,,34350000,,34350000,
2252.6,17700,1204503800,4409973600,1078.9,0,Infinity,4000,4000,274800000,68.8,"2022-12-09T13:30:00.000Z",1670592600000,68.8,68.6,68.6,100,0,0,1.8,,,0,,4000,68300,,274800000,274800000,,
2252.6,19300,1314423800,4780953600,1078.9,0,1.8,3500,1600,109920000,68.7,"2022-12-09T13:32:00.000Z",1670592720000,68.7,68.7,68.7,64.8,35.2,0,1.6,1.8,,0.5,1900,5400,73700,,370980000,240450000,130530000,
2252.6,23800,1624473800,5091003600,1078.9,0,Infinity,4500,4500,310050000,68.9,"2022-12-09T13:36:00.000Z",1670592960000,68.9,68.9,68.9,100,0,0,2,,,0,,4500,78200,,310050000,310050000,,
2252.6,23200,1583263800,5132213600,1078.9,0,0,,-600,-41210000,68.6,"2022-12-09T13:42:00.000Z",1670593320000,68.7,68.6,68.7,0,100,0,,0.6,,Infinity,600,600,78800,,41210000,,41210000,
2252.6,24300,1659123800,5400153600,1078.9,0,1.8,2500,1100,75860000.00000001,68.8,"2022-12-09T13:44:00.000Z",1670593440000,68.8,68.6,68.6,64.1,35.9,0,1.1,1.3,,0.6,1400,3900,82700,,267940000,171900000,96039999.99999999,
2252.6,27300,1865023800,5674753600,1078.9,0,7,3500,3000,205899999.99999997,68.7,"2022-12-09T13:50:00.000Z",1670593800000,68.7,68.6,68.7,87.5,12.5,0,1.6,0.5,,0.1,500,4000,86700,,274600000,240249999.99999997,34350000,
2252.6,29300,2002623800,5812353600,1078.9,0,Infinity,2000,2000,137600000,68.8,"2022-12-09T13:52:00.000Z",1670593920000,68.8,68.8,68.8,100,0,0,0.9,,,0,,2000,88700,,137600000,137600000,,
2252.6,35300,2415423800,6225153600,1078.9,0,Infinity,6000,6000,412800000,68.8,"2022-12-09T13:56:00.000Z",1670594160000,68.8,68.8,68.8,100,0,0,2.7,,,0,,6000,94700,,412800000,412800000,,
2252.6,35800,2450113800,6671263600,1078.9,0,1.2,3500,500,34690000,68.8,"2022-12-09T14:00:00.000Z",1670594400000,68.8,68.5,68.7,53.8,46.2,0,1.6,2.8,,0.9,3000,6500,101200,,446110000,240400000,205710000,
2252.6,40800,2794113800,7015263600,1078.9,0,Infinity,5000,5000,344000000,68.8,"2022-12-09T14:02:00.000Z",1670594520000,68.8,68.8,68.8,100,0,0,2.2,,,0,,5000,106200,,344000000,344000000,,
2252.6,45400,3110593800,7331743600,1078.9,0,Infinity,4600,4600,316480000,68.8,"2022-12-09T14:14:00.000Z",1670595240000,68.8,68.8,68.8,100,0,0,2,,,0,,4600,110800,,316480000,316480000,,
2252.6,45000,3083003800,7400613600,1078.9,0,0.4,300,-400,-27590000.000000007,68.9,"2022-12-09T14:18:00.000Z",1670595480000,68.9,68.8,68.8,30,70,0,0.1,0.6,,2.3,700,1000,111800,,68870000,20640000,48230000.00000001,
2252.6,44400,3041663800,7441953600,1078.9,0,0,,-600,-41340000,68.9,"2022-12-09T14:22:00.000Z",1670595720000,68.9,68.9,68.9,0,100,0,,0.6,,Infinity,600,600,112400,,41340000,,41340000,
2252.6,38600,2770062700,7852354700,1078.9,0,0.1,1000,-5800,-271601100,69.7,"2022-12-09T14:26:00.000Z",1670595960000,69.7,69,69,12.8,87.2,0,0.4,6.3,,6.8,6800,7800,120200,,410401100,69400000,341001100,
2252.6,44800,3209642700,8291934700,1078.9,0,Infinity,6200,6200,439580000.00000006,70.9,"2022-12-09T14:28:00.000Z",1670596080000,70.9,70.9,70.9,100,0,0,2.8,,,0,,6200,126400,,439580000.00000006,439580000.00000006,,
2252.6,44600,3209642700,8291934700,1078.9,0,0,,-200,0,0,"2022-12-09T14:30:00.000Z",1670596200000,0,0,0,0,100,0,,0.2,,Infinity,200,200,126600,,0,,0,
