"abu","acum_busd","acum_busd_val","acum_val_bu","acum_val_sd","acum_val","avg_val_bu","avg_val_sd","rbusd","asd","auk","bs","bu","bu-sd","bu-sd_val","c","date","datetime","h","l","o","pbu","psd","puk","rbu","rsd","ruk","sb","sd","sum_vol","total_vol","uk","val","val_bu","val_sd","val_uk"
1462.5,100,810000,810000,0,1620000,11838125,28496875,0,3534.4,21.9,Infinity,100,100,810000,8100,"2023-02-28T09:00:00.000Z",1677574800000,8100,8100,8100,50,0,50,0.1,,4.6,0,,200,200,100,1620000,810000,,810000
1462.5,-400,-3290000,810000,4100000,5720000,11838125,28496875,0.2,3534.4,21.9,0,,-500,-4100000,8200,"2023-02-28T09:10:00.000Z",1677575400000,8200,8200,8200,0,100,0,,0.1,,Infinity,500,500,700,,4100000,,4100000,
1462.5,-13700,-111200000,1630000,112830000,115270000,11838125,28496875,6.5,3534.4,21.9,0,100,-13300,-107910000,8200,"2023-02-28T09:15:00.000Z",1677575700000,8200,8100,8100,0.7,99.3,0,0.1,3.8,,134,13400,13500,14200,,109550000,820000,108730000,
1462.5,-15300,-124320000,4090000,128410000,133310000,11838125,28496875,0.8,3534.4,21.9,0.2,300,-1600,-13120000,8200,"2023-02-28T09:20:00.000Z",1677576000000,8200,8200,8200,13.6,86.4,0,0.2,0.5,,6.3,1900,2200,16400,,18040000,2460000,15580000,
1462.5,-17100,-139080000,4090000,143170000,148070000,11838125,28496875,0.9,3534.4,21.9,0,,-1800,-14760000,8200,"2023-02-28T09:25:00.000Z",1677576300000,8200,8200,8200,0,100,0,,0.5,,Infinity,1800,1800,18200,,14760000,,14760000,
1462.5,-17100,-139080000,6550000,145630000,152990000,11838125,28496875,0,3534.4,21.9,1,300,0,0,8200,"2023-02-28T09:30:00.000Z",1677576600000,8200,8200,8200,50,50,0,0.2,0.1,,1,300,600,18800,,4920000,2460000,2460000,
1462.5,-18500,-150560000,8190000,158750000,167750000,11838125,28496875,0.7,3534.4,21.9,0.1,200,-1400,-11480000,8200,"2023-02-28T09:45:00.000Z",1677577500000,8200,8200,8200,11.1,88.9,0,0.1,0.5,,8,1600,1800,20600,,14760000,1640000,13120000,
1462.5,-48800,-395990000,8190000,404180000,413180000,11838125,28496875,14.7,3534.4,21.9,0,,-30300,-245430000,8100,"2023-02-28T09:50:00.000Z",1677577800000,8100,8100,8100,0,100,0,,8.6,,Infinity,30300,30300,50900,,245430000,,245430000,
1462.5,-48900,-396800000,8190000,404990000,413990000,11838125,28496875,0,3534.4,21.9,0,,-100,-810000,8100,"2023-02-28T10:00:00.000Z",1677578400000,8100,8100,8100,0,100,0,,0,,Infinity,100,100,51000,,810000,,810000,
1462.5,-52200,-423530000,8190000,431720000,440720000,11838125,28496875,1.6,3534.4,21.9,0,,-3300,-26730000,8100,"2023-02-28T10:15:00.000Z",1677579300000,8100,8100,8100,0,100,0,,0.9,,Infinity,3300,3300,54300,,26730000,,26730000,
1462.5,-52300,-424340000,8190000,432530000,441530000,11838125,28496875,0,3534.4,21.9,0,,-100,-810000,8100,"2023-02-28T10:20:00.000Z",1677579600000,8100,8100,8100,0,100,0,,0,,Infinity,100,100,54400,,810000,,810000,
1462.5,-53200,-431630000,8190000,439820000,448820000,11838125,28496875,0.4,3534.4,21.9,0,,-900,-7290000,8100,"2023-02-28T10:40:00.000Z",1677580800000,8100,8100,8100,0,100,0,,0.3,,Infinity,900,900,55300,,7290000,,7290000,
1462.5,-53600,-434870000,8190000,443060000,452060000,11838125,28496875,0.2,3534.4,21.9,0,,-400,-3240000,8100,"2023-02-28T10:45:00.000Z",1677581100000,8100,8100,8100,0,100,0,,0.1,,Infinity,400,400,55700,,3240000,,3240000,
1462.5,-36500,-296360000,146700000,443060000,590570000,11838125,28496875,-8.3,3534.4,21.9,Infinity,17100,17100,138510000,8100,"2023-02-28T11:05:00.000Z",1677582300000,8100,8100,8100,100,0,0,11.7,,,0,,17100,72800,,138510000,138510000,,
1462.5,-38500,-312350000,147510000,459860000,608180000,11838125,28496875,1,3534.4,21.9,0,100,-2000,-15990000,8100,"2023-02-28T11:20:00.000Z",1677583200000,8100,8000,8000,4.5,95.5,0,0.1,0.6,,21,2100,2200,75000,,17610000,810000,16800000,
1462.5,-38100,-309110000,150750000,459860000,611420000,11838125,28496875,-0.2,3534.4,21.9,Infinity,400,400,3240000,8100,"2023-02-28T11:25:00.000Z",1677583500000,8100,8100,8100,100,0,0,0.3,,,0,,400,75400,,3240000,3240000,,
1462.5,-36700,-297770000,162090000,459860000,627620000,11838125,28496875,-0.7,3534.4,21.9,Infinity,1400,1400,11340000,8100,"2023-02-28T13:00:00.000Z",1677589200000,8100,8100,8100,70,0,30,1,,27.4,0,,2000,77400,600,16200000,11340000,,4860000
1462.5,-37000,-300170000,162090000,462260000,630020000,11838125,28496875,0.1,3534.4,21.9,0,,-300,-2400000,8000,"2023-02-28T13:05:00.000Z",1677589500000,8000,8000,8000,0,100,0,,0.1,,Infinity,300,300,77700,,2400000,,2400000,
1462.5,-41700,-337740000,164520000,502260000,672450000,11838125,28496875,2.3,3534.4,21.9,0.1,300,-4700,-37570000,8000,"2023-02-28T13:10:00.000Z",1677589800000,8100,8000,8100,5.7,94.3,0,0.2,1.4,,16.7,5000,5300,83000,,42430000,2430000,40000000,
1462.5,-39100,-316670000,186390000,503060000,695120000,11838125,28496875,-1.3,3534.4,21.9,27,2700,2600,21070000,8100,"2023-02-28T13:15:00.000Z",1677590100000,8100,8000,8100,96.4,3.6,0,1.8,0,,0,100,2800,85800,,22670000,21870000,800000,
1462.5,-35100,-284270000,218790000,503060000,727520000,11838125,28496875,-1.9,3534.4,21.9,Infinity,4000,4000,32400000,8100,"2023-02-28T13:35:00.000Z",1677591300000,8100,8100,8100,100,0,0,2.7,,,0,,4000,89800,,32400000,32400000,,
1462.5,-34400,-278570000,226890000,505460000,738020000,11838125,28496875,-0.3,3534.4,21.9,3.3,1000,700,5700000,8000,"2023-02-28T13:40:00.000Z",1677591600000,8100,8000,8100,76.9,23.1,0,0.7,0.1,,0.3,300,1300,91100,,10500000,8100000,2400000,
1462.5,-34800,-281770000,226890000,508660000,741220000,11838125,28496875,0.2,3534.4,21.9,0,,-400,-3200000,8000,"2023-02-28T13:45:00.000Z",1677591900000,8000,8000,8000,0,100,0,,0.1,,Infinity,400,400,91500,,3200000,,3200000,
1462.5,-56500,-455370000,226890000,682260000,914820000,11838125,28496875,10.4,3534.4,21.9,0,,-21700,-173600000,8000,"2023-02-28T13:50:00.000Z",1677592200000,8000,8000,8000,0,100,0,,6.1,,Infinity,21700,21700,113200,,173600000,,173600000,
1462.5,-68600,-552170000,254090000,806260000,1066020000,11838125,28496875,5.8,3534.4,21.9,0.2,3400,-12100,-96800000,8000,"2023-02-28T13:55:00.000Z",1677592500000,8000,8000,8000,18,82,0,2.3,4.4,,4.6,15500,18900,132100,,151200000,27200000,124000000,
1462.5,-70200,-564970000,258890000,823860000,1088420000,11838125,28496875,0.8,3534.4,21.9,0.3,600,-1600,-12800000,8000,"2023-02-28T14:00:00.000Z",1677592800000,8000,8000,8000,21.4,78.6,0,0.4,0.6,,3.7,2200,2800,134900,,22400000,4800000,17600000,
1462.5,-69000,-555250000,268610000,823860000,1098140000,11838125,28496875,-0.6,3534.4,21.9,Infinity,1200,1200,9720000,8100,"2023-02-28T14:05:00.000Z",1677593100000,8100,8100,8100,100,0,0,0.8,,,0,,1200,136100,,9720000,9720000,,
1462.5,-56500,-454000000,369860000,823860000,1199390000,11838125,28496875,-6.1,3534.4,21.9,Infinity,12500,12500,101250000,8100,"2023-02-28T14:10:00.000Z",1677593400000,8100,8100,8100,100,0,0,8.5,,,0,,12500,148600,,101250000,101250000,,
1462.5,-59000,-474000000,369860000,843860000,1219390000,11838125,28496875,1.2,3534.4,21.9,0,,-2500,-20000000,8000,"2023-02-28T14:15:00.000Z",1677593700000,8000,8000,8000,0,100,0,,0.7,,Infinity,2500,2500,151100,,20000000,,20000000,
1462.5,-58400,-469140000,374720000,843860000,1224250000,11838125,28496875,-0.3,3534.4,21.9,Infinity,600,600,4860000,8100,"2023-02-28T14:20:00.000Z",1677594000000,8100,8100,8100,100,0,0,0.4,,,0,,600,151700,,4860000,4860000,,
1462.5,-66800,-537180000,374720000,911900000,1292290000,11838125,28496875,4.1,3534.4,21.9,0,,-8400,-68040000,8100,"2023-02-28T14:25:00.000Z",1677594300000,8100,8100,8100,0,100,0,,2.4,,Infinity,8400,8400,160100,,68040000,,68040000,
1462.5,-66300,-533080000,378820000,911900000,1296390000,11838125,28496875,-0.2,3534.4,21.9,Infinity,500,500,4100000,8200,"2023-02-28T14:45:00.000Z",1677595500000,8200,8200,8200,100,0,0,0.3,,,0,,500,160600,,4100000,4100000,,
