"abu","acum_busd","acum_busd_val","acum_val_bu","acum_val_sd","acum_val","avg_val_bu","avg_val_sd","rbusd","asd","auk","bs","bu","bu-sd","bu-sd_val","c","date","datetime","h","l","o","pbu","psd","puk","rbu","rsd","ruk","sb","sd","sum_vol","total_vol","uk","val","val_bu","val_sd","val_uk"
8674.5,0,0,0,0,50868000,53942978.7,130781829.8,0,21057.4,1021.3,NaN,,0,0,6280,"2023-03-20T09:10:00.000Z",1679303400000,6280,6280,6280,0,0,100,,,7.9,NaN,,8100,8100,8100,50868000,,,50868000
8674.5,-7000,-43774000,626000,44400000,95894000,53942978.7,130781829.8,0.6,21057.4,1021.3,0,100,-7000,-43774000,6240,"2023-03-20T09:15:00.000Z",1679303700000,6270,6240,6270,1.4,98.6,0,0,0.3,,71,7100,7200,15300,,45026000,626000,44400000,
8674.5,4000,25053000,156833000,131780000,339481000,53942978.7,130781829.8,-0.9,21057.4,1021.3,1.8,25000,11000,68827000,6240,"2023-03-20T09:20:00.000Z",1679304000000,6250,6240,6250,64.1,35.9,0,2.9,0.7,,0.6,14000,39000,54300,,243587000,156207000,87380000,
8674.5,70900,443115000,574895000,131780000,757543000,53942978.7,130781829.8,-5.4,21057.4,1021.3,Infinity,66900,66900,418062000,6260,"2023-03-20T09:25:00.000Z",1679304300000,6260,6240,6240,100,0,0,7.7,,,0,,66900,121200,,418062000,418062000,,
8674.5,75100,469466000,621920000,152454000,825242000,53942978.7,130781829.8,-0.3,21057.4,1021.3,2.3,7500,4200,26351000,6270,"2023-03-20T09:30:00.000Z",1679304600000,6270,6260,6260,69.4,30.6,0,0.9,0.2,,0.4,3300,10800,132000,,67699000,47025000,20674000,
8674.5,63800,398667000,641984000,243317000,936169000,53942978.7,130781829.8,0.9,21057.4,1021.3,0.2,3200,-11300,-70799000,6260,"2023-03-20T09:35:00.000Z",1679304900000,6270,6260,6270,18.1,81.9,0,0.4,0.7,,4.5,14500,17700,149700,,110927000,20064000,90863000,
8674.5,48800,304840000,643864000,339024000,1033756000,53942978.7,130781829.8,1.2,21057.4,1021.3,0,300,-15000,-93827000,6270,"2023-03-20T09:40:00.000Z",1679305200000,6270,6240,6260,1.9,98.1,0,0,0.7,,51,15300,15600,165300,,97587000,1880000,95707000,
8674.5,52800,329920000,668944000,339024000,1058836000,53942978.7,130781829.8,-0.3,21057.4,1021.3,Infinity,4000,4000,25080000,6270,"2023-03-20T09:45:00.000Z",1679305500000,6270,6270,6270,100,0,0,0.5,,,0,,4000,169300,,25080000,25080000,,
8674.5,58900,368180000,724133000,355953000,1130954000,53942978.7,130781829.8,-0.5,21057.4,1021.3,3.3,8800,6100,38260000,6280,"2023-03-20T09:50:00.000Z",1679305800000,6280,6270,6270,76.5,23.5,0,1,0.1,,0.3,2700,11500,180800,,72118000,55189000,16929000,
8674.5,80600,504469000,868573000,364104000,1283545000,53942978.7,130781829.8,-1.8,21057.4,1021.3,17.7,23000,21700,136289000,6280,"2023-03-20T09:55:00.000Z",1679306100000,6280,6270,6280,94.7,5.3,0,2.7,0.1,,0.1,1300,24300,205100,,152591000,144440000,8151000,
8674.5,82600,517054000,885554000,368500000,1304922000,53942978.7,130781829.8,-0.2,21057.4,1021.3,3.9,2700,2000,12585000,6290,"2023-03-20T10:00:00.000Z",1679306400000,6300,6280,6280,79.4,20.6,0,0.3,0,,0.3,700,3400,208500,,21377000,16981000,4396000,
8674.5,79200,495688000,900630000,404942000,1356440000,53942978.7,130781829.8,0.3,21057.4,1021.3,0.4,2400,-3400,-21366000,6280,"2023-03-20T10:05:00.000Z",1679306700000,6290,6280,6290,29.3,70.7,0,0.3,0.3,,2.4,5800,8200,216700,,51518000,15076000,36442000,
8674.5,61000,381574000,900630000,519056000,1470554000,53942978.7,130781829.8,1.5,21057.4,1021.3,0,,-18200,-114114000,6270,"2023-03-20T10:10:00.000Z",1679307000000,6270,6270,6270,0,100,0,,0.9,,Infinity,18200,18200,234900,,114114000,,114114000,
8674.5,50100,313231000,900630000,587399000,1538897000,53942978.7,130781829.8,0.9,21057.4,1021.3,0,,-10900,-68343000,6270,"2023-03-20T10:15:00.000Z",1679307300000,6270,6270,6270,0,100,0,,0.5,,Infinity,10900,10900,245800,,68343000,,68343000,
8674.5,15600,97125000,901256000,804131000,1756255000,53942978.7,130781829.8,2.8,21057.4,1021.3,0,100,-34500,-216106000,6260,"2023-03-20T10:20:00.000Z",1679307600000,6270,6250,6270,0.3,99.7,0,0,1.6,,346,34600,34700,280500,,217358000,626000,216732000,
8674.5,-16700,-104526000,908768000,1013294000,1972930000,53942978.7,130781829.8,2.6,21057.4,1021.3,0,1200,-32300,-201651000,6240,"2023-03-20T10:25:00.000Z",1679307900000,6260,6240,6250,3.5,96.5,0,0.1,1.6,,27.9,33500,34700,315200,,216675000,7512000,209163000,
8674.5,-17500,-109522000,909395000,1018917000,1979180000,53942978.7,130781829.8,0.1,21057.4,1021.3,0.1,100,-800,-4996000,6250,"2023-03-20T10:30:00.000Z",1679308200000,6270,6240,6240,10,90,0,0,0,,9,900,1000,316200,,6250000,627000,5623000,
8674.5,-18100,-113264000,916909000,1030173000,1997950000,53942978.7,130781829.8,0,21057.4,1021.3,0.7,1200,-600,-3742000,6260,"2023-03-20T10:35:00.000Z",1679308500000,6270,6250,6270,40,60,0,0.1,0.1,,1.5,1800,3000,319200,,18770000,7514000,11256000,
8674.5,-28800,-180128000,936951000,1117079000,2104898000,53942978.7,130781829.8,0.9,21057.4,1021.3,0.2,3200,-10700,-66864000,6260,"2023-03-20T10:40:00.000Z",1679308800000,6270,6250,6260,18.7,81.3,0,0.4,0.7,,4.3,13900,17100,336300,,106948000,20042000,86906000,
8674.5,-74900,-468233000,949471000,1417704000,2418043000,53942978.7,130781829.8,3.7,21057.4,1021.3,0,2000,-46100,-288105000,6250,"2023-03-20T10:45:00.000Z",1679309100000,6260,6250,6260,4,96,0,0.2,2.3,,24.1,48100,50100,386400,,313145000,12520000,300625000,
8674.5,-85200,-532600000,967604000,1500204000,2518676000,53942978.7,130781829.8,0.8,21057.4,1021.3,0.2,2900,-10300,-64367000,6250,"2023-03-20T10:50:00.000Z",1679309400000,6260,6250,6250,18,82,0,0.3,0.6,,4.6,13200,16100,402500,,100633000,18133000,82500000,
8674.5,-65100,-406774000,1108454000,1515228000,2674550000,53942978.7,130781829.8,-1.6,21057.4,1021.3,9.4,22500,20100,125826000,6260,"2023-03-20T10:55:00.000Z",1679309700000,6260,6260,6260,90.4,9.6,0,2.6,0.1,,0.1,2400,24900,427400,,155874000,140850000,15024000,
8674.5,-59500,-371712000,1147266000,1518978000,2717112000,53942978.7,130781829.8,-0.5,21057.4,1021.3,10.3,6200,5600,35062000,6260,"2023-03-20T11:00:00.000Z",1679310000000,6260,6250,6250,91.2,8.8,0,0.7,0,,0.1,600,6800,434200,,42562000,38812000,3750000,
8674.5,-92900,-580458000,1149770000,1730228000,2930866000,53942978.7,130781829.8,2.7,21057.4,1021.3,0,400,-33400,-208746000,6250,"2023-03-20T11:05:00.000Z",1679310300000,6260,6250,6260,1.2,98.8,0,0,1.6,,84.5,33800,34200,468400,,213754000,2504000,211250000,
8674.5,-95900,-599206000,1171022000,1770228000,2995243000,53942978.7,130781829.8,0.2,21057.4,1021.3,0.5,3400,-3000,-18748000,6250,"2023-03-20T11:10:00.000Z",1679310600000,6260,6250,6250,33,62.1,4.9,0.4,0.3,0.5,1.9,6400,10300,478700,500,64377000,21252000,40000000,3125000
8674.5,-158000,-986707000,1172897000,2159604000,3386494000,53942978.7,130781829.8,5,21057.4,1021.3,0,300,-62100,-387501000,6240,"2023-03-20T11:15:00.000Z",1679310900000,6250,6240,6240,0.5,99.5,0,0,3,,208,62400,62700,541400,,391251000,1875000,389376000,
8674.5,-165900,-1035999000,1175397000,2211396000,3440786000,53942978.7,130781829.8,0.6,21057.4,1021.3,0,400,-7900,-49292000,6240,"2023-03-20T11:20:00.000Z",1679311200000,6250,6240,6240,4.6,95.4,0,0,0.4,,20.8,8300,8700,550100,,54292000,2500000,51792000,
8674.5,-176800,-1104015000,1175397000,2279412000,3508802000,53942978.7,130781829.8,0.9,21057.4,1021.3,0,,-10900,-68016000,6240,"2023-03-20T11:25:00.000Z",1679311500000,6240,6240,6240,0,100,0,,0.5,,Infinity,10900,10900,561000,,68016000,,68016000,
8674.5,-208200,-1299629000,1189734000,2489363000,3733090000,53942978.7,130781829.8,2.5,21057.4,1021.3,0.1,2300,-31400,-195614000,6230,"2023-03-20T13:00:00.000Z",1679317200000,6240,6230,6240,6.4,93.6,0,0.3,1.6,,14.7,33700,36000,597000,,224288000,14337000,209951000,
8674.5,-250700,-1563302000,1195334000,2758636000,4007963000,53942978.7,130781829.8,3.4,21057.4,1021.3,0,900,-42500,-263673000,6220,"2023-03-20T13:05:00.000Z",1679317500000,6230,6200,6220,2,98,0,0.1,2.1,,48.2,43400,44300,641300,,274873000,5600000,269273000,
8674.5,-285600,-1779648000,1275359000,3055007000,4384359000,53942978.7,130781829.8,2.8,21057.4,1021.3,0.3,12900,-34900,-216346000,6200,"2023-03-20T13:10:00.000Z",1679317800000,6220,6200,6220,21.3,78.7,0,1.5,2.3,,3.7,47800,60700,702000,,376396000,80025000,296371000,
8674.5,-282400,-1759746000,1352390000,3112136000,4518519000,53942978.7,130781829.8,-0.3,21057.4,1021.3,1.3,12400,3200,19902000,6210,"2023-03-20T13:15:00.000Z",1679318100000,6220,6200,6210,57.4,42.6,0,1.4,0.4,,0.7,9200,21600,723600,,134160000,77031000,57129000,
8674.5,-294600,-1835464000,1371647000,3207111000,4632751000,53942978.7,130781829.8,1,21057.4,1021.3,0.2,3100,-12200,-75718000,6210,"2023-03-20T13:20:00.000Z",1679318400000,6220,6200,6210,16.8,83.2,0,0.4,0.7,,4.9,15300,18400,742000,,114232000,19257000,94975000,
8674.5,-333400,-2075830000,1393987000,3469817000,4917797000,53942978.7,130781829.8,3.1,21057.4,1021.3,0.1,3600,-38800,-240366000,6190,"2023-03-20T13:25:00.000Z",1679318700000,6210,6190,6200,7.8,92.2,0,0.4,2,,11.8,42400,46000,788000,,285046000,22340000,262706000,
8674.5,-385800,-2399789000,1435487000,3835276000,5324756000,53942978.7,130781829.8,4.2,21057.4,1021.3,0.1,6700,-52400,-323959000,6180,"2023-03-20T13:30:00.000Z",1679319000000,6200,6180,6200,10.2,89.8,0,0.8,2.8,,8.8,59100,65800,853800,,406959000,41500000,365459000,
8674.5,-384300,-2390375000,1531885000,3922260000,5508138000,53942978.7,130781829.8,-0.1,21057.4,1021.3,1.1,15600,1500,9414000,6180,"2023-03-20T13:35:00.000Z",1679319300000,6180,6160,6180,52.5,47.5,0,1.8,0.7,,0.9,14100,29700,883500,,183382000,96398000,86984000,
8674.5,-409000,-2542794000,1551634000,4094428000,5700055000,53942978.7,130781829.8,2,21057.4,1021.3,0.1,3200,-24700,-152419000,6170,"2023-03-20T13:40:00.000Z",1679319600000,6180,6170,6180,10.3,89.7,0,0.4,1.3,,8.7,27900,31100,914600,,191917000,19749000,172168000,
8674.5,-411000,-2555030000,1586354000,4141384000,5781731000,53942978.7,130781829.8,0.2,21057.4,1021.3,0.7,5600,-2000,-12236000,6200,"2023-03-20T13:45:00.000Z",1679319900000,6200,6170,6170,42.4,57.6,0,0.6,0.4,,1.4,7600,13200,927800,,81676000,34720000,46956000,
8674.5,-477600,-2967082000,1645856000,4612938000,6312787000,53942978.7,130781829.8,5.4,21057.4,1021.3,0.1,9600,-66600,-412052000,6180,"2023-03-20T13:50:00.000Z",1679320200000,6210,6180,6190,11.2,88.8,0,1.1,3.6,,7.9,76200,85800,1013600,,531056000,59502000,471554000,
8674.5,-505900,-3141529000,1858104000,4999633000,6911730000,53942978.7,130781829.8,2.3,21057.4,1021.3,0.5,34400,-28300,-174447000,6170,"2023-03-20T13:55:00.000Z",1679320500000,6170,6160,6170,35.4,64.6,0,4,3,,1.8,62700,97100,1110700,,598943000,212248000,386695000,
8674.5,-500900,-3110606000,1932419000,5043025000,7029437000,53942978.7,130781829.8,-0.4,21057.4,1021.3,1.7,12000,5000,30923000,6200,"2023-03-20T14:00:00.000Z",1679320800000,6200,6170,6170,63.2,36.8,0,1.4,0.3,,0.6,7000,19000,1129700,,117707000,74315000,43392000,
8674.5,-512000,-3179390000,2036598000,5215988000,7306579000,53942978.7,130781829.8,0.9,21057.4,1021.3,0.6,16800,-11100,-68784000,6200,"2023-03-20T14:05:00.000Z",1679321100000,6210,6190,6190,37.6,62.4,0,1.9,1.3,,1.7,27900,44700,1174400,,277142000,104179000,172963000,
8674.5,-552500,-3429989000,2055796000,5485785000,7595574000,53942978.7,130781829.8,3.3,21057.4,1021.3,0.1,3100,-40500,-250599000,6180,"2023-03-20T14:10:00.000Z",1679321400000,6200,6170,6200,6.6,93.4,0,0.4,2.1,,14.1,43600,46700,1221100,,288995000,19198000,269797000,
8674.5,-585900,-3635957000,2123776000,5759733000,7937502000,53942978.7,130781829.8,2.7,21057.4,1021.3,0.2,11000,-33400,-205968000,6170,"2023-03-20T14:15:00.000Z",1679321700000,6180,6170,6180,19.9,80.1,0,1.3,2.1,,4,44400,55400,1276500,,341928000,67980000,273948000,
8674.5,-579700,-3597698000,2263840000,5861538000,8179371000,53942978.7,130781829.8,-0.5,21057.4,1021.3,1.4,22700,6200,38259000,6170,"2023-03-20T14:20:00.000Z",1679322000000,6180,6170,6180,57.9,42.1,0,2.6,0.8,,0.7,16500,39200,1315700,,241869000,140064000,101805000,
8674.5,-582000,-3611426000,2535320000,6146746000,8736059000,53942978.7,130781829.8,0.2,21057.4,1021.3,1,44000,-2300,-13728000,6170,"2023-03-20T14:25:00.000Z",1679322300000,6170,6160,6170,48.7,51.3,0,5.1,2.2,,1.1,46300,90300,1406000,,556688000,271480000,285208000,
8674.5,-582000,-3611426000,2535320000,6146746000,8978763000,53942978.7,130781829.8,0,21057.4,1021.3,NaN,,0,0,6160,"2023-03-20T14:45:00.000Z",1679323500000,6160,6160,6160,0,0,100,,,38.6,NaN,,39400,1445400,39400,242704000,,,242704000
