"abu","acum_busd","acum_busd_val","acum_val_bu","acum_val_sd","acum_val","avg_val_bu","avg_val_sd","rbusd","asd","auk","bs","bu","bu-sd","bu-sd_val","c","date","datetime","h","l","o","pbu","psd","puk","rbu","rsd","ruk","sb","sd","sum_vol","total_vol","uk","val","val_bu","val_sd","val_uk"
1475,-2600,-270230000,41710000,311940000,353650000,152584772.7,258157500,2.6,2500,331.8,0.1,400,-2600,-270230000,103700,"2023-03-20T09:15:00.000Z",1679303700000,104600,103700,104000,11.8,88.2,0,0.3,1.2,,7.5,3000,3400,3400,,353650000,41710000,311940000,
1475,-2900,-301150000,93630000,394780000,488410000,152584772.7,258157500,0.3,2500,331.8,0.6,500,-300,-30920000,104000,"2023-03-20T09:20:00.000Z",1679304000000,104000,103500,103600,38.5,61.5,0,0.3,0.3,,1.6,800,1300,4700,,134760000,51920000,82840000,
1475,-4600,-476940000,135190000,612130000,747320000,152584772.7,258157500,1.7,2500,331.8,0.2,400,-1700,-175790000,103900,"2023-03-20T09:25:00.000Z",1679304300000,103900,103500,103500,16,84,0,0.3,0.8,,5.3,2100,2500,7200,,258910000,41560000,217350000,
1475,-5800,-601150000,166320000,767470000,933790000,152584772.7,258157500,1.2,2500,331.8,0.2,300,-1200,-124210000,103500,"2023-03-20T09:30:00.000Z",1679304600000,103800,103500,103800,16.7,83.3,0,0.2,0.6,,5,1500,1800,9000,,186470000,31130000,155340000,
1475,-5000,-518150000,373520000,891670000,1265190000,152584772.7,258157500,-0.8,2500,331.8,1.7,2000,800,83000000,103600,"2023-03-20T09:35:00.000Z",1679304900000,103600,103500,103500,62.5,37.5,0,1.4,0.5,,0.6,1200,3200,12200,,331400000,207200000,124200000,
1475,-7500,-776910000,373520000,1150430000,1523950000,152584772.7,258157500,2.5,2500,331.8,0,,-2500,-258760000,103500,"2023-03-20T09:40:00.000Z",1679305200000,103600,103500,103600,0,100,0,,1,,Infinity,2500,2500,14700,,258760000,,258760000,
1475,-7000,-725080000,446070000,1171150000,1617220000,152584772.7,258157500,-0.5,2500,331.8,3.5,700,500,51830000,103600,"2023-03-20T09:45:00.000Z",1679305500000,103700,103600,103600,77.8,22.2,0,0.5,0.1,,0.3,200,900,15600,,93270000,72550000,20720000,
1475,-8100,-838840000,539310000,1378150000,1917460000,152584772.7,258157500,1.1,2500,331.8,0.5,900,-1100,-113760000,103600,"2023-03-20T09:50:00.000Z",1679305800000,103600,103500,103600,31,69,0,0.6,0.8,,2.2,2000,2900,18500,,300240000,93240000,207000000,
1475,-5700,-590200000,787950000,1378150000,2166100000,152584772.7,258157500,-2.4,2500,331.8,Infinity,2400,2400,248640000,103600,"2023-03-20T09:55:00.000Z",1679306100000,103600,103600,103600,100,0,0,1.6,,,0,,2400,20900,,248640000,248640000,,
1475,-7600,-786820000,819030000,1605850000,2424880000,152584772.7,258157500,1.9,2500,331.8,0.1,300,-1900,-196620000,103500,"2023-03-20T10:00:00.000Z",1679306400000,103600,103500,103600,12,88,0,0.2,0.9,,7.3,2200,2500,23400,,258780000,31080000,227700000,
1475,-11900,-1231970000,891550000,2123520000,3015070000,152584772.7,258157500,4.2,2500,331.8,0.1,700,-4300,-445150000,103600,"2023-03-20T10:05:00.000Z",1679306700000,103600,103500,103500,12.3,87.7,0,0.5,2,,7.1,5000,5700,29100,,590190000,72520000,517670000,
1475,-11700,-1211200000,943400000,2154600000,3098000000,152584772.7,258157500,-0.2,2500,331.8,1.7,500,200,20770000,103700,"2023-03-20T10:10:00.000Z",1679307000000,103700,103600,103600,62.5,37.5,0,0.3,0.1,,0.6,300,800,29900,,82930000,51850000,31080000,
1475,-13500,-1397680000,995200000,2392880000,3388080000,152584772.7,258157500,1.8,2500,331.8,0.2,500,-1800,-186480000,103600,"2023-03-20T10:15:00.000Z",1679307300000,103600,103600,103600,17.9,82.1,0,0.3,0.9,,4.6,2300,2800,32700,,290080000,51800000,238280000,
1475,-19900,-2060020000,1005550000,3065570000,4071120000,152584772.7,258157500,6.3,2500,331.8,0,100,-6400,-662340000,103500,"2023-03-20T10:20:00.000Z",1679307600000,103500,103400,103500,1.5,98.5,0,0.1,2.6,,65,6500,6600,39300,,683040000,10350000,672690000,
1475,-20500,-2121970000,1098700000,3220670000,4319370000,152584772.7,258157500,0.6,2500,331.8,0.6,900,-600,-61950000,103400,"2023-03-20T10:25:00.000Z",1679307900000,103500,103400,103500,37.5,62.5,0,0.6,0.6,,1.7,1500,2400,41700,,248250000,93150000,155100000,
1475,-23100,-2390810000,1098700000,3489510000,4588210000,152584772.7,258157500,2.5,2500,331.8,0,,-2600,-268840000,103400,"2023-03-20T10:30:00.000Z",1679308200000,103400,103400,103400,0,100,0,,1,,Infinity,2600,2600,44300,,268840000,,268840000,
1475,-22900,-2370120000,1129720000,3499840000,4629560000,152584772.7,258157500,-0.2,2500,331.8,3,300,200,20690000,103300,"2023-03-20T10:35:00.000Z",1679308500000,103400,103300,103400,75,25,0,0.2,0,,0.3,100,400,44700,,41350000,31020000,10330000,
1475,-25000,-2587010000,1171080000,3758090000,4929170000,152584772.7,258157500,2.1,2500,331.8,0.2,400,-2100,-216890000,103400,"2023-03-20T10:40:00.000Z",1679308800000,103400,103300,103300,13.8,86.2,0,0.3,1,,6.3,2500,2900,47600,,299610000,41360000,258250000,
1475,-24000,-2483610000,1274480000,3758090000,5032570000,152584772.7,258157500,-1,2500,331.8,Infinity,1000,1000,103400000,103400,"2023-03-20T10:45:00.000Z",1679309100000,103400,103400,103400,100,0,0,0.7,,,0,,1000,48600,,103400000,103400000,,
1475,-24800,-2566230000,1295160000,3861390000,5156550000,152584772.7,258157500,0.8,2500,331.8,0.2,200,-800,-82620000,103300,"2023-03-20T10:50:00.000Z",1679309400000,103400,103300,103400,16.7,83.3,0,0.1,0.4,,5,1000,1200,49800,,123980000,20680000,103300000,
1475,-26700,-2762500000,1295160000,4057660000,5352820000,152584772.7,258157500,1.9,2500,331.8,0,,-1900,-196270000,103300,"2023-03-20T10:55:00.000Z",1679309700000,103300,103300,103300,0,100,0,,0.8,,Infinity,1900,1900,51700,,196270000,,196270000,
1475,-29900,-3093190000,1295160000,4388350000,5683510000,152584772.7,258157500,3.1,2500,331.8,0,,-3200,-330690000,103300,"2023-03-20T11:05:00.000Z",1679310300000,103400,103300,103400,0,100,0,,1.3,,Infinity,3200,3200,54900,,330690000,,330690000,
1475,-28500,-2948230000,1471110000,4419340000,5890450000,152584772.7,258157500,-1.4,2500,331.8,5.7,1700,1400,144960000,103300,"2023-03-20T11:10:00.000Z",1679310600000,103500,103300,103500,85,15,0,1.2,0.1,,0.2,300,2000,56900,,206940000,175950000,30990000,
1475,-29700,-3072200000,1471110000,4543310000,6014420000,152584772.7,258157500,1.2,2500,331.8,0,,-1200,-123970000,103400,"2023-03-20T11:15:00.000Z",1679310900000,103400,103300,103300,0,100,0,,0.5,,Infinity,1200,1200,58100,,123970000,,123970000,
1475,-30600,-3165170000,1471110000,4636280000,6107390000,152584772.7,258157500,0.9,2500,331.8,0,,-900,-92970000,103300,"2023-03-20T11:20:00.000Z",1679311200000,103300,103300,103300,0,100,0,,0.4,,Infinity,900,900,59000,,92970000,,92970000,
1475,-40700,-4209000000,1481440000,5690440000,7171880000,152584772.7,258157500,9.9,2500,331.8,0,100,-10100,-1043830000,103300,"2023-03-20T13:00:00.000Z",1679317200000,103400,103300,103400,1,99,0,0.1,4.1,,102,10200,10300,69300,,1064490000,10330000,1054160000,
1475,-49000,-5065100000,1522690000,6587790000,8110480000,152584772.7,258157500,8.1,2500,331.8,0,400,-8300,-856100000,103100,"2023-03-20T13:05:00.000Z",1679317500000,103200,103000,103200,4.4,95.6,0,0.3,3.5,,21.8,8700,9100,78400,,938600000,41250000,897350000,
1475,-47400,-4900100000,1687690000,6587790000,8275480000,152584772.7,258157500,-1.6,2500,331.8,Infinity,1600,1600,165000000,103200,"2023-03-20T13:10:00.000Z",1679317800000,103200,103100,103100,100,0,0,1.1,,,0,,1600,80000,,165000000,165000000,,
1475,-46200,-4776050000,1873720000,6649770000,8533810000,152584772.7,258157500,-1.2,2500,331.8,3,1800,1200,124050000,103300,"2023-03-20T13:15:00.000Z",1679318100000,103400,103200,103200,72,24,4,1.2,0.2,0.3,0.3,600,2500,82500,100,258330000,186030000,61980000,10320000
1475,-46600,-4817340000,1884050000,6701390000,8595760000,152584772.7,258157500,0.4,2500,331.8,0.2,100,-400,-41290000,103100,"2023-03-20T13:20:00.000Z",1679318400000,103300,103100,103300,16.7,83.3,0,0.1,0.2,,5,500,600,83100,,61950000,10330000,51620000,
1475,-46800,-4837880000,1956360000,6794240000,8760920000,152584772.7,258157500,0.2,2500,331.8,0.8,700,-200,-20540000,103100,"2023-03-20T13:25:00.000Z",1679318700000,103300,103100,103300,43.8,56.3,0,0.5,0.4,,1.3,900,1600,84700,,165160000,72310000,92850000,
1475,-48600,-5023430000,1956360000,6979790000,8946470000,152584772.7,258157500,1.8,2500,331.8,0,,-1800,-185550000,103000,"2023-03-20T13:30:00.000Z",1679319000000,103100,103000,103100,0,100,0,,0.7,,Infinity,1800,1800,86500,,185550000,,185550000,
1475,-64700,-6681740000,1966660000,8648400000,10625380000,152584772.7,258157500,15.7,2500,331.8,0,100,-16100,-1658310000,103000,"2023-03-20T13:35:00.000Z",1679319300000,103100,103000,103100,0.6,99.4,0,0.1,6.5,,162,16200,16300,102800,,1678910000,10300000,1668610000,
1475,-63400,-6547750000,2121270000,8669020000,10800610000,152584772.7,258157500,-1.3,2500,331.8,7.5,1500,1300,133990000,103200,"2023-03-20T13:40:00.000Z",1679319600000,103200,103000,103000,88.2,11.8,0,1,0.1,,0.1,200,1700,104500,,175230000,154610000,20620000,
1475,-67500,-6970000000,2244920000,9214920000,11470160000,152584772.7,258157500,4,2500,331.8,0.2,1200,-4100,-422250000,103000,"2023-03-20T13:45:00.000Z",1679319900000,103100,103000,103100,18.5,81.5,0,0.8,2.1,,4.4,5300,6500,111000,,669550000,123650000,545900000,
1475,-71100,-7340760000,2296420000,9637180000,11943920000,152584772.7,258157500,3.5,2500,331.8,0.1,500,-3600,-370760000,102900,"2023-03-20T13:50:00.000Z",1679320200000,103000,102900,103000,10.9,89.1,0,0.3,1.6,,8.2,4100,4600,115600,,473760000,51500000,422260000,
1475,-69900,-7217110000,2471520000,9688630000,12170470000,152584772.7,258157500,-1.2,2500,331.8,3.4,1700,1200,123650000,103000,"2023-03-20T13:55:00.000Z",1679320500000,103000,102900,102900,77.3,22.7,0,1.2,0.2,,0.3,500,2200,117800,,226550000,175100000,51450000,
1475,-62900,-6493250000,3483790000,9977040000,13481490000,152584772.7,258157500,-6.9,2500,331.8,3.5,9800,7000,723860000,103500,"2023-03-20T14:00:00.000Z",1679320800000,103500,103000,103000,77.2,22,0.8,6.6,1.1,0.3,0.3,2800,12700,130500,100,1311020000,1012270000,288410000,10340000
1475,-58400,-6026150000,4229040000,10255190000,14504890000,152584772.7,258157500,-4.4,2500,331.8,2.7,7200,4500,467100000,103500,"2023-03-20T14:05:00.000Z",1679321100000,103600,103000,103500,72.7,27.3,0,4.9,1.1,,0.4,2700,9900,140400,,1023400000,745250000,278150000,
1475,-58000,-5981650000,5015160000,10996810000,16032630000,152584772.7,258157500,-0.4,2500,331.8,1.1,7600,400,44500000,103600,"2023-03-20T14:10:00.000Z",1679321400000,103600,103000,103000,51.4,48.6,0,5.2,2.9,,0.9,7200,14800,155200,,1527740000,786120000,741620000,
1475,-50800,-5235510000,5761300000,10996810000,16778770000,152584772.7,258157500,-7.1,2500,331.8,Infinity,7200,7200,746140000,103600,"2023-03-20T14:15:00.000Z",1679321700000,103700,103500,103600,100,0,0,4.9,,,0,,7200,162400,,746140000,746140000,,
1475,-43100,-4438320000,6599770000,11038090000,17658520000,152584772.7,258157500,-7.6,2500,331.8,20.3,8100,7700,797190000,103600,"2023-03-20T14:20:00.000Z",1679322000000,103600,103000,103600,95.3,4.7,0,5.5,0.2,,0,400,8500,170900,,879750000,838470000,41280000,
1475,-45100,-4645200000,6713730000,11358930000,18093320000,152584772.7,258157500,2,2500,331.8,0.4,1100,-2000,-206880000,103400,"2023-03-20T14:25:00.000Z",1679322300000,103600,103400,103600,26.2,73.8,0,0.7,1.2,,2.8,3100,4200,175100,,434800000,113960000,320840000,
1475,-45100,-4645200000,6713730000,11358930000,19576520000,152584772.7,258157500,0,2500,331.8,NaN,,0,0,103000,"2023-03-20T14:45:00.000Z",1679323500000,103000,103000,103000,0,0,100,,,43.4,NaN,,14400,189500,14400,1483200000,,,1483200000
