"abu","acum_busd","acum_busd_val","acum_val_bu","acum_val_sd","acum_val","avg_val_bu","avg_val_sd","rbusd","asd","auk","bs","bu","bu-sd","bu-sd_val","c","date","datetime","h","l","o","pbu","psd","puk","rbu","rsd","ruk","sb","sd","sum_vol","total_vol","uk","val","val_bu","val_sd","val_uk"
785.7,-12000,-22800000,0,22800000,22800000,51523.8,2117142.9,11,1114.3,0,0,,-12000,-22800000,1.9,"2023-01-10T09:50:00.000Z",1673344200000,1.9,1.9,1.9,0,100,0,,10.8,,Infinity,12000,12000,12000,,22800000,,22800000,
785.7,-12400,-23560000,0,23560000,23560000,51523.8,2117142.9,0.4,1114.3,0,0,,-400,-760000,1.9,"2023-01-10T09:54:00.000Z",1673344440000,1.9,1.9,1.9,0,100,0,,0.4,,Infinity,400,400,12400,,760000,,760000,
785.7,-11900,-23559000,1000,23560000,23561000,51523.8,2117142.9,0,1114.3,0,Infinity,500,500,1000,2,"2023-01-10T10:06:00.000Z",1673345160000,2,2,2,100,0,0,0.6,,,0,,500,12900,,1000,1000,,
785.7,-22500,-43699000,1000,43700000,43701000,51523.8,2117142.9,9.8,1114.3,0,0,,-10600,-20140000,1.9,"2023-01-10T10:50:00.000Z",1673347800000,1.9,1.9,1.9,0,100,0,,9.5,,Infinity,10600,10600,23500,,20140000,,20140000,
785.7,-22700,-44079000,1000,44080000,44081000,51523.8,2117142.9,0.2,1114.3,0,0,,-200,-380000,1.9,"2023-01-10T11:22:00.000Z",1673349720000,1.9,1.9,1.9,0,100,0,,0.2,,Infinity,200,200,23700,,380000,,380000,
785.7,-22900,-44459000,1000,44460000,44461000,51523.8,2117142.9,0.2,1114.3,0,0,,-200,-380000,1.9,"2023-01-10T11:24:00.000Z",1673349840000,1.9,1.9,1.9,0,100,0,,0.2,,Infinity,200,200,23900,,380000,,380000,
785.7,-22800,-44458800,1200,44460000,44461200,51523.8,2117142.9,0,1114.3,0,Infinity,100,100,200,2,"2023-01-10T13:06:00.000Z",1673355960000,2,2,2,100,0,0,0.1,,,0,,100,24000,,200,200,,
785.7,-22400,-44458000,2000,44460000,44462000,51523.8,2117142.9,0,1114.3,0,Infinity,400,400,800,2,"2023-01-10T13:08:00.000Z",1673356080000,2,2,2,100,0,0,0.5,,,0,,400,24400,,800,800,,
785.7,-20900,-44455000,5000,44460000,44465000,51523.8,2117142.9,0,1114.3,0,Infinity,1500,1500,3000,2,"2023-01-10T13:10:00.000Z",1673356200000,2,2,2,100,0,0,1.9,,,0,,1500,25900,,3000,3000,,
785.7,-20500,-44454200,5800,44460000,44465800,51523.8,2117142.9,0,1114.3,0,Infinity,400,400,800,2,"2023-01-10T13:12:00.000Z",1673356320000,2,2,2,100,0,0,0.5,,,0,,400,26300,,800,800,,
785.7,-10500,-44434200,25800,44460000,44485800,51523.8,2117142.9,0,1114.3,0,Infinity,10000,10000,20000,2,"2023-01-10T13:22:00.000Z",1673356920000,2,2,2,100,0,0,12.7,,,0,,10000,36300,,20000,20000,,
785.7,-8400,-44430000,30000,44460000,44490000,51523.8,2117142.9,0,1114.3,0,Infinity,2100,2100,4200,2,"2023-01-10T13:24:00.000Z",1673357040000,2,2,2,100,0,0,2.7,,,0,,2100,38400,,4200,4200,,
785.7,-8300,-44220000,240000,44460000,44700000,51523.8,2117142.9,0.1,1114.3,0,Infinity,100,100,210000,2.1,"2023-01-10T13:28:00.000Z",1673357280000,2.1,2.1,2.1,100,0,0,0.1,,,0,,100,38500,,210000,210000,,
785.7,-8100,-43800000,660000,44460000,45120000,51523.8,2117142.9,0.2,1114.3,0,Infinity,200,200,420000,2.1,"2023-01-10T13:36:00.000Z",1673357760000,2.1,2.1,2.1,100,0,0,0.3,,,0,,200,38700,,420000,420000,,
785.7,-8000,-43590000,870000,44460000,45330000,51523.8,2117142.9,0.1,1114.3,0,Infinity,100,100,210000,2.1,"2023-01-10T14:18:00.000Z",1673360280000,2.1,2.1,2.1,100,0,0,0.1,,,0,,100,38800,,210000,210000,,
785.7,-7900,-43380000,1080000,44460000,45540000,51523.8,2117142.9,0.1,1114.3,0,Infinity,100,100,210000,2.1,"2023-01-10T14:22:00.000Z",1673360520000,2.1,2.1,2.1,100,0,0,0.1,,,0,,100,38900,,210000,210000,,
785.7,-7800,-43379800,1080200,44460000,45540200,51523.8,2117142.9,0,1114.3,0,Infinity,100,100,200,2,"2023-01-10T14:36:00.000Z",1673361360000,2,2,2,100,0,0,0.1,,,0,,100,39000,,200,200,,
785.7,-7600,-43379400,1080600,44460000,45540600,51523.8,2117142.9,0,1114.3,0,Infinity,200,200,400,2,"2023-01-10T14:38:00.000Z",1673361480000,2,2,2,100,0,0,0.3,,,0,,200,39200,,400,400,,
785.7,-7500,-43379200,1080800,44460000,45540800,51523.8,2117142.9,0,1114.3,0,Infinity,100,100,200,2,"2023-01-10T14:40:00.000Z",1673361600000,2,2,2,100,0,0,0.1,,,0,,100,39300,,200,200,,
785.7,-7000,-43378200,1081800,44460000,45541800,51523.8,2117142.9,0,1114.3,0,Infinity,500,500,1000,2,"2023-01-10T14:46:00.000Z",1673361960000,2,2,2,100,0,0,0.6,,,0,,500,39800,,1000,1000,,
785.7,-6900,-43378000,1082000,44460000,45542000,51523.8,2117142.9,0,1114.3,0,Infinity,100,100,200,2,"2023-01-10T14:52:00.000Z",1673362320000,2,2,2,100,0,0,0.1,,,0,,100,39900,,200,200,,
