"abu","acum_busd","acum_busd_val","acum_val_bu","acum_val_sd","acum_val","avg_val_bu","avg_val_sd","rbusd","asd","auk","bs","bu","bu-sd","bu-sd_val","c","date","datetime","h","l","o","pbu","psd","puk","rbu","rsd","ruk","sb","sd","sum_vol","total_vol","uk","val","val_bu","val_sd","val_uk"
800,-1000,-5800000,0,5800000,5800000,4557777.8,3326666.7,-4.7,588.9,11.1,0,,-1000,-5800000,5.8,"2023-01-10T09:25:00.000Z",1673342700000,5.8,5.8,5.8,0,100,0,,1.7,,Infinity,1000,1000,1000,,5800000,,5800000,
800,500,2900000,8700000,5800000,14500000,4557777.8,3326666.7,7.1,588.9,11.1,Infinity,1500,1500,8700000,5.8,"2023-01-10T09:50:00.000Z",1673344200000,5.8,5.8,5.8,100,0,0,1.9,,,0,,1500,2500,,8700000,8700000,,
800,0,100000,8700000,8600000,17300000,4557777.8,3326666.7,-2.3,588.9,11.1,0,,-500,-2800000,5.6,"2023-01-10T13:00:00.000Z",1673355600000,5.6,5.6,5.6,0,100,0,,0.8,,Infinity,500,500,3000,,2800000,,2800000,
800,1100,6260000,21580000,15320000,36900000,4557777.8,3326666.7,5,588.9,11.1,1.9,2300,1100,6160000,5.6,"2023-01-10T13:15:00.000Z",1673356500000,5.6,5.6,5.6,65.7,34.3,0,2.9,2,,0.5,1200,3500,6500,,19600000,12880000,6720000,
800,1300,7420000,22740000,15320000,38630000,4557777.8,3326666.7,0.9,588.9,11.1,Infinity,200,200,1160000,5.7,"2023-01-10T13:40:00.000Z",1673358000000,5.8,5.7,5.8,66.7,0,33.3,0.3,,9,0,,300,6800,100,1730000,1160000,,570000
800,2700,15400000,30720000,15320000,46610000,4557777.8,3326666.7,6.5,588.9,11.1,Infinity,1400,1400,7980000,5.7,"2023-01-10T13:55:00.000Z",1673358900000,5.7,5.7,5.7,100,0,0,1.8,,,0,,1400,8200,,7980000,7980000,,
800,3600,20540000,39280000,18740000,58590000,4557777.8,3326666.7,4.2,588.9,11.1,2.5,1500,900,5140000,5.7,"2023-01-10T14:10:00.000Z",1673359800000,5.8,5.7,5.8,71.4,28.6,0,1.9,1,,0.4,600,2100,10300,,11980000,8560000,3420000,
800,1700,9920000,39860000,29940000,70370000,4557777.8,3326666.7,-8.6,588.9,11.1,0.1,100,-1900,-10620000,5.8,"2023-01-10T14:20:00.000Z",1673360400000,5.8,5.6,5.6,4.8,95.2,0,0.1,3.4,,20,2000,2100,12400,,11780000,580000,11200000,
800,1900,11080000,41020000,29940000,71530000,4557777.8,3326666.7,0.9,588.9,11.1,Infinity,200,200,1160000,5.8,"2023-01-10T14:45:00.000Z",1673361900000,5.8,5.8,5.8,100,0,0,0.3,,,0,,200,12600,,1160000,1160000,,
