"abu","acum_busd","acum_busd_val","acum_val_bu","acum_val_sd","acum_val","avg_val_bu","avg_val_sd","rbusd","asd","auk","bs","bu","bu-sd","bu-sd_val","c","date","datetime","h","l","o","pbu","psd","puk","rbu","rsd","ruk","sb","sd","sum_vol","total_vol","uk","val","val_bu","val_sd","val_uk"
250,100,919999.9999999999,919999.9999999999,0,919999.9999999999,2276428.6,1430000,1.1,157.1,500,Infinity,100,100,919999.9999999999,9.2,"2023-01-10T09:02:00.000Z",1673341320000,9.2,9.2,9.2,100,0,0,0.4,,,0,,100,100,,919999.9999999999,919999.9999999999,,
250,1100,10020000,10020000,0,10020000,2276428.6,1430000,10.8,157.1,500,Infinity,1000,1000,9100000,9.1,"2023-01-10T10:10:00.000Z",1673345400000,9.1,9.1,9.1,100,0,0,4,,,0,,1000,1100,,9100000,9100000,,
250,1600,14570000,14570000,0,14570000,2276428.6,1430000,5.4,157.1,500,Infinity,500,500,4550000,9.1,"2023-01-10T10:58:00.000Z",1673348280000,9.1,9.1,9.1,100,0,0,2,,,0,,500,1600,,4550000,4550000,,
250,1600,14570000,14570000,0,23670000,2276428.6,1430000,0,157.1,500,NaN,,0,0,9.1,"2023-01-10T11:00:00.000Z",1673348400000,9.1,9.1,9.1,0,0,100,,,2,NaN,,1000,2600,1000,9100000,,,9100000
250,1600,14570000,14570000,0,23682600,2276428.6,1430000,0,157.1,500,NaN,,0,0,9,"2023-01-10T11:22:00.000Z",1673349720000,9,9,9,0,0,100,,,2.8,NaN,,1400,4000,1400,12600,,,12600
250,1600,14570000,14570000,0,23715000,2276428.6,1430000,0,157.1,500,NaN,,0,0,9,"2023-01-10T11:26:00.000Z",1673349960000,9,9,9,0,0,100,,,7.2,NaN,,3600,7600,3600,32400,,,32400
250,2600,23670000,23670000,0,32815000,2276428.6,1430000,10.8,157.1,500,Infinity,1000,1000,9100000,9.1,"2023-01-10T13:02:00.000Z",1673355720000,9.1,9.1,9.1,100,0,0,4,,,0,,1000,8600,,9100000,9100000,,
250,2700,24590000,24590000,0,33735000,2276428.6,1430000,1.1,157.1,500,Infinity,100,100,919999.9999999999,9.2,"2023-01-10T13:56:00.000Z",1673358960000,9.2,9.2,9.2,100,0,0,0.4,,,0,,100,8700,,919999.9999999999,919999.9999999999,,
250,2700,24590000,24590000,0,42835000,2276428.6,1430000,0,157.1,500,NaN,,0,0,9.1,"2023-01-10T14:22:00.000Z",1673360520000,9.1,9.1,9.1,0,0,100,,,2,NaN,,1000,9700,1000,9100000,,,9100000
250,2800,25500000,25500000,0,43745000,2276428.6,1430000,1.1,157.1,500,Infinity,100,100,910000,9.1,"2023-01-10T14:24:00.000Z",1673360640000,9.1,9.1,9.1,100,0,0,0.4,,,0,,100,9800,,910000,910000,,
250,3400,30960000,30960000,0,49205000,2276428.6,1430000,6.5,157.1,500,Infinity,600,600,5460000,9.1,"2023-01-10T14:26:00.000Z",1673360760000,9.1,9.1,9.1,100,0,0,2.4,,,0,,600,10400,,5460000,5460000,,
250,3500,31870000,31870000,0,50115000,2276428.6,1430000,1.1,157.1,500,Infinity,100,100,910000,9.1,"2023-01-10T14:30:00.000Z",1673361000000,9.1,9.1,9.1,100,0,0,0.4,,,0,,100,10500,,910000,910000,,
250,2300,20950000,31870000,10920000,61035000,2276428.6,1430000,12.9,157.1,500,0,,-1200,-10920000,9.1,"2023-01-10T14:48:00.000Z",1673362080000,9.1,9.1,9.1,0,100,0,,7.6,,Infinity,1200,1200,11700,,10920000,,10920000,
250,1300,11850000,31870000,20020000,70135000,2276428.6,1430000,10.8,157.1,500,0,,-1000,-9100000,9.1,"2023-01-10T14:52:00.000Z",1673362320000,9.1,9.1,9.1,0,100,0,,6.4,,Infinity,1000,1000,12700,,9100000,,9100000,
