"abu","acum_busd","acum_busd_val","acum_val_bu","acum_val_sd","acum_val","avg_val_bu","avg_val_sd","rbusd","asd","auk","bs","bu","bu-sd","bu-sd_val","c","date","datetime","h","l","o","pbu","psd","puk","rbu","rsd","ruk","sb","sd","sum_vol","total_vol","uk","val","val_bu","val_sd","val_uk"
212313,-43800,-792535000,304935000,1097470000,1402405000,3571395367.4,2318009143.5,-0.6,129695.7,87,0.3,16800,-43800,-792535000,18.15,"2023-01-10T09:15:00.000Z",1673342100000,18.2,18.1,18.1,21.7,78.3,0,0.1,0.5,,3.6,60600,77400,77400,,1402405000,304935000,1097470000,
212313,-170100,-2126310000,643740000,2770050000,3413790000,3571395367.4,2318009143.5,-1.1,129695.7,87,0.1,18700,-126300,-1333775000,17.95,"2023-01-10T09:20:00.000Z",1673342400000,18.15,17.95,18.15,11.4,88.6,0,0.1,1.1,,7.8,145000,163700,241100,,2011385000,338805000,1672580000,
212313,-115700,-2320689600,644915400,2965605000,3610520400,3571395367.4,2318009143.5,-0.2,129695.7,87,6,65300,54400,-194379600,18,"2023-01-10T09:25:00.000Z",1673342700000,18,17.9,17.95,85.7,14.3,0,0.3,0.1,,0.2,10900,76200,317300,,196730400,1175400,195555000,
212313,-110500,-2230436000,735862000,2966298000,3702160000,3571395367.4,2318009143.5,0.1,129695.7,87,1.1,43700,5200,90253600,18,"2023-01-10T09:30:00.000Z",1673343000000,18.05,18,18,53.2,46.8,0,0.2,0.3,,0.9,38500,82200,399500,,91639600,90946600,693000,
212313,-34000,-776001200,2199480200,2975481400,5174961600,3571395367.4,2318009143.5,1.2,129695.7,87,9.2,85800,76500,1454434800,18.15,"2023-01-10T09:35:00.000Z",1673343300000,18.15,18,18,90.2,9.8,0,0.4,0.1,,0.1,9300,95100,494600,,1472801600,1463618200,9183400,
212313,-38800,-861736200,2939970200,3801706400,6741676600,3571395367.4,2318009143.5,-0.1,129695.7,87,0.9,40900,-4800,-85735000,18.1,"2023-01-10T09:40:00.000Z",1673343600000,18.15,18.05,18.15,47.2,52.8,0,0.2,0.4,,1.1,45700,86600,581200,,1566715000,740490000,826225000,
212313,-51200,-1085551200,3611435200,4696986400,8308421600,3571395367.4,2318009143.5,-0.2,129695.7,87,0.8,37200,-12400,-223815000,18.05,"2023-01-10T09:45:00.000Z",1673343900000,18.1,18.05,18.1,42.9,57.1,0,0.2,0.4,,1.3,49600,86800,668000,,1566745000,671465000,895280000,
212313,77500,1244568800,6770435200,5525866400,12296301600,3571395367.4,2318009143.5,1.9,129695.7,87,3.8,174500,128700,2330120000,18.05,"2023-01-10T09:50:00.000Z",1673344200000,18.15,18.05,18.1,79.2,20.8,0,0.8,0.4,,0.3,45800,220300,888300,,3987880000,3159000000,828880000,
212313,-46100,64864400,7205450200,7140585800,14346036000,3571395367.4,2318009143.5,-0.9,129695.7,87,0.2,24100,-123600,-1179704400,18.05,"2023-01-10T09:55:00.000Z",1673344500000,18.1,18,18.05,14,86,0,0.1,1.1,,6.1,147700,171800,1060100,,2049734400,435015000,1614719400,
212313,-96200,-954390000,7295342400,8249732400,15545074800,3571395367.4,2318009143.5,-0.8,129695.7,87,0.2,12900,-50100,-1019254400,17.95,"2023-01-10T10:00:00.000Z",1673344800000,18,17.9,18,17,83,0,0.1,0.5,,4.9,63000,75900,1136000,,1199038800,89892200,1109146600,
212313,-191700,-2661460000,7964572400,10626032400,18599554800,3571395367.4,2318009143.5,-1.4,129695.7,87,0.3,37400,-95500,-1707070000,17.9,"2023-01-10T10:05:00.000Z",1673345100000,17.95,17.8,17.9,21.9,77.8,0.3,0.2,1,5.7,3.6,132900,170800,1306800,500,3054480000,669230000,2376300000,8950000
212313,-135500,-1653910000,9832492400,11486402400,21327844800,3571395367.4,2318009143.5,0.8,129695.7,87,2.2,104400,56200,1007550000,17.9,"2023-01-10T10:10:00.000Z",1673345400000,17.9,17.85,17.9,68.4,31.6,0,0.5,0.4,,0.5,48200,152600,1459400,,2728290000,1867920000,860370000,
212313,-101300,-1041220000,11609962400,12651182400,24270094800,3571395367.4,2318009143.5,0.5,129695.7,87,1.5,99300,34200,612690000,17.9,"2023-01-10T10:15:00.000Z",1673345700000,17.9,17.85,17.9,60.4,39.6,0,0.5,0.5,,0.7,65100,164400,1623800,,2942250000,1777470000,1164780000,
212313,-115000,-1286290000,11987662400,13273952400,25270564800,3571395367.4,2318009143.5,-0.2,129695.7,87,0.6,21100,-13700,-245070000,17.9,"2023-01-10T10:20:00.000Z",1673346000000,17.95,17.85,17.85,37.7,62.3,0,0.1,0.3,,1.6,34800,55900,1679700,,1000470000,377700000,622770000,
212313,-100600,-1026455000,12823877400,13850332400,26683159800,3571395367.4,2318009143.5,0.2,129695.7,87,1.4,46600,14400,259835000,17.95,"2023-01-10T10:25:00.000Z",1673346300000,17.95,17.9,17.9,59.1,40.9,0,0.2,0.2,,0.7,32200,78800,1758500,,1412595000,836215000,576380000,
212313,81600,-389865800,13803517600,14193383400,28005851000,3571395367.4,2318009143.5,0.5,129695.7,87,6.9,213300,182200,636589200,17.95,"2023-01-10T10:30:00.000Z",1673346600000,18.05,17.9,17.95,87.3,12.7,0,1,0.2,,0.1,31100,244400,2002900,,1322691200,979640200,343051000,
212313,53300,-931979800,14343848600,15275828400,29628627000,3571395367.4,2318009143.5,-0.4,129695.7,87,0.5,32100,-28300,-542114000,17.9,"2023-01-10T10:35:00.000Z",1673346900000,18,17.9,17.95,34.7,65.3,0,0.2,0.5,,1.9,60400,92500,2095400,,1622776000,540331000,1082445000,
212313,35500,-1250589800,14599818600,15850408400,30459177000,3571395367.4,2318009143.5,-0.3,129695.7,87,0.4,14300,-17800,-318610000,17.9,"2023-01-10T10:40:00.000Z",1673347200000,17.9,17.85,17.9,30.8,69.2,0,0.1,0.2,,2.2,32100,46400,2141800,,830550000,255970000,574580000,
212313,-115600,-3943504800,14678423600,18621928400,33309302000,3571395367.4,2318009143.5,-2.1,129695.7,87,0,4400,-151100,-2692915000,17.8,"2023-01-10T10:45:00.000Z",1673347500000,17.9,17.8,17.9,2.8,97.2,0,0,1.2,,35.3,155500,159900,2301700,,2850125000,78605000,2771520000,
212313,-285800,-6962524800,15110833600,22073358400,37193142000,3571395367.4,2318009143.5,-2.4,129695.7,87,0.1,24400,-170200,-3019020000,17.7,"2023-01-10T10:50:00.000Z",1673347800000,17.8,17.65,17.8,11.1,88.9,0,0.1,1.5,,8,194600,219000,2520700,,3883840000,432410000,3451430000,
212313,-267900,-6641189800,16205003600,22846193400,39060147000,3571395367.4,2318009143.5,0.3,129695.7,87,1.4,61500,17900,321335000,17.8,"2023-01-10T10:55:00.000Z",1673348100000,17.8,17.7,17.7,58.5,41.5,0,0.3,0.3,,0.7,43600,105100,2625800,,1867005000,1094170000,772835000,
212313,388800,4765023600,30261692000,25496668400,55794710400,3571395367.4,2318009143.5,9.1,129695.7,87,5.6,800600,656700,11406213400,18.6,"2023-01-10T11:00:00.000Z",1673348400000,18.7,17.8,17.8,84.6,15.2,0.2,3.8,1.1,17.2,0.2,143900,946000,3571800,1500,16734563400,14056688400,2650475000,27400000
212313,603200,8739983600,36131427000,27391443400,63559220400,3571395367.4,2318009143.5,3.2,129695.7,87,3.1,316900,214400,3974960000,18.6,"2023-01-10T11:05:00.000Z",1673348700000,18.6,18.4,18.6,75.6,24.4,0,1.5,0.8,,0.3,102500,419400,3991200,,7764510000,5869735000,1894775000,
212313,1394800,20679555800,51971287600,31291731800,83299369400,3571395367.4,2318009143.5,9.5,129695.7,87,4.7,1006500,791600,11939572200,19.1,"2023-01-10T11:10:00.000Z",1673349000000,19.2,18.6,18.6,82.4,17.6,0,4.7,1.7,,0.2,214900,1221400,5212600,,19740149000,15839860600,3900288400,
212313,1398100,21716390400,54616616900,32900226500,87553193400,3571395367.4,2318009143.5,0.8,129695.7,87,1,184600,3300,1036834600,18.85,"2023-01-10T11:15:00.000Z",1673349300000,19.05,18.8,19,50.5,49.5,0,0.9,1.4,,1,181300,365900,5578500,,4253824000,2645329300,1608494700,
212313,1276800,19438240400,56199021900,36760781500,92996153400,3571395367.4,2318009143.5,-1.8,129695.7,87,0.4,83800,-121300,-2278150000,18.8,"2023-01-10T11:20:00.000Z",1673349600000,18.9,18.8,18.85,29,71,0,0.4,1.6,,2.4,205100,288900,5867400,,5442960000,1582405000,3860555000,
212313,1264800,19211150400,57687941900,38476791500,96201083400,3571395367.4,2318009143.5,-0.2,129695.7,87,0.9,79400,-12000,-227090000,18.85,"2023-01-10T11:25:00.000Z",1673349900000,18.85,18.7,18.75,46.5,53.5,0,0.4,0.7,,1.2,91400,170800,6038200,,3204930000,1488920000,1716010000,
212313,1544000,24473915400,66031216900,41557301500,107624868400,3571395367.4,2318009143.5,4.2,129695.7,87,2.7,443100,279200,5262765000,18.9,"2023-01-10T13:00:00.000Z",1673355600000,18.95,18.7,18.8,73,27,0,2.1,1.3,,0.4,163900,607000,6645200,,11423785000,8343275000,3080510000,
212313,1543000,24460000400,67980361900,43520361500,111537073400,3571395367.4,2318009143.5,0,129695.7,87,1,103400,-1000,-13915000,18.85,"2023-01-10T13:05:00.000Z",1673355900000,18.9,18.75,18.9,49.8,50.2,0,0.5,0.8,,1,104400,207800,6853000,,3912205000,1949145000,1963060000,
212313,1584000,25236890400,70342441900,45105551500,115484343400,3571395367.4,2318009143.5,0.6,129695.7,87,1.5,125000,41000,776890000,18.85,"2023-01-10T13:10:00.000Z",1673356200000,18.95,18.8,18.85,59.8,40.2,0,0.6,0.6,,0.7,84000,209000,7062000,,3947270000,2362080000,1585190000,
212313,1535700,24333795400,73057416900,48723621500,121817388400,3571395367.4,2318009143.5,-0.7,129695.7,87,0.7,143400,-48300,-903095000,18.95,"2023-01-10T13:15:00.000Z",1673356500000,18.95,18.85,18.85,42.8,57.2,0,0.7,1.5,,1.3,191700,335100,7397100,,6333045000,2714975000,3618070000,
212313,1720900,23607295200,75161538900,51554243700,126752170600,3571395367.4,2318009143.5,-0.6,129695.7,87,2,363300,185200,-726500200,18.9,"2023-01-10T13:20:00.000Z",1673356800000,19.05,18.85,18.95,66.9,32.8,0.4,1.7,1.4,23,0.5,178100,543400,7940500,2000,4934782200,2104122000,2830622200,38000
212313,1734800,23874545200,78960878900,55086333700,134083600600,3571395367.4,2318009143.5,0.2,129695.7,87,1.1,200600,13900,267250000,18.95,"2023-01-10T13:25:00.000Z",1673357100000,18.95,18.85,18.9,51.8,48.2,0,0.9,1.4,,0.9,186700,387300,8327800,,7331430000,3799340000,3532090000,
212313,2320400,29105996300,87812261900,58706265600,146554915500,3571395367.4,2318009143.5,4.2,129695.7,87,4.1,777100,585600,5231451100,19.1,"2023-01-10T13:30:00.000Z",1673357400000,19.1,18.85,18.95,80.2,19.8,0,3.7,1.5,,0.2,191500,968600,9296400,,12471314900,8851383000,3619931900,
212313,3431600,50490931300,111080826900,60589895600,171707110500,3571395367.4,2318009143.5,17.1,129695.7,87,12.3,1209700,1111200,21384935000,19.35,"2023-01-10T13:35:00.000Z",1673357700000,19.35,19.05,19.05,92.5,7.5,0,5.7,0.8,,0.1,98500,1308200,10604600,,25152195000,23268565000,1883630000,
212313,4692900,74897281300,139093821900,64196540600,203326750500,3571395367.4,2318009143.5,19.5,129695.7,87,7.8,1447700,1261300,24406350000,19.35,"2023-01-10T13:40:00.000Z",1673358000000,19.35,19.3,19.35,88.6,11.4,0,6.8,1.4,,0.1,186400,1634100,12238700,,31619640000,28012995000,3606645000,
212313,4606400,73223506300,139093821900,65870315600,205000525500,3571395367.4,2318009143.5,-1.3,129695.7,87,0,,-86500,-1673775000,19.35,"2023-01-10T13:45:00.000Z",1673358300000,19.35,19.35,19.35,0,100,0,,0.7,,Infinity,86500,86500,12325200,,1673775000,,1673775000,
212313,4538100,71901901300,139093821900,67191920600,206322130500,3571395367.4,2318009143.5,-1.1,129695.7,87,0,,-68300,-1321605000,19.35,"2023-01-10T13:50:00.000Z",1673358600000,19.35,19.35,19.35,0,100,0,,0.5,,Infinity,68300,68300,12393500,,1321605000,,1321605000,
212313,4027000,62020626300,146653361900,84632735600,231322485500,3571395367.4,2318009143.5,-7.9,129695.7,87,0.4,390700,-511100,-9881275000,19.35,"2023-01-10T13:55:00.000Z",1673358900000,19.35,19.25,19.35,30.2,69.8,0,1.8,7,,2.3,901800,1292500,13686000,,25000355000,7559540000,17440815000,
212313,3675100,55225341300,147795621900,92570280600,240402290500,3571395367.4,2318009143.5,-5.4,129695.7,87,0.1,59100,-351900,-6795285000,19.25,"2023-01-10T14:00:00.000Z",1673359200000,19.35,19.25,19.35,12.6,87.4,0,0.3,3.2,,7,411000,470100,14156100,,9079805000,1142260000,7937545000,
212313,3680600,55337536300,151822786900,96485250600,248344425500,3571395367.4,2318009143.5,0.1,129695.7,87,1,208800,5500,112195000,19.35,"2023-01-10T14:05:00.000Z",1673359500000,19.35,19.2,19.25,50.7,49.3,0,1,1.6,,1,203300,412100,14568200,,7942135000,4027165000,3914970000,
212313,4262000,66587726300,164284186900,97696460600,262017035500,3571395367.4,2318009143.5,9,129695.7,87,10.3,644000,581400,11250190000,19.35,"2023-01-10T14:10:00.000Z",1673359800000,19.35,19.3,19.35,91.1,8.9,0,3,0.5,,0.1,62600,706600,15274800,,13672610000,12461400000,1211210000,
212313,4226200,65894996300,164284186900,98389190600,262709765500,3571395367.4,2318009143.5,-0.6,129695.7,87,0,,-35800,-692730000,19.35,"2023-01-10T14:15:00.000Z",1673360100000,19.35,19.35,19.35,0,100,0,,0.3,,Infinity,35800,35800,15310600,,692730000,,692730000,
212313,4129400,64021916300,164284186900,100262270600,264582845500,3571395367.4,2318009143.5,-1.5,129695.7,87,0,,-96800,-1873080000,19.35,"2023-01-10T14:20:00.000Z",1673360400000,19.35,19.35,19.35,0,100,0,,0.7,,Infinity,96800,96800,15407400,,1873080000,,1873080000,
212313,3866300,58930931300,164284186900,105353255600,269673830500,3571395367.4,2318009143.5,-4.1,129695.7,87,0,,-263100,-5090985000,19.35,"2023-01-10T14:25:00.000Z",1673360700000,19.35,19.35,19.35,0,100,0,,2,,Infinity,263100,263100,15670500,,5090985000,,5090985000,
212313,3800400,57655766300,164284186900,106628420600,270948995500,3571395367.4,2318009143.5,-1,129695.7,87,0,,-65900,-1275165000,19.35,"2023-01-10T14:45:00.000Z",1673361900000,19.35,19.35,19.35,0,100,0,,0.5,,Infinity,65900,65900,15736400,,1275165000,,1275165000,
