"abu","acum_busd","acum_busd_val","acum_val_bu","acum_val_sd","acum_val","avg_val_bu","avg_val_sd","rbusd","asd","auk","bs","bu","bu-sd","bu-sd_val","c","date","datetime","h","l","o","pbu","psd","puk","rbu","rsd","ruk","sb","sd","sum_vol","total_vol","uk","val","val_bu","val_sd","val_uk"
1834.5,0,0,0,0,2570000,32500172.4,7027241.4,0,272.4,44.8,NaN,,0,0,25.7,"2023-01-10T09:22:00.000Z",1673342520000,25.7,25.7,25.7,0,0,100,,,2.2,NaN,,100,100,100,2570000,,,2570000
1834.5,1000,25800000,25800000,0,28370000,32500172.4,7027241.4,1,272.4,44.8,Infinity,1000,1000,25800000,25.8,"2023-01-10T09:24:00.000Z",1673342640000,25.8,25.8,25.8,100,0,0,0.5,,,0,,1000,1100,,25800000,25800000,,
1834.5,3600,54319000,54319000,0,56889000,32500172.4,7027241.4,1.1,272.4,44.8,Infinity,2600,2600,28519000,26,"2023-01-10T09:34:00.000Z",1673343240000,26,25.8,25.8,100,0,0,1.4,,,0,,2600,3700,,28519000,28519000,,
1834.5,4600,54345000,54345000,0,56917600,32500172.4,7027241.4,0,272.4,44.8,Infinity,1000,1000,26000,26,"2023-01-10T09:46:00.000Z",1673343960000,26,26,26,90.9,0,9.1,0.5,,2.2,0,,1100,4800,100,28600,26000,,2600
1834.5,4200,44145000,54345000,10200000,67117600,32500172.4,7027241.4,0.4,272.4,44.8,0,,-400,-10200000,25.5,"2023-01-10T10:02:00.000Z",1673344920000,25.5,25.5,25.5,0,100,0,,1.5,,Infinity,400,400,5200,,10200000,,10200000,
1834.5,1200,-32355000,54345000,86700000,143617600,32500172.4,7027241.4,3,272.4,44.8,0,,-3000,-76500000,25.5,"2023-01-10T10:36:00.000Z",1673346960000,25.5,25.5,25.5,0,100,0,,11,,Infinity,3000,3000,8200,,76500000,,76500000,
1834.5,1100,-34905000,54345000,89250000,146167600,32500172.4,7027241.4,0.1,272.4,44.8,0,,-100,-2550000,25.5,"2023-01-10T10:58:00.000Z",1673348280000,25.5,25.5,25.5,0,100,0,,0.4,,Infinity,100,100,8300,,2550000,,2550000,
1834.5,-1700,-107425000,56935000,164360000,223867600,32500172.4,7027241.4,2.8,272.4,44.8,0,100,-2800,-72520000,25.9,"2023-01-10T11:14:00.000Z",1673349240000,25.9,25.9,25.9,3.3,96.7,0,0.1,10.6,,29,2900,3000,11300,,77700000,2590000,75110000,
1834.5,13300,-107035000,57325000,164360000,224257600,32500172.4,7027241.4,0,272.4,44.8,Infinity,15000,15000,390000,26,"2023-01-10T11:16:00.000Z",1673349360000,26,26,26,100,0,0,8.2,,,0,,15000,26300,,390000,390000,,
1834.5,19200,47455000,214425000,166970000,383967600,32500172.4,7027241.4,6.1,272.4,44.8,60,6000,5900,154490000,26.1,"2023-01-10T11:18:00.000Z",1673349480000,26.2,26.1,26.2,98.4,1.6,0,3.3,0.4,,0,100,6100,32400,,159710000,157100000,2610000,
1834.5,31500,373405000,540375000,166970000,709917600,32500172.4,7027241.4,12.8,272.4,44.8,Infinity,12300,12300,325950000,26.5,"2023-01-10T11:20:00.000Z",1673349600000,26.5,26.5,26.5,100,0,0,6.7,,,0,,12300,44700,,325950000,325950000,,
1834.5,33000,413005000,579975000,166970000,749517600,32500172.4,7027241.4,1.6,272.4,44.8,Infinity,1500,1500,39600000,26.4,"2023-01-10T11:24:00.000Z",1673349840000,26.4,26.4,26.4,100,0,0,0.8,,,0,,1500,46200,,39600000,39600000,,
1834.5,37300,526955000,693925000,166970000,863467600,32500172.4,7027241.4,4.5,272.4,44.8,Infinity,4300,4300,113950000,26.5,"2023-01-10T11:28:00.000Z",1673350080000,26.5,26.5,26.5,100,0,0,2.3,,,0,,4300,50500,,113950000,113950000,,
1834.5,37300,526955000,693925000,166970000,866087600,32500172.4,7027241.4,0,272.4,44.8,NaN,,0,0,26.2,"2023-01-10T13:00:00.000Z",1673355600000,26.2,26.2,26.2,0,0,100,,,2.2,NaN,,100,50600,100,2620000,,,2620000
1834.5,37300,526955000,693925000,166970000,884447600,32500172.4,7027241.4,0,272.4,44.8,NaN,,0,0,26.3,"2023-01-10T13:22:00.000Z",1673356920000,26.3,26.2,26.2,0,0,100,,,15.6,NaN,,700,51300,700,18360000,,,18360000
1834.5,39800,592955000,759925000,166970000,950447600,32500172.4,7027241.4,2.6,272.4,44.8,Infinity,2500,2500,66000000,26.4,"2023-01-10T13:24:00.000Z",1673357040000,26.4,26.4,26.4,100,0,0,1.4,,,0,,2500,53800,,66000000,66000000,,
1834.5,39900,595595000,762565000,166970000,953087600,32500172.4,7027241.4,0.1,272.4,44.8,Infinity,100,100,2640000,26.4,"2023-01-10T13:26:00.000Z",1673357160000,26.4,26.4,26.4,100,0,0,0.1,,,0,,100,53900,,2640000,2640000,,
1834.5,39600,587705000,762565000,174860000,960977600,32500172.4,7027241.4,0.3,272.4,44.8,0,,-300,-7890000,26.3,"2023-01-10T13:30:00.000Z",1673357400000,26.3,26.3,26.3,0,100,0,,1.1,,Infinity,300,300,54200,,7890000,,7890000,
1834.5,39700,590345000,765205000,174860000,963617600,32500172.4,7027241.4,0.1,272.4,44.8,Infinity,100,100,2640000,26.4,"2023-01-10T13:32:00.000Z",1673357520000,26.4,26.4,26.4,100,0,0,0.1,,,0,,100,54300,,2640000,2640000,,
1834.5,41200,629945000,804805000,174860000,1003217600,32500172.4,7027241.4,1.6,272.4,44.8,Infinity,1500,1500,39600000,26.4,"2023-01-10T13:38:00.000Z",1673357880000,26.4,26.4,26.4,100,0,0,0.8,,,0,,1500,55800,,39600000,39600000,,
1834.5,41500,637865000,812725000,174860000,1011137600,32500172.4,7027241.4,0.3,272.4,44.8,Infinity,300,300,7920000,26.4,"2023-01-10T13:40:00.000Z",1673358000000,26.4,26.4,26.4,100,0,0,0.2,,,0,,300,56100,,7920000,7920000,,
1834.5,41500,637865000,812725000,174860000,1016417600,32500172.4,7027241.4,0,272.4,44.8,NaN,,0,0,26.4,"2023-01-10T13:46:00.000Z",1673358360000,26.4,26.4,26.4,0,0,100,,,4.5,NaN,,200,56300,200,5280000,,,5280000
1834.5,43800,698815000,873675000,174860000,1077367600,32500172.4,7027241.4,2.4,272.4,44.8,Infinity,2300,2300,60950000,26.5,"2023-01-10T13:48:00.000Z",1673358480000,26.5,26.5,26.5,100,0,0,1.3,,,0,,2300,58600,,60950000,60950000,,
1834.5,43700,696185000,873675000,177490000,1082627600,32500172.4,7027241.4,0.1,272.4,44.8,0,,-100,-2630000,26.3,"2023-01-10T14:06:00.000Z",1673359560000,26.3,26.3,26.3,0,50,50,,0.4,2.2,Infinity,100,200,58800,100,5260000,,2630000,2630000
1834.5,44200,709385000,886875000,177490000,1095827600,32500172.4,7027241.4,0.5,272.4,44.8,Infinity,500,500,13200000,26.4,"2023-01-10T14:12:00.000Z",1673359920000,26.4,26.4,26.4,100,0,0,0.3,,,0,,500,59300,,13200000,13200000,,
1834.5,45200,735885000,913375000,177490000,1122327600,32500172.4,7027241.4,1,272.4,44.8,Infinity,1000,1000,26500000,26.5,"2023-01-10T14:14:00.000Z",1673360040000,26.5,26.5,26.5,100,0,0,0.5,,,0,,1000,60300,,26500000,26500000,,
1834.5,46200,762385000,939875000,177490000,1148827600,32500172.4,7027241.4,1,272.4,44.8,Infinity,1000,1000,26500000,26.5,"2023-01-10T14:18:00.000Z",1673360280000,26.5,26.5,26.5,100,0,0,0.5,,,0,,1000,61300,,26500000,26500000,,
1834.5,45200,736085000,939875000,203790000,1175127600,32500172.4,7027241.4,1,272.4,44.8,0,,-1000,-26300000,26.3,"2023-01-10T14:50:00.000Z",1673362200000,26.3,26.3,26.3,0,100,0,,3.7,,Infinity,1000,1000,62300,,26300000,,26300000,
1834.5,45300,738715000,942505000,203790000,1177757600,32500172.4,7027241.4,0.1,272.4,44.8,Infinity,100,100,2630000,26.3,"2023-01-10T14:56:00.000Z",1673362560000,26.3,26.3,26.3,100,0,0,0.1,,,0,,100,62400,,2630000,2630000,,
