"abu","acum_busd","acum_busd_val","acum_val_bu","acum_val_sd","acum_val","avg_val_bu","avg_val_sd","rbusd","asd","auk","bs","bu","bu-sd","bu-sd_val","c","date","datetime","h","l","o","pbu","psd","puk","rbu","rsd","ruk","sb","sd","sum_vol","total_vol","uk","val","val_bu","val_sd","val_uk"
1233.3,100,5950000,5950000,0,5950000,730777.8,2533.3,8.2,44.4,0,Infinity,100,100,5950000,59.5,"2023-01-06T10:22:00.000Z",1673000520000,59.5,59.5,59.5,100,0,0,0.1,,,0,,100,100,,5950000,5950000,,
1233.3,300,5961400,5961400,0,5961400,730777.8,2533.3,0,44.4,0,Infinity,200,200,11400,57,"2023-01-06T13:14:00.000Z",1673010840000,57,57,57,100,0,0,0.2,,,0,,200,300,,11400,11400,,
1233.3,2000,6058300,6058300,0,6058300,730777.8,2533.3,0.1,44.4,0,Infinity,1700,1700,96900,57,"2023-01-06T13:16:00.000Z",1673010960000,57,57,57,100,0,0,1.4,,,0,,1700,2000,,96900,96900,,
1233.3,2100,6064000,6064000,0,6064000,730777.8,2533.3,0,44.4,0,Infinity,100,100,5700,57,"2023-01-06T13:20:00.000Z",1673011200000,57,57,57,100,0,0,0.1,,,0,,100,2100,,5700,5700,,
1233.3,1700,6041200,6064000,22800,6086800,730777.8,2533.3,0,44.4,0,0,,-400,-22800,57,"2023-01-06T13:28:00.000Z",1673011680000,57,57,57,0,100,0,,9,,Infinity,400,400,2500,,22800,,22800,
1233.3,2000,6058300,6081100,22800,6103900,730777.8,2533.3,0,44.4,0,Infinity,300,300,17100,57,"2023-01-06T13:46:00.000Z",1673012760000,57,57,57,100,0,0,0.2,,,0,,300,2800,,17100,17100,,
1233.3,2500,6086800,6109600,22800,6132400,730777.8,2533.3,0,44.4,0,Infinity,500,500,28500,57,"2023-01-06T13:56:00.000Z",1673013360000,57,57,57,100,0,0,0.4,,,0,,500,3300,,28500,28500,,
1233.3,2600,6092500,6115300,22800,6138100,730777.8,2533.3,0,44.4,0,Infinity,100,100,5700,57,"2023-01-06T14:04:00.000Z",1673013840000,57,57,57,100,0,0,0.1,,,0,,100,3400,,5700,5700,,
1233.3,10700,6554200,6577000,22800,6599800,730777.8,2533.3,0.6,44.4,0,Infinity,8100,8100,461700,57,"2023-01-06T14:44:00.000Z",1673016240000,57,57,57,100,0,0,6.6,,,0,,8100,11500,,461700,461700,,
