"abu","acum_busd","acum_busd_val","acum_val_bu","acum_val_sd","acum_val","avg_val_bu","avg_val_sd","rbusd","asd","auk","bs","bu","bu-sd","bu-sd_val","c","date","datetime","h","l","o","pbu","psd","puk","rbu","rsd","ruk","sb","sd","sum_vol","total_vol","uk","val","val_bu","val_sd","val_uk"
2704.8,200,1550000,1550000,0,1550000,21049619,33236881,-0.1,4281,559.5,Infinity,200,200,1550000,7750,"2023-03-28T09:15:00.000Z",1679994900000,7750,7750,7750,100,0,0,0.1,,,0,,200,200,,1550000,1550000,,
2704.8,6100,47715000,79550000,31835000,111385000,21049619,33236881,-3.8,4281,559.5,2.4,10000,5900,46165000,7800,"2023-03-28T09:20:00.000Z",1679995200000,7800,7750,7750,70.9,29.1,0,3.7,1,,0.4,4100,14100,14300,,109835000,78000000,31835000,
2704.8,700,5685000,106160000,100475000,206635000,21049619,33236881,3.4,4281,559.5,0.4,3400,-5400,-42030000,7820,"2023-03-28T09:25:00.000Z",1679995500000,7840,7800,7830,27.9,72.1,0,1.3,2.1,,2.6,8800,12200,26500,,95250000,26610000,68640000,
2704.8,-2000,-15127000,178250000,193377000,371627000,21049619,33236881,1.7,4281,559.5,0.8,9200,-2700,-20812000,7800,"2023-03-28T09:30:00.000Z",1679995800000,7860,7800,7840,43.6,56.4,0,3.4,2.8,,1.3,11900,21100,47600,,164992000,72090000,92902000,
2704.8,1800,14560000,208718000,194158000,402876000,21049619,33236881,-2.4,4281,559.5,39,3900,3800,29687000,7810,"2023-03-28T09:35:00.000Z",1679996100000,7830,7800,7800,97.5,2.5,0,1.4,0,,0,100,4000,51600,,31249000,30468000,781000,
2704.8,-1800,-13556000,209500000,223056000,432556000,21049619,33236881,2.3,4281,559.5,0,100,-3600,-28116000,7820,"2023-03-28T09:40:00.000Z",1679996400000,7820,7810,7810,2.6,97.4,0,0,0.9,,37,3700,3800,55400,,29680000,782000,28898000,
2704.8,-5500,-42416000,244600000,287016000,531616000,21049619,33236881,2.4,4281,559.5,0.5,4500,-3700,-28860000,7800,"2023-03-28T09:45:00.000Z",1679996700000,7800,7800,7800,35.4,64.6,0,1.7,1.9,,1.8,8200,12700,68100,,99060000,35100000,63960000,
2704.8,-9400,-72739000,247712000,320451000,568163000,21049619,33236881,2.5,4281,559.5,0.1,400,-3900,-30323000,7780,"2023-03-28T09:50:00.000Z",1679997000000,7780,7770,7780,8.5,91.5,0,0.1,1,,10.8,4300,4700,72800,,36547000,3112000,33435000,
2704.8,-7400,-57081000,294490000,351571000,646061000,21049619,33236881,-1.3,4281,559.5,1.5,6000,2000,15658000,7780,"2023-03-28T09:55:00.000Z",1679997300000,7810,7780,7780,60,40,0,2.2,0.9,,0.7,4000,10000,82800,,77898000,46778000,31120000,
2704.8,-14200,-109871000,439415000,549286000,988701000,21049619,33236881,4.3,4281,559.5,0.7,18700,-6800,-52790000,7750,"2023-03-28T10:00:00.000Z",1679997600000,7780,7750,7780,42.3,57.7,0,6.9,6,,1.4,25500,44200,127000,,342640000,144925000,197715000,
2704.8,-14300,-110647000,439415000,550062000,989477000,21049619,33236881,0.1,4281,559.5,0,,-100,-776000,7760,"2023-03-28T10:10:00.000Z",1679998200000,7760,7760,7760,0,100,0,,0,,Infinity,100,100,127100,,776000,,776000,
2704.8,-16900,-130823000,439415000,570238000,1009653000,21049619,33236881,1.7,4281,559.5,0,,-2600,-20176000,7760,"2023-03-28T10:15:00.000Z",1679998500000,7760,7760,7760,0,100,0,,0.6,,Infinity,2600,2600,129700,,20176000,,20176000,
2704.8,-29200,-226148000,439415000,665563000,1104978000,21049619,33236881,7.8,4281,559.5,0,,-12300,-95325000,7750,"2023-03-28T10:20:00.000Z",1679998800000,7750,7750,7750,0,100,0,,2.9,,Infinity,12300,12300,142000,,95325000,,95325000,
2704.8,-39600,-306748000,439415000,746163000,1185578000,21049619,33236881,6.6,4281,559.5,0,,-10400,-80600000,7750,"2023-03-28T10:25:00.000Z",1679999100000,7750,7750,7750,0,100,0,,2.4,,Infinity,10400,10400,152400,,80600000,,80600000,
2704.8,-52100,-403639000,455698000,859337000,1315035000,21049619,33236881,8,4281,559.5,0.1,2100,-12500,-96891000,7790,"2023-03-28T10:30:00.000Z",1679999400000,7790,7750,7750,12.6,87.4,0,0.8,3.4,,7,14600,16700,169100,,129457000,16283000,113174000,
2704.8,-49900,-386479000,472858000,859337000,1332195000,21049619,33236881,-1.4,4281,559.5,Infinity,2200,2200,17160000,7800,"2023-03-28T10:35:00.000Z",1679999700000,7800,7800,7800,100,0,0,0.8,,,0,,2200,171300,,17160000,17160000,,
2704.8,-57500,-445355000,486016000,931371000,1417387000,21049619,33236881,4.8,4281,559.5,0.2,1700,-7600,-58876000,7740,"2023-03-28T10:45:00.000Z",1680000300000,7760,7740,7760,15.5,84.5,0,0.6,2.2,,5.5,9300,11000,182300,,85192000,13158000,72034000,
2704.8,-55500,-429855000,501516000,931371000,1432887000,21049619,33236881,-1.3,4281,559.5,Infinity,2000,2000,15500000,7750,"2023-03-28T10:50:00.000Z",1680000600000,7750,7750,7750,100,0,0,0.7,,,0,,2000,184300,,15500000,15500000,,
2704.8,-56500,-437605000,501516000,939121000,1440637000,21049619,33236881,0.6,4281,559.5,0,,-1000,-7750000,7750,"2023-03-28T10:55:00.000Z",1680000900000,7750,7750,7750,0,100,0,,0.2,,Infinity,1000,1000,185300,,7750000,,7750000,
2704.8,-57000,-441480000,501516000,942996000,1444512000,21049619,33236881,0.3,4281,559.5,0,,-500,-3875000,7750,"2023-03-28T11:05:00.000Z",1680001500000,7750,7750,7750,0,100,0,,0.1,,Infinity,500,500,185800,,3875000,,3875000,
2704.8,-64300,-498047000,501516000,999563000,1501079000,21049619,33236881,4.6,4281,559.5,0,,-7300,-56567000,7730,"2023-03-28T11:10:00.000Z",1680001800000,7750,7730,7750,0,100,0,,1.7,,Infinity,7300,7300,193100,,56567000,,56567000,
2704.8,-64200,-497270000,503066000,1000336000,1503402000,21049619,33236881,-0.1,4281,559.5,2,200,100,777000,7750,"2023-03-28T11:15:00.000Z",1680002100000,7750,7730,7730,66.7,33.3,0,0.1,0,,0.5,100,300,193400,,2323000,1550000,773000,
2704.8,-66200,-512770000,506941000,1019711000,1526652000,21049619,33236881,1.3,4281,559.5,0.2,500,-2000,-15500000,7750,"2023-03-28T11:20:00.000Z",1680002400000,7750,7750,7750,16.7,83.3,0,0.2,0.6,,5,2500,3000,196400,,23250000,3875000,19375000,
2704.8,-70200,-543770000,510816000,1054586000,1565402000,21049619,33236881,2.5,4281,559.5,0.1,500,-4000,-31000000,7750,"2023-03-28T11:25:00.000Z",1680002700000,7750,7750,7750,10,90,0,0.2,1.1,,9,4500,5000,201400,,38750000,3875000,34875000,
2704.8,-74200,-574760000,518576000,1093336000,1611912000,21049619,33236881,2.5,4281,559.5,0.2,1000,-4000,-30990000,7760,"2023-03-28T13:00:00.000Z",1680008400000,7760,7750,7750,16.7,83.3,0,0.4,1.2,,5,5000,6000,207400,,46510000,7760000,38750000,
2704.8,-78900,-611213000,535647000,1146860000,1682507000,21049619,33236881,3,4281,559.5,0.3,2200,-4700,-36453000,7760,"2023-03-28T13:05:00.000Z",1680008700000,7760,7750,7750,24.2,75.8,0,0.8,1.6,,3.1,6900,9100,216500,,70595000,17071000,53524000,
2704.8,-70000,-541940000,604920000,1146860000,1751780000,21049619,33236881,-5.7,4281,559.5,Infinity,8900,8900,69273000,7800,"2023-03-28T13:10:00.000Z",1680009000000,7800,7770,7770,100,0,0,3.3,,,0,,8900,225400,,69273000,69273000,,
2704.8,-68400,-529400000,633777000,1163177000,1796954000,21049619,33236881,-1,4281,559.5,1.8,3700,1600,12540000,7770,"2023-03-28T13:15:00.000Z",1680009300000,7800,7770,7800,63.8,36.2,0,1.4,0.5,,0.6,2100,5800,231200,,45174000,28857000,16317000,
2704.8,-65600,-507624000,663313000,1170937000,1834250000,21049619,33236881,-1.8,4281,559.5,3.8,3800,2800,21776000,7790,"2023-03-28T13:20:00.000Z",1680009600000,7790,7760,7760,79.2,20.8,0,1.4,0.2,,0.3,1000,4800,236000,,37296000,29536000,7760000,
2704.8,-67600,-523164000,663313000,1186477000,1849790000,21049619,33236881,1.3,4281,559.5,0,,-2000,-15540000,7770,"2023-03-28T13:25:00.000Z",1680009900000,7770,7770,7770,0,100,0,,0.5,,Infinity,2000,2000,238000,,15540000,,15540000,
2704.8,-69300,-536373000,663313000,1199686000,1862999000,21049619,33236881,1.1,4281,559.5,0,,-1700,-13209000,7770,"2023-03-28T13:30:00.000Z",1680010200000,7770,7770,7770,0,100,0,,0.4,,Infinity,1700,1700,239700,,13209000,,13209000,
2704.8,-71300,-551862000,687400000,1239262000,1926662000,21049619,33236881,1.3,4281,559.5,0.6,3100,-2000,-15489000,7760,"2023-03-28T13:35:00.000Z",1680010500000,7770,7760,7770,37.8,62.2,0,1.1,1.2,,1.6,5100,8200,247900,,63663000,24087000,39576000,
2704.8,-79200,-613102000,689731000,1302833000,1992564000,21049619,33236881,5,4281,559.5,0,300,-7900,-61240000,7720,"2023-03-28T13:40:00.000Z",1680010800000,7770,7720,7760,3.5,96.5,0,0.1,1.9,,27.3,8200,8500,256400,,65902000,2331000,63571000,
2704.8,-79500,-615418000,689731000,1305149000,1994880000,21049619,33236881,0.2,4281,559.5,0,,-300,-2316000,7720,"2023-03-28T13:45:00.000Z",1680011100000,7720,7720,7720,0,100,0,,0.1,,Infinity,300,300,256700,,2316000,,2316000,
2704.8,-71700,-554842000,750307000,1305149000,2055456000,21049619,33236881,-5,4281,559.5,Infinity,7800,7800,60576000,7770,"2023-03-28T13:50:00.000Z",1680011400000,7770,7760,7760,100,0,0,2.9,,,0,,7800,264500,,60576000,60576000,,
2704.8,-65600,-507369000,822661000,1330030000,2152691000,21049619,33236881,-3.9,4281,559.5,2.9,9300,6100,47473000,7770,"2023-03-28T13:55:00.000Z",1680011700000,7780,7770,7780,74.4,25.6,0,3.4,0.7,,0.3,3200,12500,277000,,97235000,72354000,24881000,
2704.8,-64100,-495699000,834331000,1330030000,2164361000,21049619,33236881,-1,4281,559.5,Infinity,1500,1500,11670000,7780,"2023-03-28T14:05:00.000Z",1680012300000,7780,7780,7780,100,0,0,0.6,,,0,,1500,278500,,11670000,11670000,,
2704.8,-65800,-508908000,838216000,1347124000,2185340000,21049619,33236881,1.1,4281,559.5,0.2,500,-1700,-13209000,7770,"2023-03-28T14:10:00.000Z",1680012600000,7770,7770,7770,18.5,81.5,0,0.2,0.5,,4.4,2200,2700,281200,,20979000,3885000,17094000,
2704.8,-65500,-506442000,883307000,1389749000,2273056000,21049619,33236881,-0.2,4281,559.5,1.1,5800,300,2466000,7750,"2023-03-28T14:15:00.000Z",1680012900000,7780,7750,7770,51.3,48.7,0,2.1,1.3,,0.9,5500,11300,292500,,87716000,45091000,42625000,
2704.8,-66300,-512642000,883307000,1395949000,2279256000,21049619,33236881,0.5,4281,559.5,0,,-800,-6200000,7750,"2023-03-28T14:20:00.000Z",1680013200000,7750,7750,7750,0,100,0,,0.2,,Infinity,800,800,293300,,6200000,,6200000,
2704.8,-66200,-511865000,884084000,1395949000,2280033000,21049619,33236881,-0.1,4281,559.5,Infinity,100,100,777000,7770,"2023-03-28T14:25:00.000Z",1680013500000,7770,7770,7770,100,0,0,0,,,0,,100,293400,,777000,777000,,
2704.8,-66200,-511865000,884084000,1395949000,2463098000,21049619,33236881,0,4281,559.5,NaN,,0,0,7790,"2023-03-28T14:45:00.000Z",1680014700000,7790,7790,7790,0,0,100,,,42,NaN,,23500,316900,23500,183065000,,,183065000
