"abu","acum_busd","acum_busd_val","acum_val_bu","acum_val_sd","acum_val","avg_val_bu","avg_val_sd","rbusd","asd","auk","bs","bu","bu-sd","bu-sd_val","c","date","datetime","h","l","o","pbu","psd","puk","rbu","rsd","ruk","sb","sd","sum_vol","total_vol","uk","val","val_bu","val_sd","val_uk"
99200,26700,766280000,8673355000,7907075000,16580430000,2721441087,1734582934.8,0.8,63347.8,4069.6,1.1,321100,26700,766280000,27050,"2023-03-28T09:15:00.000Z",1679994900000,27150,26700,26700,52.2,47.8,0,3.2,4.6,,0.9,294400,615500,615500,,16580430000,8673355000,7907075000,
99200,-87900,-2329580000,9673180000,12002760000,21675940000,2721441087,1734582934.8,-3.1,63347.8,4069.6,0.2,37000,-114600,-3095860000,27000,"2023-03-28T09:20:00.000Z",1679995200000,27050,27000,27050,19.6,80.4,0,0.4,2.4,,4.1,151600,188600,804100,,5095510000,999825000,4095685000,
99200,-80300,-2122685000,11020055000,13142740000,24162795000,2721441087,1734582934.8,0.2,63347.8,4069.6,1.2,49900,7600,206895000,27000,"2023-03-28T09:25:00.000Z",1679995500000,27000,26900,27000,54.1,45.9,0,0.5,0.7,,0.8,42300,92200,896300,,2486855000,1346875000,1139980000,
99200,-30900,-785870000,13172335000,13958205000,27130540000,2721441087,1734582934.8,1.4,63347.8,4069.6,2.6,79600,49400,1336815000,27050,"2023-03-28T09:30:00.000Z",1679995800000,27100,26950,27000,72.5,27.5,0,0.8,0.5,,0.4,30200,109800,1006100,,2967745000,2152280000,815465000,
99200,150700,4137890000,18732785000,14594895000,33327680000,2721441087,1734582934.8,5,63347.8,4069.6,8.7,205100,181600,4923760000,27150,"2023-03-28T09:35:00.000Z",1679996100000,27150,27050,27100,89.7,10.3,0,2.1,0.4,,0.1,23500,228600,1234700,,6197140000,5560450000,636690000,
99200,258300,7063415000,22834760000,15771345000,38606105000,2721441087,1734582934.8,3,63347.8,4069.6,3.5,150900,107600,2925525000,27200,"2023-03-28T09:40:00.000Z",1679996400000,27250,27150,27150,77.7,22.3,0,1.5,0.7,,0.3,43300,194200,1428900,,5278425000,4101975000,1176450000,
99200,196700,5388475000,24224680000,18836205000,43060885000,2721441087,1734582934.8,-1.7,63347.8,4069.6,0.5,51100,-61600,-1674940000,27150,"2023-03-28T09:45:00.000Z",1679996700000,27200,27150,27200,31.2,68.8,0,0.5,1.8,,2.2,112700,163800,1592700,,4454780000,1389920000,3064860000,
99200,189600,5196225000,24668040000,19471815000,44139855000,2721441087,1734582934.8,-0.2,63347.8,4069.6,0.7,16300,-7100,-192250000,27200,"2023-03-28T09:50:00.000Z",1679997000000,27200,27150,27150,41.1,58.9,0,0.2,0.4,,1.4,23400,39700,1632400,,1078970000,443360000,635610000,
99200,396700,10841165000,31175345000,20334180000,51509525000,2721441087,1734582934.8,5.7,63347.8,4069.6,7.5,238800,207100,5644940000,27250,"2023-03-28T09:55:00.000Z",1679997300000,27300,27200,27200,88.3,11.7,0,2.4,0.5,,0.1,31700,270500,1902900,,7369670000,6507305000,862365000,
99200,515500,14089045000,35432000000,21342955000,56774955000,2721441087,1734582934.8,3.3,63347.8,4069.6,4.2,155700,118800,3247880000,27400,"2023-03-28T10:00:00.000Z",1679997600000,27400,27250,27300,80.8,19.2,0,1.6,0.6,,0.2,36900,192600,2095500,,5265430000,4256655000,1008775000,
99200,1293000,35462355000,57952345000,22489990000,80442335000,2721441087,1734582934.8,21.7,63347.8,4069.6,19.7,819100,777500,21373310000,27650,"2023-03-28T10:05:00.000Z",1679997900000,27700,27350,27400,95.2,4.8,0,8.3,0.7,,0.1,41600,860700,2956200,,23667380000,22520345000,1147035000,
99200,1141700,31291505000,58604335000,27312830000,85917165000,2721441087,1734582934.8,-4.2,63347.8,4069.6,0.1,23600,-151300,-4170850000,27500,"2023-03-28T10:10:00.000Z",1679998200000,27700,27500,27650,11.9,88.1,0,0.2,2.8,,7.4,174900,198500,3154700,,5474830000,651990000,4822840000,
99200,1092800,29948390000,58835640000,28887250000,87722890000,2721441087,1734582934.8,-1.4,63347.8,4069.6,0.1,8400,-48900,-1343115000,27450,"2023-03-28T10:15:00.000Z",1679998500000,27550,27450,27500,12.8,87.2,0,0.1,0.9,,6.8,57300,65700,3220400,,1805725000,231305000,1574420000,
99200,1145200,31390560000,62653925000,31263365000,93917290000,2721441087,1734582934.8,1.5,63347.8,4069.6,1.6,139000,52400,1442170000,27500,"2023-03-28T10:20:00.000Z",1679998800000,27500,27400,27450,61.6,38.4,0,1.4,1.4,,0.6,86600,225600,3446000,,6194400000,3818285000,2376115000,
99200,1346100,36929380000,69932310000,33002930000,102935240000,2721441087,1734582934.8,5.6,63347.8,4069.6,4.2,264000,200900,5538820000,27600,"2023-03-28T10:25:00.000Z",1679999100000,27650,27450,27500,80.7,19.3,0,2.7,1,,0.2,63100,327100,3773100,,9017950000,7278385000,1739565000,
99200,1378000,37811175000,71996790000,34185615000,106182405000,2721441087,1734582934.8,0.9,63347.8,4069.6,1.7,74800,31900,881795000,27550,"2023-03-28T10:30:00.000Z",1679999400000,27600,27550,27550,63.6,36.4,0,0.8,0.7,,0.6,42900,117700,3890800,,3247165000,2064480000,1182685000,
99200,1281000,35141205000,72845555000,37704350000,110549905000,2721441087,1734582934.8,-2.7,63347.8,4069.6,0.2,30800,-97000,-2669970000,27550,"2023-03-28T10:35:00.000Z",1679999700000,27600,27500,27550,19.4,80.6,0,0.3,2,,4.1,127800,158600,4049400,,4367500000,848765000,3518735000,
99200,1286000,35282330000,74842930000,39560600000,114403530000,2721441087,1734582934.8,0.1,63347.8,4069.6,1.1,72500,5000,141125000,27550,"2023-03-28T10:40:00.000Z",1680000000000,27550,27500,27500,51.8,48.2,0,0.7,1.1,,0.9,67500,140000,4189400,,3853625000,1997375000,1856250000,
99200,1225800,33630655000,75649025000,42018370000,117667395000,2721441087,1734582934.8,-1.7,63347.8,4069.6,0.3,29300,-60200,-1651675000,27450,"2023-03-28T10:45:00.000Z",1680000300000,27550,27450,27550,24.7,75.3,0,0.3,1.4,,3.1,89500,118800,4308200,,3263865000,806095000,2457770000,
99200,1285400,35270860000,77745705000,42474845000,120220550000,2721441087,1734582934.8,1.7,63347.8,4069.6,4.6,76200,59600,1640205000,27550,"2023-03-28T10:50:00.000Z",1680000600000,27550,27450,27500,82.1,17.9,0,0.8,0.3,,0.2,16600,92800,4401000,,2553155000,2096680000,456475000,
99200,1255300,34441825000,78247115000,43805290000,122052405000,2721441087,1734582934.8,-0.8,63347.8,4069.6,0.4,18200,-30100,-829035000,27500,"2023-03-28T10:55:00.000Z",1680000900000,27550,27500,27550,27.4,72.6,0,0.2,0.8,,2.7,48300,66500,4467500,,1831855000,501410000,1330445000,
99200,1119700,30718555000,79123480000,48404925000,127528405000,2721441087,1734582934.8,-3.8,63347.8,4069.6,0.2,31900,-135600,-3723270000,27400,"2023-03-28T11:00:00.000Z",1680001200000,27500,27400,27500,16,84,0,0.3,2.6,,5.3,167500,199400,4666900,,5476000000,876365000,4599635000,
99200,1144300,31394115000,79941615000,48547500000,128489115000,2721441087,1734582934.8,0.7,63347.8,4069.6,5.7,29800,24600,675560000,27500,"2023-03-28T11:05:00.000Z",1680001500000,27500,27400,27400,85.1,14.9,0,0.3,0.1,,0.2,5200,35000,4701900,,960710000,818135000,142575000,
99200,1169400,32085095000,81261805000,49176710000,130438515000,2721441087,1734582934.8,0.7,63347.8,4069.6,2.1,48000,25100,690980000,27450,"2023-03-28T11:10:00.000Z",1680001800000,27550,27450,27500,67.7,32.3,0,0.5,0.4,,0.5,22900,70900,4772800,,1949400000,1320190000,629210000,
99200,1129700,30995630000,81525655000,50530025000,132055680000,2721441087,1734582934.8,-1.1,63347.8,4069.6,0.2,9600,-39700,-1089465000,27450,"2023-03-28T11:15:00.000Z",1680002100000,27500,27450,27500,16.3,83.7,0,0.1,0.8,,5.1,49300,58900,4831700,,1617165000,263850000,1353315000,
99200,1013800,27820375000,81748000000,53927625000,135675625000,2721441087,1734582934.8,-3.2,63347.8,4069.6,0.1,8100,-115900,-3175255000,27400,"2023-03-28T11:20:00.000Z",1680002400000,27450,27400,27450,6.1,93.9,0,0.1,2,,15.3,124000,132100,4963800,,3619945000,222345000,3397600000,
99200,1026000,28155105000,82214110000,54059005000,136273115000,2721441087,1734582934.8,0.3,63347.8,4069.6,3.5,17000,12200,334730000,27400,"2023-03-28T11:25:00.000Z",1680002700000,27450,27350,27400,78,22,0,0.2,0.1,,0.3,4800,21800,4985600,,597490000,466110000,131380000,
99200,997600,27379995000,83644290000,56264295000,139908585000,2721441087,1734582934.8,-0.8,63347.8,4069.6,0.6,52100,-28400,-775110000,27400,"2023-03-28T13:00:00.000Z",1680008400000,27500,27350,27400,39.3,60.7,0,0.5,1.3,,1.5,80500,132600,5118200,,3635470000,1430180000,2205290000,
99200,1415200,38887270000,95759425000,56872155000,152631580000,2721441087,1734582934.8,11.7,63347.8,4069.6,19.9,439700,417600,11507275000,27600,"2023-03-28T13:05:00.000Z",1680008700000,27600,27450,27450,95.2,4.8,0,4.4,0.3,,0.1,22100,461800,5580000,,12722995000,12115135000,607860000,
99200,1651900,45433925000,103465670000,58031745000,161497415000,2721441087,1734582934.8,6.6,63347.8,4069.6,6.6,278700,236700,6546655000,27600,"2023-03-28T13:10:00.000Z",1680009000000,27700,27600,27600,86.9,13.1,0,2.8,0.7,,0.2,42000,320700,5900700,,8865835000,7706245000,1159590000,
99200,1701100,46794645000,105907275000,59112630000,165019905000,2721441087,1734582934.8,1.4,63347.8,4069.6,2.3,88400,49200,1360720000,27600,"2023-03-28T13:15:00.000Z",1680009300000,27650,27550,27600,69.3,30.7,0,0.9,0.6,,0.4,39200,127600,6028300,,3522490000,2441605000,1080885000,
99200,1664900,45796810000,107238820000,61442010000,168680830000,2721441087,1734582934.8,-1,63347.8,4069.6,0.6,48200,-36200,-997835000,27650,"2023-03-28T13:20:00.000Z",1680009600000,27650,27550,27650,36.3,63.7,0,0.5,1.3,,1.8,84400,132600,6160900,,3660925000,1331545000,2329380000,
99200,1628600,44795895000,107833125000,63037230000,170870355000,2721441087,1734582934.8,-1,63347.8,4069.6,0.4,21500,-36300,-1000915000,27550,"2023-03-28T13:25:00.000Z",1680009900000,27650,27550,27600,27.1,72.9,0,0.2,0.9,,2.7,57800,79300,6240200,,2189525000,594305000,1595220000,
99200,1641300,45147985000,109050285000,63902300000,172952585000,2721441087,1734582934.8,0.4,63347.8,4069.6,1.4,44100,12700,352090000,27600,"2023-03-28T13:30:00.000Z",1680010200000,27600,27550,27600,58.4,41.6,0,0.4,0.5,,0.7,31400,75500,6315700,,2082230000,1217160000,865070000,
99200,1620400,44573120000,109563645000,64990525000,174554170000,2721441087,1734582934.8,-0.6,63347.8,4069.6,0.5,18600,-20900,-574865000,27550,"2023-03-28T13:35:00.000Z",1680010500000,27600,27550,27550,32,68,0,0.2,0.6,,2.1,39500,58100,6373800,,1601585000,513360000,1088225000,
99200,1594200,43852605000,110278485000,66425880000,176704365000,2721441087,1734582934.8,-0.7,63347.8,4069.6,0.5,25900,-26200,-720515000,27600,"2023-03-28T13:40:00.000Z",1680010800000,27600,27550,27550,33.2,66.8,0,0.3,0.8,,2,52100,78000,6451800,,2150195000,714840000,1435355000,
99200,1687800,46436865000,113358645000,66921780000,180280425000,2721441087,1734582934.8,2.6,63347.8,4069.6,6.2,111600,93600,2584260000,27600,"2023-03-28T13:45:00.000Z",1680011100000,27600,27550,27600,86.1,13.9,0,1.1,0.3,,0.2,18000,129600,6581400,,3576060000,3080160000,495900000,
99200,1681100,46252925000,113714685000,67461760000,181176445000,2721441087,1734582934.8,-0.2,63347.8,4069.6,0.7,12900,-6700,-183940000,27550,"2023-03-28T13:50:00.000Z",1680011400000,27600,27550,27600,39.7,60.3,0,0.1,0.3,,1.5,19600,32500,6613900,,896020000,356040000,539980000,
99200,1713100,47136430000,115398445000,68262015000,183660460000,2721441087,1734582934.8,0.9,63347.8,4069.6,2.1,61000,32000,883505000,27650,"2023-03-28T13:55:00.000Z",1680011700000,27650,27550,27550,67.8,32.2,0,0.6,0.5,,0.5,29000,90000,6703900,,2484015000,1683760000,800255000,
99200,1735100,47744525000,116632165000,68887640000,185519805000,2721441087,1734582934.8,0.6,63347.8,4069.6,2,44700,22000,608095000,27600,"2023-03-28T14:00:00.000Z",1680012000000,27600,27550,27600,66.3,33.7,0,0.5,0.4,,0.5,22700,67400,6771300,,1859345000,1233720000,625625000,
99200,1785300,49131015000,118553125000,69422110000,187975235000,2721441087,1734582934.8,1.4,63347.8,4069.6,3.6,69600,50200,1386490000,27600,"2023-03-28T14:05:00.000Z",1680012300000,27600,27550,27600,78.2,21.8,0,0.7,0.3,,0.3,19400,89000,6860300,,2455430000,1920960000,534470000,
99200,1830600,50381690000,121465210000,71083520000,192548730000,2721441087,1734582934.8,1.3,63347.8,4069.6,1.8,105500,45300,1250675000,27600,"2023-03-28T14:10:00.000Z",1680012600000,27650,27550,27600,63.7,36.3,0,1.1,1,,0.6,60200,165700,7026000,,4573495000,2912085000,1661410000,
99200,1887400,51950490000,123651130000,71700640000,195351770000,2721441087,1734582934.8,1.6,63347.8,4069.6,3.5,79200,56800,1568800000,27600,"2023-03-28T14:15:00.000Z",1680012900000,27600,27550,27600,78,22,0,0.8,0.4,,0.3,22400,101600,7127600,,2803040000,2185920000,617120000,
99200,1714100,47179735000,124092725000,76912990000,201005715000,2721441087,1734582934.8,-4.8,63347.8,4069.6,0.1,16000,-173300,-4770755000,27500,"2023-03-28T14:20:00.000Z",1680013200000,27600,27500,27600,7.8,92.2,0,0.2,3,,11.8,189300,205300,7332900,,5653945000,441595000,5212350000,
99200,1649200,45395475000,125186290000,79790815000,204977105000,2721441087,1734582934.8,-1.8,63347.8,4069.6,0.4,39700,-64900,-1784260000,27500,"2023-03-28T14:25:00.000Z",1680013500000,27600,27500,27500,27.5,72.5,0,0.4,1.7,,2.6,104600,144300,7477200,,3971390000,1093565000,2877825000,
99200,1649200,45395475000,125186290000,79790815000,210134465000,2721441087,1734582934.8,0,63347.8,4069.6,NaN,,0,0,27550,"2023-03-28T14:45:00.000Z",1680014700000,27550,27550,27550,0,0,100,,,46,NaN,,187200,7664400,187200,5157360000,,,5157360000
