"abu","acum_busd","acum_busd_val","acum_val","asd","auk","bs","bu","bu-sd","bu-sd_val","c","date","datetime","h","l","o","pbu","psd","puk","rbu","rsd","ruk","sb","sd","sum_vol","total_vol","uk","val","val_bu","val_sd","val_uk"
876.9,-200,-580000,580000,2689.7,69.2,0,,-200,-580000,2.9,"2023-01-17T09:00:00.000Z",1673946000000,2.9,2.9,2.9,0,100,0,,0.1,,Infinity,200,200,200,,580000,,580000,
876.9,-6400,-18560000,18560000,2689.7,69.2,0,,-6200,-17980000,2.9,"2023-01-17T09:08:00.000Z",1673946480000,2.9,2.9,2.9,0,100,0,,2.3,,Infinity,6200,6200,6400,,17980000,,17980000,
876.9,-5400,-15560000,21560000,2689.7,69.2,Infinity,1000,1000,3000000,3,"2023-01-17T09:18:00.000Z",1673947080000,3,3,3,100,0,0,1.1,,,0,,1000,7400,,3000000,3000000,,
876.9,2500,8140000,45260000,2689.7,69.2,Infinity,7900,7900,23700000,3,"2023-01-17T09:20:00.000Z",1673947200000,3,3,3,100,0,0,9,,,0,,7900,15300,,23700000,23700000,,
876.9,3300,10540000,47660000,2689.7,69.2,Infinity,800,800,2400000,3,"2023-01-17T09:22:00.000Z",1673947320000,3,3,3,100,0,0,0.9,,,0,,800,16100,,2400000,2400000,,
876.9,7200,22240000,59360000,2689.7,69.2,Infinity,3900,3900,11700000,3,"2023-01-17T09:24:00.000Z",1673947440000,3,3,3,100,0,0,4.4,,,0,,3900,20000,,11700000,11700000,,
876.9,6300,19540000,75860000,2689.7,69.2,0.7,2300,-900,-2700000,3,"2023-01-17T09:26:00.000Z",1673947560000,3,3,3,41.8,58.2,0,2.6,1.2,,1.4,3200,5500,25500,,16500000,6900000,9600000,
876.9,5500,17140000,78260000,2689.7,69.2,0,,-800,-2400000,3,"2023-01-17T09:28:00.000Z",1673947680000,3,3,3,0,100,0,,0.3,,Infinity,800,800,26300,,2400000,,2400000,
876.9,100,940000,94460000,2689.7,69.2,0,,-5400,-16200000,3,"2023-01-17T09:30:00.000Z",1673947800000,3,3,3,0,100,0,,2,,Infinity,5400,5400,31700,,16200000,,16200000,
876.9,-2600,-7160000,102560000,2689.7,69.2,0,,-2700,-8100000,3,"2023-01-17T09:32:00.000Z",1673947920000,3,3,3,0,100,0,,1,,Infinity,2700,2700,34400,,8100000,,8100000,
876.9,-2600,-7160000,110660000,2689.7,69.2,NaN,,0,0,3,"2023-01-17T09:36:00.000Z",1673948160000,3,3,3,0,0,100,,,39,NaN,,2700,37100,2700,8100000,,,8100000
876.9,-2700,-7460000,110960000,2689.7,69.2,0,,-100,-300000,3,"2023-01-17T09:40:00.000Z",1673948400000,3,3,3,0,100,0,,0,,Infinity,100,100,37200,,300000,,300000,
876.9,-6600,-19160000,122660000,2689.7,69.2,0,,-3900,-11700000,3,"2023-01-17T09:44:00.000Z",1673948640000,3,3,3,0,100,0,,1.4,,Infinity,3900,3900,41100,,11700000,,11700000,
876.9,-6100,-17660000,124160000,2689.7,69.2,Infinity,500,500,1500000,3,"2023-01-17T09:46:00.000Z",1673948760000,3,3,3,100,0,0,0.6,,,0,,500,41600,,1500000,1500000,,
876.9,-5600,-16160000,125660000,2689.7,69.2,Infinity,500,500,1500000,3,"2023-01-17T09:48:00.000Z",1673948880000,3,3,3,100,0,0,0.6,,,0,,500,42100,,1500000,1500000,,
876.9,-13400,-38730000,151230000,2689.7,69.2,0.1,500,-7800,-22570000,2.9,"2023-01-17T09:50:00.000Z",1673949000000,3,2.9,3,5.7,94.3,0,0.6,3.1,,16.6,8300,8800,50900,,25570000,1500000,24070000,
876.9,-14400,-41630000,154130000,2689.7,69.2,0,,-1000,-2900000,2.9,"2023-01-17T09:52:00.000Z",1673949120000,2.9,2.9,2.9,0,100,0,,0.4,,Infinity,1000,1000,51900,,2900000,,2900000,
876.9,-5700,-15530000,194030000,2689.7,69.2,4.8,11000,8700,26100000,3,"2023-01-17T09:54:00.000Z",1673949240000,3,3,3,82.7,17.3,0,12.5,0.9,,0.2,2300,13300,65200,,39900000,33000000,6900000,
876.9,-6700,-18530000,197030000,2689.7,69.2,0,,-1000,-3000000,3,"2023-01-17T09:58:00.000Z",1673949480000,3,3,3,0,100,0,,0.4,,Infinity,1000,1000,66200,,3000000,,3000000,
876.9,-6600,-18220000,197340000,2689.7,69.2,Infinity,100,100,310000,3.1,"2023-01-17T10:00:00.000Z",1673949600000,3.1,3.1,3.1,100,0,0,0.1,,,0,,100,66300,,310000,310000,,
876.9,-49600,-147220000,326340000,2689.7,69.2,0,,-43000,-129000000,3,"2023-01-17T10:16:00.000Z",1673950560000,3,3,3,0,100,0,,16,,Infinity,43000,43000,109300,,129000000,,129000000,
876.9,-50500,-149920000,329040000,2689.7,69.2,0,,-900,-2700000,3,"2023-01-17T10:34:00.000Z",1673951640000,3,3,3,0,100,0,,0.3,,Infinity,900,900,110200,,2700000,,2700000,
876.9,-65500,-194920000,374040000,2689.7,69.2,0,,-15000,-45000000,3,"2023-01-17T11:14:00.000Z",1673954040000,3,3,3,0,100,0,,5.6,,Infinity,15000,15000,125200,,45000000,,45000000,
876.9,-65600,-195220000,374340000,2689.7,69.2,0,,-100,-300000,3,"2023-01-17T11:28:00.000Z",1673954880000,3,3,3,0,100,0,,0,,Infinity,100,100,125300,,300000,,300000,
876.9,-66000,-196420000,375540000,2689.7,69.2,0,,-400,-1200000,3,"2023-01-17T13:00:00.000Z",1673960400000,3,3,3,0,100,0,,0.1,,Infinity,400,400,125700,,1200000,,1200000,
876.9,-71000,-211420000,390540000,2689.7,69.2,0,,-5000,-15000000,3,"2023-01-17T13:02:00.000Z",1673960520000,3,3,3,0,100,0,,1.9,,Infinity,5000,5000,130700,,15000000,,15000000,
876.9,-71700,-213520000,392640000,2689.7,69.2,0,,-700,-2100000,3,"2023-01-17T13:08:00.000Z",1673960880000,3,3,3,0,100,0,,0.3,,Infinity,700,700,131400,,2100000,,2100000,
876.9,-72600,-216220000,395340000,2689.7,69.2,0,,-900,-2700000,3,"2023-01-17T13:10:00.000Z",1673961000000,3,3,3,0,100,0,,0.3,,Infinity,900,900,132300,,2700000,,2700000,
876.9,-72900,-217120000,396240000,2689.7,69.2,0,,-300,-900000,3,"2023-01-17T13:24:00.000Z",1673961840000,3,3,3,0,100,0,,0.1,,Infinity,300,300,132600,,900000,,900000,
876.9,-69600,-206890000,406470000,2689.7,69.2,Infinity,3300,3300,10230000,3.1,"2023-01-17T13:28:00.000Z",1673962080000,3.1,3.1,3.1,100,0,0,3.8,,,0,,3300,135900,,10230000,10230000,,
876.9,-70100,-208380000,408580000,2689.7,69.2,0.2,100,-500,-1490000,3,"2023-01-17T13:32:00.000Z",1673962320000,3.1,3,3.1,14.3,85.7,0,0.1,0.2,,6,600,700,136600,,2110000,310000,1800000,
876.9,-71000,-211080000,411280000,2689.7,69.2,0,,-900,-2700000,3,"2023-01-17T13:34:00.000Z",1673962440000,3,3,3,0,100,0,,0.3,,Infinity,900,900,137500,,2700000,,2700000,
876.9,-72200,-214680000,414880000,2689.7,69.2,0,,-1200,-3600000,3,"2023-01-17T13:44:00.000Z",1673963040000,3,3,3,0,100,0,,0.4,,Infinity,1200,1200,138700,,3600000,,3600000,
876.9,-72100,-214370000,415190000,2689.7,69.2,Infinity,100,100,310000,3.1,"2023-01-17T14:28:00.000Z",1673965680000,3.1,3.1,3.1,100,0,0,0.1,,,0,,100,138800,,310000,310000,,
876.9,-72000,-214060000,415500000,2689.7,69.2,Infinity,100,100,310000,3.1,"2023-01-17T14:32:00.000Z",1673965920000,3.1,3.1,3.1,100,0,0,0.1,,,0,,100,138900,,310000,310000,,
876.9,-71200,-211570000,418590000,2689.7,69.2,9,900,800,2490000,3,"2023-01-17T14:34:00.000Z",1673966040000,3.1,3,3.1,90,10,0,1,0,,0.1,100,1000,139900,,3090000,2790000,300000,
876.9,-71000,-210950000,419210000,2689.7,69.2,Infinity,200,200,620000,3.1,"2023-01-17T14:48:00.000Z",1673966880000,3.1,3.1,3.1,100,0,0,0.2,,,0,,200,140100,,620000,620000,,
876.9,-70000,-207850000,422310000,2689.7,69.2,Infinity,1000,1000,3100000,3.1,"2023-01-17T14:52:00.000Z",1673967120000,3.1,3.1,3.1,100,0,0,1.1,,,0,,1000,141100,,3100000,3100000,,
876.9,-70700,-209950000,424410000,2689.7,69.2,0,,-700,-2100000,3,"2023-01-17T14:58:00.000Z",1673967480000,3,3,3,0,100,0,,0.3,,Infinity,700,700,141800,,2100000,,2100000,
