"abu","acum_busd","acum_busd_val","acum_val","asd","auk","bs","bu","bu-sd","bu-sd_val","c","date","datetime","h","l","o","pbu","psd","puk","rbu","rsd","ruk","sb","sd","sum_vol","total_vol","uk","val","val_bu","val_sd","val_uk"
730.3,2000,22200000,22200000,833.3,48.5,Infinity,2000,2000,22200000,11.1,"2023-01-17T09:18:00.000Z",1673947080000,11.1,11.1,11.1,100,0,0,2.7,,,0,,2000,2000,,22200000,22200000,,
730.3,2500,27750000,27750000,833.3,48.5,Infinity,500,500,5550000,11.1,"2023-01-17T09:20:00.000Z",1673947200000,11.1,11.1,11.1,100,0,0,0.7,,,0,,500,2500,,5550000,5550000,,
730.3,3000,33300000,33300000,833.3,48.5,Infinity,500,500,5550000,11.1,"2023-01-17T09:28:00.000Z",1673947680000,11.1,11.1,11.1,100,0,0,0.7,,,0,,500,3000,,5550000,5550000,,
730.3,3300,36630000,36630000,833.3,48.5,Infinity,300,300,3330000,11.1,"2023-01-17T09:30:00.000Z",1673947800000,11.1,11.1,11.1,100,0,0,0.4,,,0,,300,3300,,3330000,3330000,,
730.3,5200,57720000,57720000,833.3,48.5,Infinity,1900,1900,21090000,11.1,"2023-01-17T09:36:00.000Z",1673948160000,11.1,11.1,11.1,100,0,0,2.6,,,0,,1900,5200,,21090000,21090000,,
730.3,5400,59940000,59940000,833.3,48.5,Infinity,200,200,2220000,11.1,"2023-01-17T09:50:00.000Z",1673949000000,11.1,11.1,11.1,100,0,0,0.3,,,0,,200,5400,,2220000,2220000,,
730.3,5400,59940000,62160000,833.3,48.5,NaN,,0,0,11.1,"2023-01-17T09:52:00.000Z",1673949120000,11.1,11.1,11.1,0,0,100,,,4.1,NaN,,200,5600,200,2220000,,,2220000
730.3,5600,62160000,64380000,833.3,48.5,Infinity,200,200,2220000,11.1,"2023-01-17T10:04:00.000Z",1673949840000,11.1,11.1,11.1,100,0,0,0.3,,,0,,200,5800,,2220000,2220000,,
730.3,5900,65490000,67710000,833.3,48.5,Infinity,300,300,3330000,11.1,"2023-01-17T10:06:00.000Z",1673949960000,11.1,11.1,11.1,100,0,0,0.4,,,0,,300,6100,,3330000,3330000,,
730.3,5900,65490000,73210000,833.3,48.5,NaN,,0,0,11,"2023-01-17T10:08:00.000Z",1673950080000,11,11,11,0,0,100,,,10.3,NaN,,500,6600,500,5500000,,,5500000
730.3,3500,39330000,99370000,833.3,48.5,0,,-2400,-26160000,10.9,"2023-01-17T10:10:00.000Z",1673950200000,10.9,10.9,10.9,0,100,0,,2.9,,Infinity,2400,2400,9000,,26160000,,26160000,
730.3,3500,39330000,100470000,833.3,48.5,NaN,,0,0,11,"2023-01-17T10:22:00.000Z",1673950920000,11,11,11,0,0,100,,,2.1,NaN,,100,9100,100,1100000,,,1100000
730.3,3000,33830000,105970000,833.3,48.5,0,,-500,-5500000,11,"2023-01-17T11:00:00.000Z",1673953200000,11,11,11,0,100,0,,0.6,,Infinity,500,500,9600,,5500000,,5500000,
730.3,3200,36050000,108190000,833.3,48.5,Infinity,200,200,2220000,11.1,"2023-01-17T11:28:00.000Z",1673954880000,11.1,11.1,11.1,100,0,0,0.3,,,0,,200,9800,,2220000,2220000,,
730.3,3000,33850000,110390000,833.3,48.5,0,,-200,-2200000,11,"2023-01-17T13:00:00.000Z",1673960400000,11,11,11,0,100,0,,0.2,,Infinity,200,200,10000,,2200000,,2200000,
730.3,2000,22850000,121390000,833.3,48.5,0,,-1000,-11000000,11,"2023-01-17T13:12:00.000Z",1673961120000,11,11,11,0,100,0,,1.2,,Infinity,1000,1000,11000,,11000000,,11000000,
730.3,500,6350000,137890000,833.3,48.5,0,,-1500,-16500000,11,"2023-01-17T13:14:00.000Z",1673961240000,11,11,11,0,100,0,,1.8,,Infinity,1500,1500,12500,,16500000,,16500000,
730.3,-1200,-12350000,156590000,833.3,48.5,0,,-1700,-18700000,11,"2023-01-17T13:16:00.000Z",1673961360000,11,11,11,0,100,0,,2,,Infinity,1700,1700,14200,,18700000,,18700000,
730.3,600,7630000,176570000,833.3,48.5,Infinity,1800,1800,19980000,11.1,"2023-01-17T13:26:00.000Z",1673961960000,11.1,11.1,11.1,100,0,0,2.5,,,0,,1800,16000,,19980000,19980000,,
730.3,700,8740000,177680000,833.3,48.5,Infinity,100,100,1110000,11.1,"2023-01-17T13:36:00.000Z",1673962560000,11.1,11.1,11.1,100,0,0,0.1,,,0,,100,16100,,1110000,1110000,,
730.3,400,5440000,180980000,833.3,48.5,0,,-300,-3300000,11,"2023-01-17T13:38:00.000Z",1673962680000,11,11,11,0,100,0,,0.4,,Infinity,300,300,16400,,3300000,,3300000,
730.3,6600,74260000,249800000,833.3,48.5,Infinity,6200,6200,68820000,11.1,"2023-01-17T13:42:00.000Z",1673962920000,11.1,11.1,11.1,100,0,0,8.5,,,0,,6200,22600,,68820000,68820000,,
730.3,6000,67600000,256460000,833.3,48.5,0,,-600,-6660000,11.1,"2023-01-17T13:44:00.000Z",1673963040000,11.1,11.1,11.1,0,100,0,,0.7,,Infinity,600,600,23200,,6660000,,6660000,
730.3,5000,56500000,267560000,833.3,48.5,0,,-1000,-11100000,11.1,"2023-01-17T13:46:00.000Z",1673963160000,11.1,11.1,11.1,0,100,0,,1.2,,Infinity,1000,1000,24200,,11100000,,11100000,
730.3,-7500,-81000000,405060000,833.3,48.5,0,,-12500,-137500000,11,"2023-01-17T13:48:00.000Z",1673963280000,11,11,11,0,100,0,,15,,Infinity,12500,12500,36700,,137500000,,137500000,
730.3,-9000,-97500000,421560000,833.3,48.5,0,,-1500,-16500000,11,"2023-01-17T13:52:00.000Z",1673963520000,11,11,11,0,100,0,,1.8,,Infinity,1500,1500,38200,,16500000,,16500000,
730.3,-9000,-97500000,430360000,833.3,48.5,NaN,,0,0,11,"2023-01-17T13:54:00.000Z",1673963640000,11,11,11,0,0,100,,,16.5,NaN,,800,39000,800,8800000,,,8800000
730.3,-6000,-64200000,463660000,833.3,48.5,Infinity,3000,3000,33300000,11.1,"2023-01-17T13:56:00.000Z",1673963760000,11.1,11.1,11.1,100,0,0,4.1,,,0,,3000,42000,,33300000,33300000,,
730.3,-5500,-58650000,469210000,833.3,48.5,Infinity,500,500,5550000,11.1,"2023-01-17T14:06:00.000Z",1673964360000,11.1,11.1,11.1,100,0,0,0.7,,,0,,500,42500,,5550000,5550000,,
730.3,-2800,-28950000,505510000,833.3,48.5,10,3000,2700,29700000,11,"2023-01-17T14:08:00.000Z",1673964480000,11,11,11,90.9,9.1,0,4.1,0.4,,0.1,300,3300,45800,,36300000,33000000,3300000,
730.3,600,8790000,543250000,833.3,48.5,Infinity,3400,3400,37740000,11.1,"2023-01-17T14:24:00.000Z",1673965440000,11.1,11.1,11.1,100,0,0,4.7,,,0,,3400,49200,,37740000,37740000,,
730.3,-2400,-24510000,576550000,833.3,48.5,0,,-3000,-33300000,11.1,"2023-01-17T14:28:00.000Z",1673965680000,11.1,11.1,11.1,0,100,0,,3.6,,Infinity,3000,3000,52200,,33300000,,33300000,
730.3,-3400,-35610000,587650000,833.3,48.5,0,,-1000,-11100000,11.1,"2023-01-17T14:44:00.000Z",1673966640000,11.1,11.1,11.1,0,100,0,,1.2,,Infinity,1000,1000,53200,,11100000,,11100000,
