"abu","acum_busd","acum_busd_val","acum_val_bu","acum_val_sd","acum_val","avg_val_bu","avg_val_sd","rbusd","asd","auk","bs","bu","bu-sd","bu-sd_val","c","date","datetime","h","l","o","pbu","psd","puk","rbu","rsd","ruk","sb","sd","sum_vol","total_vol","uk","val","val_bu","val_sd","val_uk"
1104.7,-31100,-607855000,1960000,609815000,611775000,21877907,70819302.3,12.4,3600,607,0,100,-31100,-607855000,19600,"2023-03-27T09:15:00.000Z",1679908500000,19650,19500,19500,0.3,99.7,0,0.1,8.7,,312,31200,31300,31300,,611775000,1960000,609815000,
1104.7,-34900,-682385000,17645000,700030000,717675000,21877907,70819302.3,1.5,3600,607,0.2,800,-3800,-74530000,19600,"2023-03-27T09:20:00.000Z",1679908800000,19650,19600,19650,14.8,85.2,0,0.7,1.3,,5.8,4600,5400,36700,,105900000,15685000,90215000,
1104.7,-38000,-743145000,17645000,760790000,778435000,21877907,70819302.3,1.2,3600,607,0,,-3100,-60760000,19600,"2023-03-27T09:25:00.000Z",1679909100000,19600,19600,19600,0,100,0,,0.9,,Infinity,3100,3100,39800,,60760000,,60760000,
1104.7,-43300,-846965000,29475000,876440000,905915000,21877907,70819302.3,2.1,3600,607,0.1,600,-5300,-103820000,20300,"2023-03-27T09:30:00.000Z",1679909400000,20300,19600,19600,9.2,90.8,0,0.5,1.6,,9.8,5900,6500,46300,,127480000,11830000,115650000,
1104.7,-43900,-858315000,75060000,933375000,1008435000,21877907,70819302.3,0.2,3600,607,0.8,2300,-600,-11350000,19700,"2023-03-27T09:45:00.000Z",1679910300000,20400,19600,19600,44.2,55.8,0,2.1,0.8,,1.3,2900,5200,51500,,102520000,45585000,56935000,
1104.7,-36200,-704845000,258030000,962875000,1220905000,21877907,70819302.3,-3.1,3600,607,6.1,9200,7700,153470000,20350,"2023-03-27T09:50:00.000Z",1679910600000,20350,19650,19700,86,14,0,8.3,0.4,,0.2,1500,10700,62200,,212470000,182970000,29500000,
1104.7,-34200,-664050000,365980000,1030030000,1397985000,21877907,70819302.3,-0.8,3600,607,1.6,5400,2000,40795000,19750,"2023-03-27T09:55:00.000Z",1679910900000,20250,19750,19800,60.7,38.2,1.1,4.9,0.9,0.2,0.6,3400,8900,71100,100,177080000,107950000,67155000,1975000
1104.7,-35200,-683650000,399705000,1083355000,1485035000,21877907,70819302.3,0.4,3600,607,0.6,1700,-1000,-19600000,19750,"2023-03-27T10:00:00.000Z",1679911200000,20000,19750,19750,38.6,61.4,0,1.5,0.8,,1.6,2700,4400,75500,,87050000,33725000,53325000,
1104.7,-36600,-711300000,431305000,1142605000,1575885000,21877907,70819302.3,0.6,3600,607,0.5,1600,-1400,-27650000,19750,"2023-03-27T10:05:00.000Z",1679911500000,19750,19750,19750,34.8,65.2,0,1.4,0.8,,1.9,3000,4600,80100,,90850000,31600000,59250000,
1104.7,-38700,-752860000,451105000,1203965000,1657045000,21877907,70819302.3,0.8,3600,607,0.3,1000,-2100,-41560000,19850,"2023-03-27T10:10:00.000Z",1679911800000,19850,19750,19800,24.4,75.6,0,0.9,0.9,,3.1,3100,4100,84200,,81160000,19800000,61360000,
1104.7,-40900,-796380000,463005000,1259385000,1724365000,21877907,70819302.3,0.9,3600,607,0.2,600,-2200,-43520000,20000,"2023-03-27T10:15:00.000Z",1679912100000,20000,19750,19850,17.6,82.4,0,0.5,0.8,,4.7,2800,3400,87600,,67320000,11900000,55420000,
1104.7,-47600,-928555000,492605000,1421160000,1915740000,21877907,70819302.3,2.7,3600,607,0.2,1500,-6700,-132175000,19750,"2023-03-27T10:20:00.000Z",1679912400000,19800,19700,19800,15.5,84.5,0,1.4,2.3,,5.5,8200,9700,97300,,191375000,29600000,161775000,
1104.7,-52900,-1033745000,514380000,1548125000,2064480000,21877907,70819302.3,2.1,3600,607,0.2,1100,-5300,-105190000,19800,"2023-03-27T10:25:00.000Z",1679912700000,19850,19750,19750,14.7,85.3,0,1,1.8,,5.8,6400,7500,104800,,148740000,21775000,126965000,
1104.7,-54500,-1065370000,516355000,1581725000,2100055000,21877907,70819302.3,0.6,3600,607,0.1,100,-1600,-31625000,19750,"2023-03-27T10:30:00.000Z",1679913000000,19800,19750,19800,5.6,94.4,0,0.1,0.5,,17,1700,1800,106600,,35575000,1975000,33600000,
1104.7,-57500,-1124620000,520305000,1644925000,2167205000,21877907,70819302.3,1.2,3600,607,0.1,200,-3000,-59250000,19750,"2023-03-27T10:35:00.000Z",1679913300000,19750,19750,19750,5.9,94.1,0,0.2,0.9,,16,3200,3400,110000,,67150000,3950000,63200000,
1104.7,-56900,-1112720000,532205000,1644925000,2179105000,21877907,70819302.3,-0.2,3600,607,Infinity,600,600,11900000,20000,"2023-03-27T10:40:00.000Z",1679913600000,20000,19800,19800,100,0,0,0.5,,,0,,600,110600,,11900000,11900000,,
1104.7,-58900,-1152220000,532205000,1684425000,2218605000,21877907,70819302.3,0.8,3600,607,0,,-2000,-39500000,19750,"2023-03-27T10:45:00.000Z",1679913900000,19750,19750,19750,0,100,0,,0.6,,Infinity,2000,2000,112600,,39500000,,39500000,
1104.7,-61800,-1209425000,561905000,1771330000,2335210000,21877907,70819302.3,1.2,3600,607,0.3,1500,-2900,-57205000,19800,"2023-03-27T10:50:00.000Z",1679914200000,19800,19700,19750,25.4,74.6,0,1.4,1.2,,2.9,4400,5900,118500,,116605000,29700000,86905000,
1104.7,-61300,-1199525000,573785000,1773310000,2349070000,21877907,70819302.3,-0.2,3600,607,6,600,500,9900000,19800,"2023-03-27T10:55:00.000Z",1679914500000,19800,19800,19800,85.7,14.3,0,0.5,0,,0.2,100,700,119200,,13860000,11880000,1980000,
1104.7,-64100,-1254825000,583660000,1838485000,2424120000,21877907,70819302.3,1.1,3600,607,0.2,500,-2800,-55300000,19750,"2023-03-27T11:05:00.000Z",1679915100000,19750,19750,19750,13.2,86.8,0,0.5,0.9,,6.6,3300,3800,123000,,75050000,9875000,65175000,
1104.7,-64500,-1262745000,591580000,1854325000,2447880000,21877907,70819302.3,0.2,3600,607,0.5,400,-400,-7920000,19800,"2023-03-27T11:10:00.000Z",1679915400000,19800,19800,19800,33.3,66.7,0,0.4,0.2,,2,800,1200,124200,,23760000,7920000,15840000,
1104.7,-68600,-1343715000,633060000,1976775000,2611810000,21877907,70819302.3,1.7,3600,607,0.3,2100,-4100,-80970000,19750,"2023-03-27T11:15:00.000Z",1679915700000,19800,19750,19750,25.3,74.7,0,1.9,1.7,,3,6200,8300,132500,,163930000,41480000,122450000,
1104.7,-68300,-1337790000,638985000,1976775000,2617735000,21877907,70819302.3,-0.1,3600,607,Infinity,300,300,5925000,19750,"2023-03-27T11:20:00.000Z",1679916000000,19750,19750,19750,100,0,0,0.3,,,0,,300,132800,,5925000,5925000,,
1104.7,-67200,-1316040000,660735000,1976775000,2639485000,21877907,70819302.3,-0.4,3600,607,Infinity,1100,1100,21750000,20000,"2023-03-27T11:25:00.000Z",1679916300000,20000,19750,19750,100,0,0,1,,,0,,1100,133900,,21750000,21750000,,
1104.7,-75300,-1475375000,712055000,2187430000,2901460000,21877907,70819302.3,3.3,3600,607,0.2,2600,-8100,-159335000,20000,"2023-03-27T13:00:00.000Z",1679922000000,20000,19650,19750,19.5,80.5,0,2.4,3,,4.1,10700,13300,147200,,261975000,51320000,210655000,
1104.7,-75200,-1473375000,714055000,2187430000,2903460000,21877907,70819302.3,0,3600,607,Infinity,100,100,2000000,20000,"2023-03-27T13:05:00.000Z",1679922300000,20000,20000,20000,100,0,0,0.1,,,0,,100,147300,,2000000,2000000,,
1104.7,-76200,-1493095000,719980000,2213075000,2935030000,21877907,70819302.3,0.4,3600,607,0.2,300,-1000,-19720000,19750,"2023-03-27T13:10:00.000Z",1679922600000,19750,19700,19750,18.8,81.3,0,0.3,0.4,,4.3,1300,1600,148900,,31570000,5925000,25645000,
1104.7,-76300,-1495065000,719980000,2215045000,2937000000,21877907,70819302.3,0,3600,607,0,,-100,-1970000,19700,"2023-03-27T13:15:00.000Z",1679922900000,19700,19700,19700,0,100,0,,0,,Infinity,100,100,149000,,1970000,,1970000,
1104.7,-78500,-1538425000,735820000,2274245000,3012040000,21877907,70819302.3,0.9,3600,607,0.3,800,-2200,-43360000,19800,"2023-03-27T13:20:00.000Z",1679923200000,19800,19700,19800,21.1,78.9,0,0.7,0.8,,3.8,3000,3800,152800,,75040000,15840000,59200000,
1104.7,-85800,-1682835000,737790000,2420625000,3160390000,21877907,70819302.3,3,3600,607,0,100,-7300,-144410000,19700,"2023-03-27T13:25:00.000Z",1679923500000,19800,19700,19800,1.3,98.7,0,0.1,2.1,,74,7400,7500,160300,,148350000,1970000,146380000,
1104.7,-89200,-1749815000,737790000,2487605000,3227370000,21877907,70819302.3,1.4,3600,607,0,,-3400,-66980000,19700,"2023-03-27T13:30:00.000Z",1679923800000,19700,19700,19700,0,100,0,,0.9,,Infinity,3400,3400,163700,,66980000,,66980000,
1104.7,-89200,-1749815000,747665000,2497480000,3247120000,21877907,70819302.3,0,3600,607,1,500,0,0,19750,"2023-03-27T13:35:00.000Z",1679924100000,19750,19750,19750,50,50,0,0.5,0.1,,1,500,1000,164700,,19750000,9875000,9875000,
1104.7,-89900,-1763640000,747665000,2511305000,3260945000,21877907,70819302.3,0.3,3600,607,0,,-700,-13825000,19750,"2023-03-27T13:40:00.000Z",1679924400000,19750,19750,19750,0,100,0,,0.2,,Infinity,700,700,165400,,13825000,,13825000,
1104.7,-90500,-1775455000,749640000,2525095000,3276710000,21877907,70819302.3,0.2,3600,607,0.1,100,-600,-11815000,19700,"2023-03-27T13:45:00.000Z",1679924700000,19750,19700,19750,12.5,87.5,0,0.1,0.2,,7,700,800,166200,,15765000,1975000,13790000,
1104.7,-92700,-1818695000,773280000,2591975000,3367230000,21877907,70819302.3,0.9,3600,607,0.4,1200,-2200,-43240000,19700,"2023-03-27T13:50:00.000Z",1679925000000,19700,19650,19700,26.1,73.9,0,1.1,0.9,,2.8,3400,4600,170800,,90520000,23640000,66880000,
1104.7,-92900,-1822635000,806770000,2629405000,3438150000,21877907,70819302.3,0.1,3600,607,0.9,1700,-200,-3940000,19700,"2023-03-27T13:55:00.000Z",1679925300000,19700,19700,19700,47.2,52.8,0,1.5,0.5,,1.1,1900,3600,174400,,70920000,33490000,37430000,
1104.7,-102000,-2000970000,838250000,2839220000,3679445000,21877907,70819302.3,3.6,3600,607,0.1,1600,-9100,-178335000,19600,"2023-03-27T14:00:00.000Z",1679925600000,19750,19600,19650,13,87,0,1.4,3,,6.7,10700,12300,186700,,241295000,31480000,209815000,
1104.7,-107800,-2114370000,851980000,2966350000,3820305000,21877907,70819302.3,2.3,3600,607,0.1,700,-5800,-113400000,19700,"2023-03-27T14:05:00.000Z",1679925900000,19700,19550,19600,9.7,90.3,0,0.6,1.8,,9.3,6500,7200,193900,,140860000,13730000,127130000,
1104.7,-106600,-2090730000,913050000,3003780000,3918805000,21877907,70819302.3,-0.5,3600,607,1.6,3100,1200,23640000,19700,"2023-03-27T14:10:00.000Z",1679926200000,19700,19700,19700,62,38,0,2.8,0.5,,0.6,1900,5000,198900,,98500000,61070000,37430000,
1104.7,-106500,-2088760000,915020000,3003780000,3920775000,21877907,70819302.3,0,3600,607,Infinity,100,100,1970000,19700,"2023-03-27T14:15:00.000Z",1679926500000,19700,19700,19700,100,0,0,0.1,,,0,,100,199000,,1970000,1970000,,
1104.7,-106700,-2092630000,940750000,3033380000,3976105000,21877907,70819302.3,0.1,3600,607,0.9,1300,-200,-3870000,19750,"2023-03-27T14:20:00.000Z",1679926800000,19800,19700,19750,46.4,53.6,0,1.2,0.4,,1.2,1500,2800,201800,,55330000,25730000,29600000,
1104.7,-107300,-2104480000,940750000,3045230000,3987955000,21877907,70819302.3,0.2,3600,607,0,,-600,-11850000,19750,"2023-03-27T14:25:00.000Z",1679927100000,19750,19750,19750,0,100,0,,0.2,,Infinity,600,600,202400,,11850000,,11850000,
1104.7,-107300,-2104480000,940750000,3045230000,4515755000,21877907,70819302.3,0,3600,607,NaN,,0,0,20300,"2023-03-27T14:45:00.000Z",1679928300000,20300,20300,20300,0,0,100,,,42.8,NaN,,26000,228400,26000,527800000,,,527800000
