"abu","acum_busd","acum_busd_val","acum_val_bu","acum_val_sd","acum_val","avg_val_bu","avg_val_sd","rbusd","asd","auk","bs","bu","bu-sd","bu-sd_val","c","date","datetime","h","l","o","pbu","psd","puk","rbu","rsd","ruk","sb","sd","sum_vol","total_vol","uk","val","val_bu","val_sd","val_uk"
470,-8300,-5252500,0,5252500,5252500,11502790,1840390,0.5,1270,0,0,,-8300,-5252500,25,"2023-01-09T09:16:00.000Z",1673255760000,25.4,25,25.4,0,100,0,,6.5,,Infinity,8300,8300,8300,,5252500,,5252500,
470,-8100,-5247300,5200,5252500,5257700,11502790,1840390,0,1270,0,Infinity,200,200,5200,26,"2023-01-09T09:58:00.000Z",1673258280000,26,26,26,100,0,0,0.4,,,0,,200,8500,,5200,5200,,
470,-8600,-5260300,5200,5265500,5270700,11502790,1840390,0,1270,0,0,,-500,-13000,26,"2023-01-09T10:04:00.000Z",1673258640000,26,26,26,0,100,0,,0.4,,Infinity,500,500,9000,,13000,,13000,
470,-7800,36478900,41765200,5286300,47051500,11502790,1840390,4.3,1270,0,2,1600,800,41739200,26,"2023-01-09T10:16:00.000Z",1673259360000,26.1,26,26.1,66.7,33.3,0,3.4,0.6,,0.5,800,2400,11400,,41780800,41760000,20800,
470,-5300,101728900,107015200,5286300,112301500,11502790,1840390,6.8,1270,0,Infinity,2500,2500,65250000,26.1,"2023-01-09T10:18:00.000Z",1673259480000,26.1,26.1,26.1,100,0,0,5.3,,,0,,2500,13900,,65250000,65250000,,
470,-5200,104338900,109625200,5286300,114911500,11502790,1840390,0.3,1270,0,Infinity,100,100,2610000,26.1,"2023-01-09T10:40:00.000Z",1673260800000,26.1,26.1,26.1,100,0,0,0.2,,,0,,100,14000,,2610000,2610000,,
470,-5300,101728900,109625200,7896300,117521500,11502790,1840390,0.3,1270,0,0,,-100,-2610000,26.1,"2023-01-09T10:52:00.000Z",1673261520000,26.1,26.1,26.1,0,100,0,,0.1,,Infinity,100,100,14100,,2610000,,2610000,
470,-5200,104408900,112305200,7896300,120201500,11502790,1840390,0.3,1270,0,Infinity,100,100,2680000,26.8,"2023-01-09T11:02:00.000Z",1673262120000,26.8,26.8,26.8,100,0,0,0.2,,,0,,100,14200,,2680000,2680000,,
470,-5000,107131600,115027900,7896300,122924200,11502790,1840390,0.3,1270,0,Infinity,200,200,2722700,27.2,"2023-01-09T13:12:00.000Z",1673269920000,27.2,27,27,100,0,0,0.4,,,0,,200,14400,,2722700,2722700,,
470,-8000,96624000,115027900,18403900,133431800,11502790,1840390,1.1,1270,0,0,,-3000,-10507600,26,"2023-01-09T14:16:00.000Z",1673273760000,26.1,26,26.1,0,100,0,,2.4,,Infinity,3000,3000,17400,,10507600,,10507600,
