"abu","acum_busd","acum_busd_val","acum_val_bu","acum_val_sd","acum_val","avg_val_bu","avg_val_sd","rbusd","asd","auk","bs","bu","bu-sd","bu-sd_val","c","date","datetime","h","l","o","pbu","psd","puk","rbu","rsd","ruk","sb","sd","sum_vol","total_vol","uk","val","val_bu","val_sd","val_uk"
262.5,100,360000,360000,0,360000,921250,3729375,0.1,1068.8,0,Infinity,100,100,360000,3.6,"2023-01-09T09:00:00.000Z",1673254800000,3.6,3.6,3.6,100,0,0,0.4,,,0,,100,100,,360000,360000,,
262.5,400,1440000,1440000,0,1440000,921250,3729375,0.4,1068.8,0,Infinity,300,300,1080000,3.6,"2023-01-09T09:52:00.000Z",1673257920000,3.6,3.6,3.6,100,0,0,1.1,,,0,,300,400,,1080000,1080000,,
262.5,100,390000,1440000,1050000,2490000,921250,3729375,0.4,1068.8,0,0,,-300,-1050000,3.5,"2023-01-09T09:56:00.000Z",1673258160000,3.5,3.5,3.5,0,100,0,,0.3,,Infinity,300,300,700,,1050000,,1050000,
262.5,-900,-3110000,1440000,4550000,5990000,921250,3729375,1.2,1068.8,0,0,,-1000,-3500000,3.5,"2023-01-09T10:00:00.000Z",1673258400000,3.5,3.5,3.5,0,100,0,,0.9,,Infinity,1000,1000,1700,,3500000,,3500000,
262.5,-700,-2410000,2140000,4550000,6690000,921250,3729375,0.2,1068.8,0,Infinity,200,200,700000,3.5,"2023-01-09T10:10:00.000Z",1673259000000,3.5,3.5,3.5,100,0,0,0.8,,,0,,200,1900,,700000,700000,,
262.5,800,2840000,7390000,4550000,11940000,921250,3729375,1.9,1068.8,0,Infinity,1500,1500,5250000,3.5,"2023-01-09T10:56:00.000Z",1673261760000,3.5,3.5,3.5,100,0,0,5.7,,,0,,1500,3400,,5250000,5250000,,
262.5,1300,4590000,9140000,4550000,13690000,921250,3729375,0.6,1068.8,0,Infinity,500,500,1750000,3.5,"2023-01-09T10:58:00.000Z",1673261880000,3.5,3.5,3.5,100,0,0,1.9,,,0,,500,3900,,1750000,1750000,,
262.5,2500,8790000,13340000,4550000,17890000,921250,3729375,1.5,1068.8,0,Infinity,1200,1200,4200000,3.5,"2023-01-09T11:00:00.000Z",1673262000000,3.5,3.5,3.5,100,0,0,4.6,,,0,,1200,5100,,4200000,4200000,,
262.5,2200,7770000,13340000,5570000,18910000,921250,3729375,0.4,1068.8,0,0,,-300,-1020000,3.4,"2023-01-09T13:00:00.000Z",1673269200000,3.4,3.4,3.4,0,100,0,,0.3,,Infinity,300,300,5400,,1020000,,1020000,
262.5,2300,8120000,13690000,5570000,19260000,921250,3729375,0.1,1068.8,0,Infinity,100,100,350000,3.5,"2023-01-09T13:22:00.000Z",1673270520000,3.5,3.5,3.5,100,0,0,0.4,,,0,,100,5500,,350000,350000,,
262.5,2600,9170000,14740000,5570000,20310000,921250,3729375,0.4,1068.8,0,Infinity,300,300,1050000,3.5,"2023-01-09T13:30:00.000Z",1673271000000,3.5,3.5,3.5,100,0,0,1.1,,,0,,300,5800,,1050000,1050000,,
262.5,1600,5670000,14740000,9070000,23810000,921250,3729375,1.2,1068.8,0,0,,-1000,-3500000,3.5,"2023-01-09T13:40:00.000Z",1673271600000,3.5,3.5,3.5,0,100,0,,0.9,,Infinity,1000,1000,6800,,3500000,,3500000,
262.5,-900,-3080000,14740000,17820000,32560000,921250,3729375,3.1,1068.8,0,0,,-2500,-8750000,3.5,"2023-01-09T14:12:00.000Z",1673273520000,3.5,3.5,3.5,0,100,0,,2.3,,Infinity,2500,2500,9300,,8750000,,8750000,
262.5,-5200,-18130000,14740000,32870000,47610000,921250,3729375,5.4,1068.8,0,0,,-4300,-15050000,3.5,"2023-01-09T14:14:00.000Z",1673273640000,3.5,3.5,3.5,0,100,0,,4,,Infinity,4300,4300,13600,,15050000,,15050000,
262.5,-11400,-39830000,14740000,54570000,69310000,921250,3729375,7.7,1068.8,0,0,,-6200,-21700000,3.5,"2023-01-09T14:20:00.000Z",1673274000000,3.5,3.5,3.5,0,100,0,,5.8,,Infinity,6200,6200,19800,,21700000,,21700000,
262.5,-12900,-44930000,14740000,59670000,74410000,921250,3729375,1.8,1068.8,0,0,,-1500,-5100000,3.4,"2023-01-09T14:40:00.000Z",1673275200000,3.4,3.4,3.4,0,100,0,,1.4,,Infinity,1500,1500,21300,,5100000,,5100000,
