"abu","acum_busd","acum_busd_val","acum_val_bu","acum_val_sd","acum_val","avg_val_bu","avg_val_sd","rbusd","asd","auk","bs","bu","bu-sd","bu-sd_val","c","date","datetime","h","l","o","pbu","psd","puk","rbu","rsd","ruk","sb","sd","sum_vol","total_vol","uk","val","val_bu","val_sd","val_uk"
5543.5,-21200,-508010000,201960000,709970000,911930000,132170543.5,453100217.4,1.6,18991.3,2023.9,0.3,8300,-21200,-508010000,24450,"2023-03-14T09:15:00.000Z",1678785300000,24450,24050,24050,22,78,0,1.5,1.6,,3.6,29500,37800,37800,,911930000,201960000,709970000,
5543.5,-24000,-576180000,424765000,1000945000,1425710000,132170543.5,453100217.4,0.2,18991.3,2023.9,0.8,9100,-2800,-68170000,24450,"2023-03-14T09:20:00.000Z",1678785600000,24500,24450,24450,43.3,56.7,0,1.6,0.6,,1.3,11900,21000,58800,,513780000,222805000,290975000,
5543.5,-39400,-952205000,556715000,1508920000,2065635000,132170543.5,453100217.4,1.2,18991.3,2023.9,0.3,5400,-15400,-376025000,24350,"2023-03-14T09:25:00.000Z",1678785900000,24450,24350,24450,20.6,79.4,0,1,1.1,,3.9,20800,26200,85000,,639925000,131950000,507975000,
5543.5,-35800,-864420000,678660000,1543080000,2221740000,132170543.5,453100217.4,-0.3,18991.3,2023.9,3.6,5000,3600,87785000,24400,"2023-03-14T09:30:00.000Z",1678786200000,24400,24350,24350,78.1,21.9,0,0.9,0.1,,0.3,1400,6400,91400,,156105000,121945000,34160000,
5543.5,-41300,-998655000,866170000,1864825000,2730995000,132170543.5,453100217.4,0.4,18991.3,2023.9,0.6,7700,-5500,-134235000,24350,"2023-03-14T09:35:00.000Z",1678786500000,24400,24300,24400,36.8,63.2,0,1.4,0.7,,1.7,13200,20900,112300,,509255000,187510000,321745000,
5543.5,-86000,-2084690000,951395000,3036085000,3987480000,132170543.5,453100217.4,3.4,18991.3,2023.9,0.1,3500,-44700,-1086035000,24300,"2023-03-14T09:40:00.000Z",1678786800000,24350,24300,24350,6.8,93.2,0,0.6,2.5,,13.8,48200,51700,164000,,1256485000,85225000,1171260000,
5543.5,-82900,-2009360000,1026725000,3036085000,4062810000,132170543.5,453100217.4,-0.2,18991.3,2023.9,Infinity,3100,3100,75330000,24300,"2023-03-14T09:45:00.000Z",1678787100000,24300,24300,24300,100,0,0,0.6,,,0,,3100,167100,,75330000,75330000,,
5543.5,-77200,-1870850000,1165235000,3036085000,4201320000,132170543.5,453100217.4,-0.4,18991.3,2023.9,Infinity,5700,5700,138510000,24300,"2023-03-14T09:50:00.000Z",1678787400000,24300,24300,24300,100,0,0,1,,,0,,5700,172800,,138510000,138510000,,
5543.5,-81700,-1979970000,1174940000,3154910000,4329850000,132170543.5,453100217.4,0.3,18991.3,2023.9,0.1,400,-4500,-109120000,24250,"2023-03-14T09:55:00.000Z",1678787700000,24300,24250,24300,7.5,92.5,0,0.1,0.3,,12.3,4900,5300,178100,,128530000,9705000,118825000,
5543.5,-83800,-2030890000,1177370000,3208260000,4385630000,132170543.5,453100217.4,0.2,18991.3,2023.9,0,100,-2100,-50920000,24250,"2023-03-14T10:00:00.000Z",1678788000000,24300,24250,24300,4.3,95.7,0,0,0.1,,22,2200,2300,180400,,55780000,2430000,53350000,
5543.5,-91300,-2212380000,1177370000,3389750000,4567120000,132170543.5,453100217.4,0.6,18991.3,2023.9,0,,-7500,-181490000,24150,"2023-03-14T10:05:00.000Z",1678788300000,24200,24150,24200,0,100,0,,0.4,,Infinity,7500,7500,187900,,181490000,,181490000,
5543.5,-157700,-3815240000,1179795000,4995035000,6174830000,132170543.5,453100217.4,5,18991.3,2023.9,0,100,-66400,-1602860000,24100,"2023-03-14T10:10:00.000Z",1678788600000,24250,24100,24250,0.2,99.8,0,0,3.5,,665,66500,66600,254500,,1607710000,2425000,1605285000,
5543.5,-159000,-3846510000,1208775000,5055285000,6264060000,132170543.5,453100217.4,0.1,18991.3,2023.9,0.5,1200,-1300,-31270000,24150,"2023-03-14T10:15:00.000Z",1678788900000,24150,24100,24100,32.4,67.6,0,0.2,0.1,,2.1,2500,3700,258200,,89230000,28980000,60250000,
5543.5,-159500,-3858550000,1213605000,5072155000,6285760000,132170543.5,453100217.4,0,18991.3,2023.9,0.3,200,-500,-12040000,24150,"2023-03-14T10:20:00.000Z",1678789200000,24150,24100,24100,22.2,77.8,0,0,0,,3.5,700,900,259100,,21700000,4830000,16870000,
5543.5,-176200,-4260990000,1230505000,5491495000,6767790000,132170543.5,453100217.4,1.3,18991.3,2023.9,0,700,-16700,-402440000,24150,"2023-03-14T10:25:00.000Z",1678789500000,24150,24100,24100,3.5,87,9.5,0.1,0.9,0.9,24.9,17400,20000,279100,1900,482030000,16900000,419340000,45790000
5543.5,-172500,-4171635000,1319860000,5491495000,6857145000,132170543.5,453100217.4,-0.3,18991.3,2023.9,Infinity,3700,3700,89355000,24150,"2023-03-14T10:30:00.000Z",1678789800000,24150,24150,24150,100,0,0,0.7,,,0,,3700,282800,,89355000,89355000,,
5543.5,-179700,-4345025000,1462180000,5807205000,7315175000,132170543.5,453100217.4,0.5,18991.3,2023.9,0.5,5900,-7200,-173390000,24100,"2023-03-14T10:35:00.000Z",1678790100000,24150,24100,24150,31.1,68.9,0,1.1,0.7,,2.2,13100,19000,301800,,458030000,142320000,315710000,
5543.5,-183600,-4438665000,1536890000,5975555000,7558235000,132170543.5,453100217.4,0.3,18991.3,2023.9,0.4,3100,-3900,-93640000,24050,"2023-03-14T10:40:00.000Z",1678790400000,24100,24050,24100,30.7,69.3,0,0.6,0.4,,2.3,7000,10100,311900,,243060000,74710000,168350000,
5543.5,-257500,-6215430000,1541705000,7757135000,9344630000,132170543.5,453100217.4,5.5,18991.3,2023.9,0,200,-73900,-1776765000,24000,"2023-03-14T10:45:00.000Z",1678790700000,24100,24000,24050,0.3,99.7,0,0,3.9,,370.5,74100,74300,386200,,1786395000,4815000,1781580000,
5543.5,-310400,-7484845000,1599375000,9084220000,10762985000,132170543.5,453100217.4,4,18991.3,2023.9,0,2400,-52900,-1269415000,24000,"2023-03-14T10:50:00.000Z",1678791000000,24050,23950,24050,4.1,93.6,2.4,0.4,2.9,0.7,23,55300,59100,445300,1400,1418355000,57670000,1327085000,33600000
5543.5,-330300,-7960600000,1721310000,9681910000,11482610000,132170543.5,453100217.4,1.5,18991.3,2023.9,0.2,5100,-19900,-475755000,23850,"2023-03-14T10:55:00.000Z",1678791300000,23950,23850,23950,16.9,83.1,0,0.9,1.3,,4.9,25000,30100,475400,,719625000,121935000,597690000,
5543.5,-330800,-7972270000,1843200000,9815470000,11738060000,132170543.5,453100217.4,0,18991.3,2023.9,0.9,5100,-500,-11670000,23850,"2023-03-14T11:00:00.000Z",1678791600000,23900,23850,23900,47.7,52.3,0,0.9,0.3,,1.1,5600,10700,486100,,255450000,121890000,133560000,
5543.5,-344800,-8305820000,1855125000,10160945000,12107385000,132170543.5,453100217.4,1,18991.3,2023.9,0,500,-14000,-333550000,23850,"2023-03-14T11:05:00.000Z",1678791900000,23850,23800,23850,3.2,93.5,3.2,0.1,0.8,0.2,29,14500,15500,501600,500,369325000,11925000,345475000,11925000
5543.5,-372700,-8969970000,1895425000,10865395000,12852135000,132170543.5,453100217.4,2.1,18991.3,2023.9,0.1,1700,-27900,-664150000,23650,"2023-03-14T11:10:00.000Z",1678792200000,23850,23650,23850,5.4,94.6,0,0.3,1.6,,17.4,29600,31300,532900,,744750000,40300000,704450000,
5543.5,-386500,-9294495000,2148260000,11442755000,13717655000,132170543.5,453100217.4,1,18991.3,2023.9,0.4,10700,-13800,-324525000,23550,"2023-03-14T11:15:00.000Z",1678792500000,23650,23500,23650,29.2,66.8,4.1,1.9,1.3,0.7,2.3,24500,36700,569600,1500,865520000,252835000,577360000,35325000
5543.5,-385500,-9270525000,2400730000,11671255000,14198625000,132170543.5,453100217.4,-0.1,18991.3,2023.9,1.1,10700,1000,23970000,23600,"2023-03-14T11:20:00.000Z",1678792800000,23600,23550,23550,52.5,47.5,0,1.9,0.5,,0.9,9700,20400,590000,,480970000,252470000,228500000,
5543.5,-372000,-8950015000,2837450000,11787465000,14751555000,132170543.5,453100217.4,-1,18991.3,2023.9,3.8,18400,13500,320510000,23800,"2023-03-14T11:25:00.000Z",1678793100000,23800,23700,23700,79,21,0,3.3,0.3,,0.3,4900,23300,613300,,552930000,436720000,116210000,
5543.5,-403800,-9701010000,2903815000,12604825000,15635280000,132170543.5,453100217.4,2.3,18991.3,2023.9,0.1,2800,-31800,-750995000,23550,"2023-03-14T13:00:00.000Z",1678798800000,23800,23550,23700,7.5,92.5,0,0.5,1.8,,12.4,34600,37400,650700,,883725000,66365000,817360000,
5543.5,-398200,-9568315000,3104940000,12673255000,15904835000,132170543.5,453100217.4,-0.4,18991.3,2023.9,2.9,8500,5600,132695000,23700,"2023-03-14T13:05:00.000Z",1678799100000,23700,23550,23550,74.6,25.4,0,1.5,0.2,,0.3,2900,11400,662100,,269555000,201125000,68430000,
5543.5,-403500,-9693230000,3382085000,13075315000,16584040000,132170543.5,453100217.4,0.4,18991.3,2023.9,0.7,11700,-5300,-124915000,23650,"2023-03-14T13:10:00.000Z",1678799400000,23700,23650,23700,40.8,59.2,0,2.1,0.9,,1.5,17000,28700,690800,,679205000,277145000,402060000,
5543.5,-507300,-12137065000,3391515000,15528580000,19063255000,132170543.5,453100217.4,7.6,18991.3,2023.9,0,400,-103800,-2443835000,23600,"2023-03-14T13:15:00.000Z",1678799700000,23600,23500,23600,0.4,99,0.7,0.1,5.5,0.3,260.5,104200,105300,796100,700,2479215000,9430000,2453265000,16520000
5543.5,-513400,-12280825000,3544985000,15825810000,19513955000,132170543.5,453100217.4,0.4,18991.3,2023.9,0.5,6500,-6100,-143760000,23700,"2023-03-14T13:20:00.000Z",1678800000000,23700,23550,23600,34,66,0,1.2,0.7,,1.9,12600,19100,815200,,450700000,153470000,297230000,
5543.5,-533700,-12760350000,3684385000,16444735000,20272280000,132170543.5,453100217.4,1.5,18991.3,2023.9,0.2,5900,-20300,-479525000,23600,"2023-03-14T13:25:00.000Z",1678800300000,23700,23550,23700,18.4,81.6,0,1.1,1.4,,4.4,26200,32100,847300,,758325000,139400000,618925000,
5543.5,-558800,-13351410000,3705625000,17057035000,20905820000,132170543.5,453100217.4,1.8,18991.3,2023.9,0,900,-25100,-591060000,23550,"2023-03-14T13:30:00.000Z",1678800600000,23600,23550,23550,3.3,96.7,0,0.2,1.4,,28.9,26000,26900,874200,,633540000,21240000,612300000,
5543.5,-565200,-13502025000,3859195000,17361220000,21363575000,132170543.5,453100217.4,0.5,18991.3,2023.9,0.5,6500,-6400,-150615000,23600,"2023-03-14T13:35:00.000Z",1678800900000,23650,23550,23550,33.5,66.5,0,1.2,0.7,,2,12900,19400,893600,,457755000,153570000,304185000,
5543.5,-585200,-13973855000,3939605000,17913460000,21996225000,132170543.5,453100217.4,1.5,18991.3,2023.9,0.1,3400,-20000,-471830000,23600,"2023-03-14T13:40:00.000Z",1678801200000,23650,23600,23600,12.7,87.3,0,0.6,1.2,,6.9,23400,26800,920400,,632650000,80410000,552240000,
5543.5,-576800,-13775180000,4190310000,17965490000,22301325000,132170543.5,453100217.4,-0.6,18991.3,2023.9,4.8,10600,8400,198675000,23650,"2023-03-14T13:45:00.000Z",1678801500000,23700,23650,23650,82.2,17.1,0.8,1.9,0.1,0,0.2,2200,12900,933300,100,305100000,250705000,52030000,2365000
5543.5,-578800,-13822480000,4190310000,18012790000,22348625000,132170543.5,453100217.4,0.1,18991.3,2023.9,0,,-2000,-47300000,23650,"2023-03-14T13:50:00.000Z",1678801800000,23650,23650,23650,0,100,0,,0.1,,Infinity,2000,2000,935300,,47300000,,47300000,
5543.5,-584100,-13947360000,4441590000,18388950000,22976065000,132170543.5,453100217.4,0.4,18991.3,2023.9,0.7,10600,-5300,-124880000,23700,"2023-03-14T13:55:00.000Z",1678802100000,23800,23650,23650,40,60,0,1.9,0.8,,1.5,15900,26500,961800,,627440000,251280000,376160000,
5543.5,-578100,-13804995000,4636070000,18441065000,23222660000,132170543.5,453100217.4,-0.4,18991.3,2023.9,3.7,8200,6000,142365000,23800,"2023-03-14T14:00:00.000Z",1678802400000,23800,23650,23700,78.8,21.2,0,1.5,0.1,,0.3,2200,10400,972200,,246595000,194480000,52115000,
5543.5,-592000,-14133905000,4926980000,19060885000,24133390000,132170543.5,453100217.4,1,18991.3,2023.9,0.5,12300,-13900,-328910000,23650,"2023-03-14T14:05:00.000Z",1678802700000,23750,23600,23750,31.9,68.1,0,2.2,1.4,,2.1,26200,38500,1010700,,910730000,290910000,619820000,
5543.5,-611600,-14598175000,5230495000,19828670000,25204690000,132170543.5,453100217.4,1.4,18991.3,2023.9,0.4,12800,-19600,-464270000,23650,"2023-03-14T14:10:00.000Z",1678803000000,23750,23650,23650,28.3,71.7,0,2.3,1.7,,2.5,32400,45200,1055900,,1071300000,303515000,767785000,
5543.5,-628000,-14985810000,5545045000,20530855000,26221425000,132170543.5,453100217.4,1.2,18991.3,2023.9,0.4,13300,-16400,-387635000,23650,"2023-03-14T14:15:00.000Z",1678803300000,23700,23600,23650,30.9,69.1,0,2.4,1.6,,2.2,29700,43000,1098900,,1016735000,314550000,702185000,
5543.5,-619500,-14784445000,5888025000,20672470000,26706020000,132170543.5,453100217.4,-0.6,18991.3,2023.9,2.4,14500,8500,201365000,23650,"2023-03-14T14:20:00.000Z",1678803600000,23700,23600,23650,70.7,29.3,0,2.6,0.3,,0.4,6000,20500,1119400,,484595000,342980000,141615000,
5543.5,-618600,-14762765000,6079845000,20842610000,27150755000,132170543.5,453100217.4,-0.1,18991.3,2023.9,1.1,8100,900,21680000,23600,"2023-03-14T14:25:00.000Z",1678803900000,23700,23600,23650,43.1,38.3,18.6,1.5,0.4,1.7,0.9,7200,18800,1138200,3500,444735000,191820000,170140000,82775000
5543.5,-618600,-14762765000,6079845000,20842610000,29146405000,132170543.5,453100217.4,0,18991.3,2023.9,NaN,,0,0,23900,"2023-03-14T14:45:00.000Z",1678805100000,23900,23900,23900,0,0,100,,,41.3,NaN,,83500,1221700,83500,1995650000,,,1995650000
