"abu","acum_busd","acum_busd_val","acum_val_bu","acum_val_sd","acum_val","avg_val_bu","avg_val_sd","rbusd","asd","auk","bs","bu","bu-sd","bu-sd_val","c","date","datetime","h","l","o","pbu","psd","puk","rbu","rsd","ruk","sb","sd","sum_vol","total_vol","uk","val","val_bu","val_sd","val_uk"
13382,5800,73330000,104580000,31250000,135830000,165807600,297851800,-0.6,24134,3414,3.3,8300,5800,73330000,12600,"2023-03-14T09:00:00.000Z",1678784400000,12600,12500,12500,76.9,23.1,0,0.6,0.1,,0.3,2500,10800,10800,,135830000,104580000,31250000,
13382,4600,58210000,104580000,46370000,150950000,165807600,297851800,0.1,24134,3414,0,,-1200,-15120000,12600,"2023-03-14T09:05:00.000Z",1678784700000,12600,12600,12600,0,100,0,,0,,Infinity,1200,1200,12000,,15120000,,15120000,
13382,-13900,-174590000,205680000,380270000,585950000,165807600,297851800,1.8,24134,3414,0.3,8000,-18500,-232800000,12600,"2023-03-14T09:10:00.000Z",1678785000000,12700,12600,12600,23.2,76.8,0,0.6,1.1,,3.3,26500,34500,46500,,435000000,101100000,333900000,
13382,-7200,-90170000,365700000,455870000,821570000,165807600,297851800,-0.6,24134,3414,2.1,12700,6700,84420000,12600,"2023-03-14T09:15:00.000Z",1678785300000,12600,12600,12600,67.9,32.1,0,0.9,0.2,,0.5,6000,18700,65200,,235620000,160020000,75600000,
13382,-18000,-226230000,368240000,594470000,962710000,165807600,297851800,1,24134,3414,0,200,-10800,-136060000,12600,"2023-03-14T09:20:00.000Z",1678785600000,12700,12600,12700,1.8,98.2,0,0,0.5,,55,11000,11200,76400,,141140000,2540000,138600000,
13382,-25400,-319010000,451860000,770870000,1222730000,165807600,297851800,0.7,24134,3414,0.5,6600,-7400,-92780000,12700,"2023-03-14T09:25:00.000Z",1678785900000,12700,12600,12600,32,68,0,0.5,0.6,,2.1,14000,20600,97000,,260020000,83620000,176400000,
13382,-35500,-446050000,498700000,944750000,1443450000,165807600,297851800,1,24134,3414,0.3,3700,-10100,-127040000,12600,"2023-03-14T09:30:00.000Z",1678786200000,12700,12600,12700,21.1,78.9,0,0.3,0.6,,3.7,13800,17500,114500,,220720000,46840000,173880000,
13382,-38600,-484920000,617140000,1102060000,1719200000,165807600,297851800,0.3,24134,3414,0.8,9400,-3100,-38870000,12600,"2023-03-14T09:35:00.000Z",1678786500000,12600,12500,12600,42.9,57.1,0,0.7,0.5,,1.3,12500,21900,136400,,275750000,118440000,157310000,
13382,-39000,-489960000,617140000,1107100000,1724240000,165807600,297851800,0,24134,3414,0,,-400,-5040000,12600,"2023-03-14T09:40:00.000Z",1678786800000,12600,12600,12600,0,100,0,,0,,Infinity,400,400,136800,,5040000,,5040000,
13382,-44400,-557500000,680640000,1238140000,1918780000,165807600,297851800,0.5,24134,3414,0.5,5000,-5400,-67540000,12700,"2023-03-14T09:45:00.000Z",1678787100000,12700,12600,12600,32.5,67.5,0,0.4,0.4,,2.1,10400,15400,152200,,194540000,63500000,131040000,
13382,-29600,-369510000,872410000,1241920000,2114330000,165807600,297851800,-1.4,24134,3414,50.3,15100,14800,187990000,12700,"2023-03-14T09:50:00.000Z",1678787400000,12700,12600,12700,98.1,1.9,0,1.1,0,,0,300,15400,167600,,195550000,191770000,3780000,
13382,-1200,-8730000,1245790000,1254520000,2500310000,165807600,297851800,-2.7,24134,3414,29.4,29400,28400,360780000,12600,"2023-03-14T09:55:00.000Z",1678787700000,12700,12600,12700,96.7,3.3,0,2.2,0,,0,1000,30400,198000,,385980000,373380000,12600000,
13382,-43800,-545490000,1400770000,1946260000,3347030000,165807600,297851800,4.1,24134,3414,0.2,12300,-42600,-536760000,12600,"2023-03-14T10:00:00.000Z",1678788000000,12600,12600,12600,18.3,81.7,0,0.9,2.3,,4.5,54900,67200,265200,,846720000,154980000,691740000,
13382,-36500,-453400000,1512910000,1966310000,3493080000,165807600,297851800,-0.7,24134,3414,5.6,8900,7300,92090000,12600,"2023-03-14T10:05:00.000Z",1678788300000,12600,12500,12600,76.7,13.8,9.5,0.7,0.1,0.3,0.2,1600,11600,276800,1100,146050000,112140000,20050000,13860000
13382,-45800,-570580000,1519210000,2089790000,3630420000,165807600,297851800,0.9,24134,3414,0.1,500,-9300,-117180000,12600,"2023-03-14T10:10:00.000Z",1678788600000,12600,12600,12600,4.6,89.9,5.5,0,0.4,0.2,19.6,9800,10900,287700,600,137340000,6300000,123480000,7560000
13382,-29600,-366460000,1922410000,2288870000,4232700000,165807600,297851800,-1.5,24134,3414,2,32000,16200,204120000,12600,"2023-03-14T10:15:00.000Z",1678788900000,12600,12600,12600,66.9,33.1,0,2.4,0.7,,0.5,15800,47800,335500,,602280000,403200000,199080000,
13382,-35100,-435760000,1922410000,2358170000,4302000000,165807600,297851800,0.5,24134,3414,0,,-5500,-69300000,12600,"2023-03-14T10:20:00.000Z",1678789200000,12600,12600,12600,0,100,0,,0.2,,Infinity,5500,5500,341000,,69300000,,69300000,
13382,-26200,-322220000,2100210000,2422430000,4544060000,165807600,297851800,-0.9,24134,3414,2.7,14000,8900,113540000,12700,"2023-03-14T10:25:00.000Z",1678789500000,12700,12600,12600,73.3,26.7,0,1,0.2,,0.4,5100,19100,360100,,242060000,177800000,64260000,
13382,-20900,-254910000,2167520000,2422430000,4611370000,165807600,297851800,-0.5,24134,3414,Infinity,5300,5300,67310000,12700,"2023-03-14T10:30:00.000Z",1678789800000,12700,12700,12700,100,0,0,0.4,,,0,,5300,365400,,67310000,67310000,,
13382,-19700,-239660000,2184030000,2423690000,4629140000,165807600,297851800,-0.1,24134,3414,13,1300,1200,15250000,12600,"2023-03-14T10:35:00.000Z",1678790100000,12700,12600,12700,92.9,7.1,0,0.1,0,,0.1,100,1400,366800,,17770000,16510000,1260000,
13382,-80000,-999440000,2184030000,3183470000,5388920000,165807600,297851800,5.8,24134,3414,0,,-60300,-759780000,12600,"2023-03-14T10:40:00.000Z",1678790400000,12600,12600,12600,0,100,0,,2.5,,Infinity,60300,60300,427100,,759780000,,759780000,
13382,-93200,-1164760000,2219310000,3384070000,5624800000,165807600,297851800,1.3,24134,3414,0.2,2800,-13200,-165320000,12600,"2023-03-14T10:45:00.000Z",1678790700000,12600,12500,12600,14.9,85.1,0,0.2,0.7,,5.7,16000,18800,445900,,235880000,35280000,200600000,
13382,-94700,-1183450000,2226870000,3410320000,5658610000,165807600,297851800,0.1,24134,3414,0.3,600,-1500,-18690000,12500,"2023-03-14T10:50:00.000Z",1678791000000,12600,12500,12600,22.2,77.8,0,0,0.1,,3.5,2100,2700,448600,,33810000,7560000,26250000,
13382,-111900,-1398440000,2228130000,3626570000,5876120000,165807600,297851800,1.6,24134,3414,0,100,-17200,-214990000,12500,"2023-03-14T10:55:00.000Z",1678791300000,12600,12500,12500,0.6,99.4,0,0,0.7,,173,17300,17400,466000,,217510000,1260000,216250000,
13382,-199300,-2490940000,2319380000,4810320000,7151120000,165807600,297851800,8.3,24134,3414,0.1,7300,-87400,-1092500000,12500,"2023-03-14T11:00:00.000Z",1678791600000,12500,12500,12500,7.2,92.8,0,0.5,3.9,,13,94700,102000,568000,,1275000000,91250000,1183750000,
13382,-178800,-2234100000,2649380000,4883480000,7554280000,165807600,297851800,-1.9,24134,3414,4.5,26400,20500,256840000,12400,"2023-03-14T11:05:00.000Z",1678791900000,12500,12400,12500,81.7,18.3,0,2,0.2,,0.2,5900,32300,600300,,403160000,330000000,73160000,
13382,-209000,-2606080000,2961880000,5567960000,8551260000,165807600,297851800,2.8,24134,3414,0.5,25000,-30200,-371980000,12400,"2023-03-14T11:10:00.000Z",1678792200000,12500,12400,12500,31.2,68.8,0,1.9,2.3,,2.2,55200,80200,680500,,996980000,312500000,684480000,
13382,-438200,-5408520000,3240840000,8649360000,11911620000,165807600,297851800,21.2,24134,3414,0.1,22800,-229200,-2802440000,12200,"2023-03-14T11:15:00.000Z",1678792500000,12400,12100,12400,8.3,91.7,0,1.7,10.4,,11.1,252000,274800,955300,,3360360000,278960000,3081400000,
13382,-451000,-5562330000,3529890000,9092220000,12643530000,165807600,297851800,1.2,24134,3414,0.6,23500,-12800,-153810000,12300,"2023-03-14T11:20:00.000Z",1678792800000,12300,12200,12200,39.3,60.7,0,1.8,1.5,,1.5,36300,59800,1015100,,731910000,289050000,442860000,
13382,-405500,-5001710000,4168000000,9169710000,13359130000,165807600,297851800,-4.2,24134,3414,8.2,51800,45500,560620000,12400,"2023-03-14T11:25:00.000Z",1678793100000,12400,12300,12300,89.2,10.8,0,3.9,0.3,,0.1,6300,58100,1073200,,715600000,638110000,77490000,
13382,-399400,-4924730000,4530340000,9455070000,14006830000,165807600,297851800,-0.6,24134,3414,1.3,29300,6100,76980000,12300,"2023-03-14T13:00:00.000Z",1678798800000,12400,12300,12300,55.8,44.2,0,2.2,1,,0.8,23200,52500,1125700,,647700000,362340000,285360000,
13382,-396600,-4890290000,4652110000,9542400000,14220850000,165807600,297851800,-0.3,24134,3414,1.4,9900,2800,34440000,12300,"2023-03-14T13:05:00.000Z",1678799100000,12300,12300,12300,56.9,40.8,2.3,0.7,0.3,0.1,0.7,7100,17400,1143100,400,214020000,121770000,87330000,4920000
13382,-405900,-5004070000,4743740000,9747810000,14517890000,165807600,297851800,0.9,24134,3414,0.4,7400,-9300,-113780000,12300,"2023-03-14T13:10:00.000Z",1678799400000,12400,12300,12300,30.7,69.3,0,0.6,0.7,,2.3,16700,24100,1167200,,297040000,91630000,205410000,
13382,-489400,-6022650000,4771920000,10794570000,15592830000,165807600,297851800,7.7,24134,3414,0,2300,-83500,-1018580000,12200,"2023-03-14T13:15:00.000Z",1678799700000,12300,12200,12300,2.6,97.4,0,0.2,3.6,,37.3,85800,88100,1255300,,1074940000,28180000,1046760000,
13382,-493400,-6070060000,4942890000,11012950000,15982180000,165807600,297851800,0.4,24134,3414,0.8,13900,-4000,-47410000,12300,"2023-03-14T13:20:00.000Z",1678800000000,12300,12200,12300,43.7,56.3,0,1,0.7,,1.3,17900,31800,1287100,,389350000,170970000,218380000,
13382,-463800,-5705770000,5354950000,11060720000,16480140000,165807600,297851800,-2.8,24134,3414,8.6,33500,29600,364290000,12300,"2023-03-14T13:25:00.000Z",1678800300000,12400,12200,12300,82.7,9.6,7.7,2.5,0.2,0.9,0.1,3900,40500,1327600,3100,497960000,412060000,47770000,38130000
13382,-473300,-5821700000,5362380000,11184080000,16610930000,165807600,297851800,0.9,24134,3414,0.1,600,-9500,-115930000,12200,"2023-03-14T13:30:00.000Z",1678800600000,12400,12200,12400,5.6,94.4,0,0,0.4,,16.8,10100,10700,1338300,,130790000,7430000,123360000,
13382,-479800,-5900880000,5377140000,11278020000,16719630000,165807600,297851800,0.6,24134,3414,0.2,1200,-6500,-79180000,12200,"2023-03-14T13:35:00.000Z",1678800900000,12300,12200,12200,13.5,86.5,0,0.1,0.3,,6.4,7700,8900,1347200,,108700000,14760000,93940000,
13382,-512500,-6299630000,5899450000,12199080000,18163000000,165807600,297851800,3,24134,3414,0.6,42800,-32700,-398750000,12300,"2023-03-14T13:40:00.000Z",1678801200000,12300,12100,12200,36.2,63.8,0,3.2,3.1,,1.8,75500,118300,1465500,,1443370000,522310000,921060000,
13382,-510000,-6267820000,6060580000,12328400000,18453450000,165807600,297851800,-0.2,24134,3414,1.2,13100,2500,31810000,12300,"2023-03-14T13:45:00.000Z",1678801500000,12300,12200,12300,55.3,44.7,0,1,0.4,,0.8,10600,23700,1489200,,290450000,161130000,129320000,
13382,-511900,-6290520000,6119620000,12410140000,18594230000,165807600,297851800,0.2,24134,3414,0.7,4800,-1900,-22700000,12300,"2023-03-14T13:50:00.000Z",1678801800000,12300,12200,12300,41.7,58.3,0,0.4,0.3,,1.4,6700,11500,1500700,,140780000,59040000,81740000,
13382,-467300,-5741840000,6723650000,12465490000,19253610000,165807600,297851800,-4.2,24134,3414,10.9,49100,44600,548680000,12300,"2023-03-14T13:55:00.000Z",1678802100000,12400,12300,12300,91.6,8.4,0,3.7,0.2,,0.1,4500,53600,1554300,,659380000,604030000,55350000,
13382,-480600,-5905390000,6728610000,12634000000,19427080000,165807600,297851800,1.2,24134,3414,0,400,-13300,-163550000,12300,"2023-03-14T14:00:00.000Z",1678802400000,12400,12300,12300,2.8,97.2,0,0,0.6,,34.3,13700,14100,1568400,,173470000,4960000,168510000,
13382,-583700,-7166230000,6925060000,14091290000,21080820000,165807600,297851800,9.5,24134,3414,0.1,16000,-103100,-1260840000,12200,"2023-03-14T14:05:00.000Z",1678802700000,12400,12200,12400,11.8,88.2,0,1.2,4.9,,7.4,119100,135100,1703500,,1653740000,196450000,1457290000,
13382,-554000,-6803720000,7308140000,14111860000,21484470000,165807600,297851800,-2.7,24134,3414,18.5,31400,29700,362510000,12100,"2023-03-14T14:10:00.000Z",1678803000000,12200,12100,12200,94.9,5.1,0,2.3,0.1,,0.1,1700,33100,1736600,,403650000,383080000,20570000,
13382,-497500,-6114360000,8123100000,14237460000,22425030000,165807600,297851800,-5.2,24134,3414,6.5,66800,56500,689360000,12200,"2023-03-14T14:15:00.000Z",1678803300000,12200,12100,12100,86.6,13.4,0,5,0.4,,0.2,10300,77100,1813700,,940560000,814960000,125600000,
13382,-505100,-6205840000,8275620000,14481460000,22821550000,165807600,297851800,0.7,24134,3414,0.6,12400,-7600,-91480000,12300,"2023-03-14T14:20:00.000Z",1678803600000,12300,12200,12200,38.3,61.7,0,0.9,0.8,,1.6,20000,32400,1846100,,396520000,152520000,244000000,
13382,-537500,-6601000000,8290380000,14891380000,23246230000,165807600,297851800,3,24134,3414,0,1200,-32400,-395160000,12200,"2023-03-14T14:25:00.000Z",1678803900000,12300,12200,12200,3.4,96.6,0,0.1,1.4,,28,33600,34800,1880900,,424680000,14760000,409920000,
13382,-537500,-6601000000,8290380000,14891380000,25248780000,165807600,297851800,0,24134,3414,NaN,,0,0,12100,"2023-03-14T14:45:00.000Z",1678805100000,12100,12100,12100,0,0,100,,,48.5,NaN,,165500,2046400,165500,2002550000,,,2002550000
13382,-537600,-6602210000,8290380000,14892590000,25249990000,165807600,297851800,0,24134,3414,0,,-100,-1210000,12100,"2023-03-14T14:55:00.000Z",1678805700000,12100,12100,12100,0,100,0,,0,,Infinity,100,100,2046500,,1210000,,1210000,
