"abu","acum_busd","acum_busd_val","acum_val_bu","acum_val_sd","acum_val","avg_val_bu","avg_val_sd","rbusd","asd","auk","bs","bu","bu-sd","bu-sd_val","c","date","datetime","h","l","o","pbu","psd","puk","rbu","rsd","ruk","sb","sd","sum_vol","total_vol","uk","val","val_bu","val_sd","val_uk"
6143.5,200,5300000,45050000,39750000,90120000,145650791.3,75774973.9,0.1,3789.1,760.9,1.1,1700,200,5300000,26.5,"2023-03-01T09:15:00.000Z",1677662100000,26.6,26.5,26.6,50,44.1,5.9,0.3,0.4,0.3,0.9,1500,3400,3400,200,90120000,45050000,39750000,5320000
6143.5,16300,432005000,659065000,227060000,891445000,145650791.3,75774973.9,6.1,3789.1,760.9,3.3,23200,16100,426705000,26.3,"2023-03-01T09:20:00.000Z",1677662400000,26.5,26.3,26.5,76.6,23.4,0,3.8,1.9,,0.3,7100,30300,33700,,801325000,614015000,187310000,
6143.5,24800,658075000,885135000,227060000,1117515000,145650791.3,75774973.9,3.2,3789.1,760.9,Infinity,8500,8500,226070000,26.6,"2023-03-01T09:25:00.000Z",1677662700000,26.6,26.5,26.5,100,0,0,1.4,,,0,,8500,42200,,226070000,226070000,,
6143.5,34600,919760000,1149490000,229730000,1384540000,145650791.3,75774973.9,3.7,3789.1,760.9,99,9900,9800,261685000,26.75,"2023-03-01T09:30:00.000Z",1677663000000,26.75,26.7,26.7,99,1,0,1.6,0,,0,100,10000,52200,,267025000,264355000,2670000,
6143.5,34100,906490000,1165510000,259020000,1429850000,145650791.3,75774973.9,-0.2,3789.1,760.9,0.5,600,-500,-13270000,26.7,"2023-03-01T09:35:00.000Z",1677663300000,26.7,26.6,26.6,35.3,64.7,0,0.1,0.3,,1.8,1100,1700,53900,,45310000,16020000,29290000,
6143.5,35000,930505000,1266780000,336275000,1608375000,145650791.3,75774973.9,0.3,3789.1,760.9,1.3,3800,900,24015000,26.6,"2023-03-01T09:40:00.000Z",1677663600000,26.65,26.6,26.65,56.7,43.3,0,0.6,0.8,,0.8,2900,6700,60600,,178525000,101270000,77255000,
6143.5,37600,999795000,1336070000,336275000,1677665000,145650791.3,75774973.9,1,3789.1,760.9,Infinity,2600,2600,69290000,26.65,"2023-03-01T09:45:00.000Z",1677663900000,26.65,26.65,26.65,100,0,0,0.4,,,0,,2600,63200,,69290000,69290000,,
6143.5,27200,724035000,1336070000,612035000,1953425000,145650791.3,75774973.9,-3.9,3789.1,760.9,0,,-10400,-275760000,26.45,"2023-03-01T09:50:00.000Z",1677664200000,26.6,26.45,26.6,0,100,0,,2.7,,Infinity,10400,10400,73600,,275760000,,275760000,
6143.5,26000,692295000,1336070000,643775000,1985165000,145650791.3,75774973.9,-0.5,3789.1,760.9,0,,-1200,-31740000,26.45,"2023-03-01T09:55:00.000Z",1677664500000,26.45,26.45,26.45,0,100,0,,0.3,,Infinity,1200,1200,74800,,31740000,,31740000,
6143.5,18100,483315000,1404840000,921525000,2331685000,145650791.3,75774973.9,-3,3789.1,760.9,0.2,2600,-7900,-208980000,26.45,"2023-03-01T10:00:00.000Z",1677664800000,26.55,26.4,26.45,19.8,80.2,0,0.4,2.8,,4,10500,13100,87900,,346520000,68770000,277750000,
6143.5,20600,549440000,1470965000,921525000,2397810000,145650791.3,75774973.9,0.9,3789.1,760.9,Infinity,2500,2500,66125000,26.45,"2023-03-01T10:05:00.000Z",1677665100000,26.45,26.45,26.45,100,0,0,0.4,,,0,,2500,90400,,66125000,66125000,,
6143.5,20600,549440000,1478915000,929475000,2413710000,145650791.3,75774973.9,0,3789.1,760.9,1,300,0,0,26.5,"2023-03-01T10:10:00.000Z",1677665400000,26.5,26.5,26.5,50,50,0,0,0.1,,1,300,600,91000,,15900000,7950000,7950000,
6143.5,19600,522970000,1500115000,977145000,2482580000,145650791.3,75774973.9,-0.4,3789.1,760.9,0.4,800,-1000,-26470000,26.5,"2023-03-01T10:15:00.000Z",1677665700000,26.5,26.45,26.5,30.8,69.2,0,0.1,0.5,,2.3,1800,2600,93600,,68870000,21200000,47670000,
6143.5,27500,732910000,1760405000,1027495000,2793220000,145650791.3,75774973.9,3,3789.1,760.9,5.2,9800,7900,209940000,26.5,"2023-03-01T10:20:00.000Z",1677666000000,26.6,26.5,26.5,83.8,16.2,0,1.6,0.5,,0.2,1900,11700,105300,,310640000,260290000,50350000,
6143.5,39700,1057450000,2084945000,1027495000,3117760000,145650791.3,75774973.9,4.6,3789.1,760.9,Infinity,12200,12200,324540000,26.7,"2023-03-01T10:25:00.000Z",1677666300000,26.7,26.6,26.6,100,0,0,2,,,0,,12200,117500,,324540000,324540000,,
6143.5,46500,1239010000,2266505000,1027495000,3299320000,145650791.3,75774973.9,2.6,3789.1,760.9,Infinity,6800,6800,181560000,26.7,"2023-03-01T10:30:00.000Z",1677666600000,26.7,26.7,26.7,100,0,0,1.1,,,0,,6800,124300,,181560000,181560000,,
6143.5,46100,1228330000,2317235000,1088905000,3411460000,145650791.3,75774973.9,-0.2,3789.1,760.9,0.8,1900,-400,-10680000,26.7,"2023-03-01T10:35:00.000Z",1677666900000,26.7,26.7,26.7,45.2,54.8,0,0.3,0.6,,1.2,2300,4200,128500,,112140000,50730000,61410000,
6143.5,62000,1653580000,2769185000,1115605000,3890110000,145650791.3,75774973.9,6.1,3789.1,760.9,16.9,16900,15900,425250000,26.75,"2023-03-01T10:40:00.000Z",1677667200000,26.75,26.7,26.7,94.4,5.6,0,2.8,0.3,,0.1,1000,17900,146400,,478650000,451950000,26700000,
6143.5,58200,1552085000,2801165000,1249080000,4055565000,145650791.3,75774973.9,-1.5,3789.1,760.9,0.2,1200,-3800,-101495000,26.65,"2023-03-01T10:45:00.000Z",1677667500000,26.7,26.65,26.7,19.4,80.6,0,0.2,1.3,,4.2,5000,6200,152600,,165455000,31980000,133475000,
6143.5,61800,1648185000,2961445000,1313260000,4280025000,145650791.3,75774973.9,1.4,3789.1,760.9,2.5,6000,3600,96100000,26.75,"2023-03-01T10:50:00.000Z",1677667800000,26.75,26.65,26.7,71.4,28.6,0,1,0.6,,0.4,2400,8400,161000,,224460000,160280000,64180000,
6143.5,59000,1573270000,3012365000,1439095000,4456780000,145650791.3,75774973.9,-1.1,3789.1,760.9,0.4,1900,-2800,-74915000,26.8,"2023-03-01T10:55:00.000Z",1677668100000,26.8,26.75,26.75,28.8,71.2,0,0.3,1.2,,2.5,4700,6600,167600,,176755000,50920000,125835000,
6143.5,57100,1522375000,3033845000,1511470000,4550635000,145650791.3,75774973.9,-0.7,3789.1,760.9,0.3,800,-1900,-50895000,26.8,"2023-03-01T11:00:00.000Z",1677668400000,26.85,26.8,26.8,22.9,77.1,0,0.1,0.7,,3.4,2700,3500,171100,,93855000,21480000,72375000,
6143.5,47200,1258505000,3036515000,1778010000,4819845000,145650791.3,75774973.9,-3.8,3789.1,760.9,0,100,-9900,-263870000,26.65,"2023-03-01T11:05:00.000Z",1677668700000,26.7,26.65,26.7,1,99,0,0,2.6,,100,10000,10100,181200,,269210000,2670000,266540000,
6143.5,52100,1389295000,3167305000,1778010000,4950635000,145650791.3,75774973.9,1.9,3789.1,760.9,Infinity,4900,4900,130790000,26.7,"2023-03-01T11:10:00.000Z",1677669000000,26.7,26.65,26.65,100,0,0,0.8,,,0,,4900,186100,,130790000,130790000,,
6143.5,54100,1442905000,3223585000,1780680000,5009585000,145650791.3,75774973.9,0.8,3789.1,760.9,21,2100,2000,53610000,26.8,"2023-03-01T11:15:00.000Z",1677669300000,26.8,26.7,26.7,95.5,4.5,0,0.3,0,,0,100,2200,188300,,58950000,56280000,2670000,
6143.5,52600,1402780000,3223585000,1820805000,5049710000,145650791.3,75774973.9,-0.6,3789.1,760.9,0,,-1500,-40125000,26.75,"2023-03-01T11:20:00.000Z",1677669600000,26.75,26.75,26.75,0,100,0,,0.4,,Infinity,1500,1500,189800,,40125000,,40125000,
6143.5,55200,1472330000,3400135000,1927805000,5333260000,145650791.3,75774973.9,1,3789.1,760.9,1.7,6600,2600,69550000,26.75,"2023-03-01T11:25:00.000Z",1677669900000,26.75,26.75,26.75,62.3,37.7,0,1.1,1.1,,0.6,4000,10600,200400,,283550000,176550000,107000000,
6143.5,58000,1547250000,3544605000,1997355000,5547280000,145650791.3,75774973.9,1.1,3789.1,760.9,2.1,5400,2800,74920000,26.75,"2023-03-01T13:00:00.000Z",1677675600000,26.8,26.75,26.8,67.5,32.5,0,0.9,0.7,,0.5,2600,8000,208400,,214020000,144470000,69550000,
6143.5,67900,1813020000,3882735000,2069715000,5957770000,145650791.3,75774973.9,3.8,3789.1,760.9,4.7,12600,9900,265770000,26.9,"2023-03-01T13:05:00.000Z",1677675900000,26.9,26.8,26.8,82.4,17.6,0,2.1,0.7,,0.2,2700,15300,223700,,410490000,338130000,72360000,
6143.5,80700,1996457000,4093046300,2096589300,6194955600,145650791.3,75774973.9,2.6,3789.1,760.9,7.7,14700,12800,183437000,27.05,"2023-03-01T13:10:00.000Z",1677676200000,27.05,26.85,26.85,88.6,11.4,0,2.4,0.5,,0.1,1900,16600,240300,,237185600,210311300,26874300,
6143.5,84800,1996772700,4174411300,2177638600,6357369900,145650791.3,75774973.9,0,3789.1,760.9,2.1,8000,4100,315700,27,"2023-03-01T13:15:00.000Z",1677676500000,27.1,26.9,27.05,67.2,32.8,0,1.3,1,,0.5,3900,11900,252200,,162414300,81365000,81049300,
6143.5,80700,1851597800,4201396400,2349798600,6556515000,145650791.3,75774973.9,-2.1,3789.1,760.9,0.4,2300,-4100,-145174900,26.9,"2023-03-01T13:20:00.000Z",1677676800000,27,26.9,27,26.4,73.6,0,0.4,1.7,,2.8,6400,8700,260900,,199145100,26985100,172160000,
6143.5,89100,1795461300,4374414900,2578953600,6958688500,145650791.3,75774973.9,-0.8,3789.1,760.9,2,16900,8400,-56136500,27.1,"2023-03-01T13:25:00.000Z",1677677100000,27.1,26.95,26.95,66.5,33.5,0,2.8,2.2,,0.5,8500,25400,286300,,402173500,173018500,229155000,
6143.5,88300,1773731300,4583034900,2809303600,7397658500,145650791.3,75774973.9,-0.3,3789.1,760.9,0.9,7700,-800,-21730000,27.05,"2023-03-01T13:30:00.000Z",1677677400000,27.1,27.05,27.1,47.5,52.5,0,1.3,2.2,,1.1,8500,16200,302500,,438970000,208620000,230350000,
6143.5,77800,1773447800,4583034900,2809587100,7397942000,145650791.3,75774973.9,0,3789.1,760.9,0,,-10500,-283500,27,"2023-03-01T13:35:00.000Z",1677677700000,27,27,27,0,100,0,,2.8,,Infinity,10500,10500,313000,,283500,,283500,
6143.5,77300,1773434300,4583124000,2809689700,7398133700,145650791.3,75774973.9,0,3789.1,760.9,0.9,3300,-500,-13500,27,"2023-03-01T13:40:00.000Z",1677678000000,27,27,27,46.5,53.5,0,0.5,1,,1.2,3800,7100,320100,,191700,89100,102600,
6143.5,76200,2065253000,4875264000,2810011000,7690595000,145650791.3,75774973.9,4.2,3789.1,760.9,0.9,10800,-1100,291818700,27.05,"2023-03-01T13:45:00.000Z",1677678300000,27.05,27,27,47.6,52.4,0,1.8,3.1,,1.1,11900,22700,342800,,292461300,292140000,321300,
6143.5,76900,2086890300,4929364000,2842473700,7777157700,145650791.3,75774973.9,0.3,3789.1,760.9,1.5,2000,700,21637300,27.05,"2023-03-01T13:50:00.000Z",1677678600000,27.05,27,27.05,60.6,39.4,0,0.3,0.3,,0.7,1300,3300,346100,,86562700,54100000,32462700,
6143.5,63400,2064907400,4929364000,2864456600,7799140600,145650791.3,75774973.9,-0.3,3789.1,760.9,0,,-13500,-21982900,27,"2023-03-01T13:55:00.000Z",1677678900000,27.05,27,27.05,0,100,0,,3.6,,Infinity,13500,13500,359600,,21982900,,21982900,
6143.5,66500,2064991100,4929517900,2864526800,7799364700,145650791.3,75774973.9,0,3789.1,760.9,2.2,5700,3100,83700,27,"2023-03-01T14:00:00.000Z",1677679200000,27,27,27,68.7,31.3,0,0.9,0.7,,0.5,2600,8300,367900,,224100,153900,70200,
6143.5,81400,2482097600,5346651400,2864553800,8216525200,145650791.3,75774973.9,6,3789.1,760.9,15.9,15900,14900,417106500,27.1,"2023-03-01T14:05:00.000Z",1677679500000,27.1,27,27,94.1,5.9,0,2.6,0.3,,0.1,1000,16900,384800,,417160500,417133500,27000,
6143.5,101700,3033237600,5903231400,2869993800,8813775200,145650791.3,75774973.9,7.9,3789.1,760.9,102.5,20500,20300,551140000,27.25,"2023-03-01T14:10:00.000Z",1677679800000,27.25,27.1,27.15,93.2,0.9,5.9,3.3,0.1,1.7,0,200,22000,406800,1300,597250000,556580000,5440000,35230000
6143.5,109500,3246512600,6330116400,3083603800,9454270200,145650791.3,75774973.9,3.1,3789.1,760.9,2,15600,7800,213275000,27.35,"2023-03-01T14:15:00.000Z",1677680100000,27.45,27.3,27.3,66.7,33.3,0,2.5,2.1,,0.5,7800,23400,430200,,640495000,426885000,213610000,
6143.5,119600,3523322600,6688976400,3165653800,9895180200,145650791.3,75774973.9,4,3789.1,760.9,4.4,13100,10100,276810000,27.35,"2023-03-01T14:20:00.000Z",1677680400000,27.4,27.35,27.35,81.4,18.6,0,2.1,0.8,,0.2,3000,16100,446300,,440910000,358860000,82050000,
6143.5,108300,3214287600,6699936400,3485648800,10226135200,145650791.3,75774973.9,-4.4,3789.1,760.9,0,400,-11300,-309035000,27.4,"2023-03-01T14:25:00.000Z",1677680700000,27.4,27.35,27.35,3.3,96.7,0,0.1,3.1,,29.3,11700,12100,458400,,330955000,10960000,319995000,
6143.5,108300,3214287600,6699936400,3485648800,11147385200,145650791.3,75774973.9,0,3789.1,760.9,NaN,,0,0,27.5,"2023-03-01T14:45:00.000Z",1677681900000,27.5,27.5,27.5,0,0,100,,,44,NaN,,33500,491900,33500,921250000,,,921250000
