"abu","acum_busd","acum_busd_val","acum_val_bu","acum_val_sd","acum_val","avg_val_bu","avg_val_sd","rbusd","asd","auk","bs","bu","bu-sd","bu-sd_val","c","date","datetime","h","l","o","pbu","psd","puk","rbu","rsd","ruk","sb","sd","sum_vol","total_vol","uk","val","val_bu","val_sd","val_uk"
2690.2,5000,116500000,116500000,0,116500000,62250000,53031951.2,12.6,2361,68.3,Infinity,5000,5000,116500000,23300,"2023-02-13T09:32:00.000Z",1676280720000,23300,23300,23300,100,0,0,1.9,,,0,,5000,5000,,116500000,116500000,,
2690.2,9000,209700000,209700000,0,209700000,62250000,53031951.2,10.1,2361,68.3,Infinity,4000,4000,93200000,23300,"2023-02-13T09:36:00.000Z",1676280960000,23300,23300,23300,100,0,0,1.5,,,0,,4000,9000,,93200000,93200000,,
2690.2,13500,314550000,314550000,0,314550000,62250000,53031951.2,11.4,2361,68.3,Infinity,4500,4500,104850000,23300,"2023-02-13T09:38:00.000Z",1676281080000,23300,23300,23300,100,0,0,1.7,,,0,,4500,13500,,104850000,104850000,,
2690.2,13600,316850000,316850000,0,316850000,62250000,53031951.2,0.2,2361,68.3,Infinity,100,100,2300000,23000,"2023-02-13T09:42:00.000Z",1676281320000,23000,23000,23000,100,0,0,0,,,0,,100,13600,,2300000,2300000,,
2690.2,12700,296330000,316850000,20520000,337370000,62250000,53031951.2,2.2,2361,68.3,0,,-900,-20520000,22800,"2023-02-13T09:52:00.000Z",1676281920000,22800,22800,22800,0,100,0,,0.4,,Infinity,900,900,14500,,20520000,,20520000,
2690.2,12800,298620000,330590000,31970000,362560000,62250000,53031951.2,0.2,2361,68.3,1.2,600,100,2290000,22900,"2023-02-13T09:54:00.000Z",1676282040000,22900,22900,22900,54.5,45.5,0,0.2,0.2,,0.8,500,1100,15600,,25190000,13740000,11450000,
2690.2,11900,278010000,330590000,52580000,383170000,62250000,53031951.2,2.2,2361,68.3,0,,-900,-20610000,22900,"2023-02-13T09:58:00.000Z",1676282280000,22900,22900,22900,0,100,0,,0.4,,Infinity,900,900,16500,,20610000,,20610000,
2690.2,26900,630510000,683090000,52580000,735670000,62250000,53031951.2,38.2,2361,68.3,Infinity,15000,15000,352500000,23500,"2023-02-13T10:06:00.000Z",1676282760000,23500,23500,23500,100,0,0,5.6,,,0,,15000,31500,,352500000,352500000,,
2690.2,47900,1124010000,1176590000,52580000,1229170000,62250000,53031951.2,53.5,2361,68.3,Infinity,21000,21000,493500000,23500,"2023-02-13T10:12:00.000Z",1676283120000,23500,23500,23500,100,0,0,7.8,,,0,,21000,52500,,493500000,493500000,,
2690.2,47800,1121720000,1176590000,54870000,1231460000,62250000,53031951.2,0.2,2361,68.3,0,,-100,-2290000,22900,"2023-02-13T10:16:00.000Z",1676283360000,22900,22900,22900,0,100,0,,0,,Infinity,100,100,52600,,2290000,,2290000,
2690.2,48700,1142330000,1197200000,54870000,1252070000,62250000,53031951.2,2.2,2361,68.3,Infinity,900,900,20610000,22900,"2023-02-13T10:40:00.000Z",1676284800000,22900,22900,22900,100,0,0,0.3,,,0,,900,53500,,20610000,20610000,,
2690.2,48700,1142330000,1197200000,54870000,1254360000,62250000,53031951.2,0,2361,68.3,NaN,,0,0,22900,"2023-02-13T10:42:00.000Z",1676284920000,22900,22900,22900,0,0,100,,,1.5,NaN,,100,53600,100,2290000,,,2290000
2690.2,48800,1144630000,1199500000,54870000,1256660000,62250000,53031951.2,0.2,2361,68.3,Infinity,100,100,2300000,23000,"2023-02-13T11:28:00.000Z",1676287680000,23000,23000,23000,100,0,0,0,,,0,,100,53700,,2300000,2300000,,
2690.2,48800,1144630000,1201790000,57160000,1261240000,62250000,53031951.2,0,2361,68.3,1,100,0,0,22900,"2023-02-13T13:02:00.000Z",1676293320000,22900,22900,22900,50,50,0,0,0,,1,100,200,53900,,4580000,2290000,2290000,
2690.2,49400,1158310000,1215470000,57160000,1274920000,62250000,53031951.2,1.5,2361,68.3,Infinity,600,600,13680000,22800,"2023-02-13T13:04:00.000Z",1676293440000,22800,22800,22800,100,0,0,0.2,,,0,,600,54500,,13680000,13680000,,
2690.2,49900,1169710000,1226870000,57160000,1286320000,62250000,53031951.2,1.2,2361,68.3,Infinity,500,500,11400000,22800,"2023-02-13T13:08:00.000Z",1676293680000,22800,22800,22800,100,0,0,0.2,,,0,,500,55000,,11400000,11400000,,
2690.2,50100,1174260000,1233680000,59420000,1295390000,62250000,53031951.2,0.5,2361,68.3,3,300,200,4550000,22600,"2023-02-13T13:18:00.000Z",1676294280000,22700,22600,22700,75,25,0,0.1,0,,0.3,100,400,55400,,9070000,6810000,2260000,
2690.2,50000,1172000000,1233680000,61680000,1297650000,62250000,53031951.2,0.2,2361,68.3,0,,-100,-2260000,22600,"2023-02-13T13:24:00.000Z",1676294640000,22600,22600,22600,0,100,0,,0,,Infinity,100,100,55500,,2260000,,2260000,
2690.2,48000,1126800000,1233680000,106880000,1342850000,62250000,53031951.2,4.9,2361,68.3,0,,-2000,-45200000,22600,"2023-02-13T13:26:00.000Z",1676294760000,22600,22600,22600,0,100,0,,0.8,,Infinity,2000,2000,57500,,45200000,,45200000,
2690.2,46000,1081600000,1233680000,152080000,1388050000,62250000,53031951.2,4.9,2361,68.3,0,,-2000,-45200000,22600,"2023-02-13T13:28:00.000Z",1676294880000,22600,22600,22600,0,100,0,,0.8,,Infinity,2000,2000,59500,,45200000,,45200000,
2690.2,44500,1047700000,1233680000,185980000,1421950000,62250000,53031951.2,3.7,2361,68.3,0,,-1500,-33900000,22600,"2023-02-13T13:30:00.000Z",1676295000000,22600,22600,22600,0,100,0,,0.6,,Infinity,1500,1500,61000,,33900000,,33900000,
2690.2,36300,862380000,1233680000,371300000,1607270000,62250000,53031951.2,20.1,2361,68.3,0,,-8200,-185320000,22600,"2023-02-13T13:34:00.000Z",1676295240000,22600,22600,22600,0,100,0,,3.5,,Infinity,8200,8200,69200,,185320000,,185320000,
2690.2,36200,860120000,1233680000,373560000,1609530000,62250000,53031951.2,0.2,2361,68.3,0,,-100,-2260000,22600,"2023-02-13T13:36:00.000Z",1676295360000,22600,22600,22600,0,100,0,,0,,Infinity,100,100,69300,,2260000,,2260000,
2690.2,36300,862430000,1245030000,382600000,1629920000,62250000,53031951.2,0.3,2361,68.3,1.3,500,100,2310000,22700,"2023-02-13T13:38:00.000Z",1676295480000,22700,22600,22600,55.6,44.4,0,0.2,0.2,,0.8,400,900,70200,,20390000,11350000,9040000,
2690.2,36000,855730000,1270110000,414380000,1686780000,62250000,53031951.2,0.7,2361,68.3,0.8,1100,-300,-6700000,22800,"2023-02-13T13:42:00.000Z",1676295720000,22800,22700,22700,44,56,0,0.4,0.6,,1.3,1400,2500,72700,,56860000,25080000,31780000,
2690.2,36400,864890000,1279270000,414380000,1695940000,62250000,53031951.2,1,2361,68.3,Infinity,400,400,9160000,22900,"2023-02-13T13:44:00.000Z",1676295840000,22900,22900,22900,100,0,0,0.1,,,0,,400,73100,,9160000,9160000,,
2690.2,61400,1438390000,1852770000,414380000,2269440000,62250000,53031951.2,62.2,2361,68.3,Infinity,25000,25000,573500000,23000,"2023-02-13T13:56:00.000Z",1676296560000,23000,22900,22900,100,0,0,9.3,,,0,,25000,98100,,573500000,573500000,,
2690.2,23000,574390000,1852770000,1278380000,3133440000,62250000,53031951.2,93.7,2361,68.3,0,,-38400,-864000000,22500,"2023-02-13T14:04:00.000Z",1676297040000,22500,22500,22500,0,100,0,,16.3,,Infinity,38400,38400,136500,,864000000,,864000000,
2690.2,22600,565390000,1852770000,1287380000,3142440000,62250000,53031951.2,1,2361,68.3,0,,-400,-9000000,22500,"2023-02-13T14:06:00.000Z",1676297160000,22500,22500,22500,0,100,0,,0.2,,Infinity,400,400,136900,,9000000,,9000000,
2690.2,21600,542990000,1875170000,1332180000,3209640000,62250000,53031951.2,2.4,2361,68.3,0.5,1000,-1000,-22400000,22400,"2023-02-13T14:20:00.000Z",1676298000000,22400,22400,22400,33.3,66.7,0,0.4,0.8,,2,2000,3000,139900,,67200000,22400000,44800000,
2690.2,16700,435240000,1915490000,1480250000,3398030000,62250000,53031951.2,11.7,2361,68.3,0.3,1800,-4900,-107750000,22400,"2023-02-13T14:22:00.000Z",1676298120000,22400,22100,22400,21.2,78.8,0,0.7,2.8,,3.7,6700,8500,148400,,188390000,40320000,148070000,
2690.2,16800,437480000,1917730000,1480250000,3447310000,62250000,53031951.2,0.2,2361,68.3,Infinity,100,100,2240000,22400,"2023-02-13T14:24:00.000Z",1676298240000,22400,22400,22400,4.5,0,95.5,0,,30.7,0,,2200,150600,2100,49280000,2240000,,47040000
2690.2,16800,437480000,1917730000,1480250000,3460630000,62250000,53031951.2,0,2361,68.3,NaN,,0,0,22200,"2023-02-13T14:26:00.000Z",1676298360000,22200,22200,22200,0,0,100,,,8.8,NaN,,600,151200,600,13320000,,,13320000
2690.2,16900,439740000,1919990000,1480250000,3462890000,62250000,53031951.2,0.2,2361,68.3,Infinity,100,100,2260000,22600,"2023-02-13T14:28:00.000Z",1676298480000,22600,22600,22600,100,0,0,0,,,0,,100,151300,,2260000,2260000,,
2690.2,1100,90560000,1919990000,1829430000,3812070000,62250000,53031951.2,37.9,2361,68.3,0,,-15800,-349180000,22100,"2023-02-13T14:32:00.000Z",1676298720000,22100,22100,22100,0,100,0,,6.7,,Infinity,15800,15800,167100,,349180000,,349180000,
2690.2,900,86190000,1922250000,1836060000,3820960000,62250000,53031951.2,0.5,2361,68.3,0.3,100,-200,-4370000,22600,"2023-02-13T14:38:00.000Z",1676299080000,22600,22100,22100,25,75,0,0,0.1,,3,300,400,167500,,8890000,2260000,6630000,
2690.2,-8100,-118110000,1933600000,2051710000,4047960000,62250000,53031951.2,22.2,2361,68.3,0.1,500,-9000,-204300000,22700,"2023-02-13T14:48:00.000Z",1676299680000,22700,22700,22700,5,95,0,0.2,4,,19,9500,10000,177500,,227000000,11350000,215650000,
2690.2,-8700,-131730000,2035750000,2167480000,4265880000,62250000,53031951.2,1.5,2361,68.3,0.9,4500,-600,-13620000,22700,"2023-02-13T14:50:00.000Z",1676299800000,22700,22700,22700,46.9,53.1,0,1.7,2.2,,1.1,5100,9600,187100,,217920000,102150000,115770000,
2690.2,12200,348000000,2517750000,2169750000,4750150000,62250000,53031951.2,52,2361,68.3,210,21000,20900,479730000,23000,"2023-02-13T14:52:00.000Z",1676299920000,23000,22700,22700,99.5,0.5,0,7.8,0,,0,100,21100,208200,,484270000,482000000,2270000,
2690.2,13700,382500000,2552250000,2169750000,4784650000,62250000,53031951.2,3.7,2361,68.3,Infinity,1500,1500,34500000,23000,"2023-02-13T14:54:00.000Z",1676300040000,23000,23000,23000,100,0,0,0.6,,,0,,1500,209700,,34500000,34500000,,
2690.2,13500,377940000,2552250000,2174310000,4789210000,62250000,53031951.2,0.5,2361,68.3,0,,-200,-4560000,22800,"2023-02-13T14:56:00.000Z",1676300160000,22800,22800,22800,0,100,0,,0.1,,Infinity,200,200,209900,,4560000,,4560000,
