"abu","acum_busd","acum_busd_val","acum_val","asd","auk","bs","bu","bu-sd","bu-sd_val","c","date","datetime","h","l","o","pbu","psd","puk","rbu","rsd","ruk","sb","sd","sum_vol","total_vol","uk","val","val_bu","val_sd","val_uk"
18265.2,-37800,-242880000,8976306000,35430.4,4830.4,0,1200,-37800,-242880000,6.55,"2022-12-08T09:15:00.000Z",1670490900000,6.55,6.4,6.44,1.8,58.2,40,0.1,1.1,5.5,32.5,39000,67000,33500,26800,431162000,7860000,250740000,172562000
18265.2,-41000,-263546000,9077393000,35430.4,4830.4,0.8,13800,-3200,-20666000,6.56,"2022-12-08T09:20:00.000Z",1670491200000,6.6,6.55,6.55,44.8,55.2,0,0.8,0.5,,1.2,17000,30800,48900,,202174000,90754000,111420000,
18265.2,-49200,-317656000,9185198000,35430.4,4830.4,0.6,12200,-8200,-54110000,6.65,"2022-12-08T09:25:00.000Z",1670491500000,6.65,6.6,6.6,37.4,62.6,0,0.7,0.6,,1.7,20400,32600,65200,,215610000,80750000,134860000,
18265.2,-114800,-749704000,9415822000,35430.4,4830.4,0,2200,-65600,-432048000,6.56,"2022-12-08T09:30:00.000Z",1670491800000,6.65,6.56,6.65,3.1,96.9,0,0.1,1.9,,30.8,67800,70000,100200,,461248000,14600000,446648000,
18265.2,-159900,-1041039000,9581305000,35430.4,4830.4,0.1,2800,-45100,-291335000,6.44,"2022-12-08T09:35:00.000Z",1670492100000,6.55,6.44,6.55,5.5,93.6,1,0.2,1.4,0.1,17.1,47900,51200,125800,500,330966000,18178000,309513000,3275000
18265.2,-81100,-533375000,9927941000,35430.4,4830.4,6.5,93200,78800,507664000,6.55,"2022-12-08T09:40:00.000Z",1670492400000,6.55,6.43,6.44,86.6,13.4,0,5.1,0.4,,0.2,14400,107600,179600,,693272000,600468000,92804000,
18265.2,-75500,-496157000,9996142000,35430.4,4830.4,1.8,13000,5600,37218000,6.64,"2022-12-08T09:45:00.000Z",1670492700000,6.65,6.5,6.5,63.7,36.3,0,0.7,0.2,,0.6,7400,20400,189900,,135074000,86146000,48928000,
18265.2,-61100,-400691000,10084139000,35430.4,4830.4,3.3,20600,14400,95466000,6.62,"2022-12-08T09:50:00.000Z",1670493000000,6.64,6.6,6.64,76.9,23.1,0,1.1,0.2,,0.3,6200,26800,203200,,177322000,136394000,40928000,
18265.2,-70300,-461635000,10138551000,35430.4,4830.4,0.3,3600,-9200,-60944000,6.63,"2022-12-08T09:55:00.000Z",1670493300000,6.65,6.63,6.65,22,78,0,0.2,0.4,,3.6,12800,16400,211400,,108824000,23940000,84884000,
18265.2,-132400,-871270000,10486313000,35430.4,4830.4,0.2,15400,-62100,-409635000,6.6,"2022-12-08T10:00:00.000Z",1670493600000,6.65,6.6,6.63,14.6,73.7,11.7,0.8,2.2,2.5,5,77500,105200,264000,12300,695524000,102236000,511871000,81417000
18265.2,-133200,-876280000,10519178000,35430.4,4830.4,0.9,4600,-800,-5010000,6.55,"2022-12-08T10:05:00.000Z",1670493900000,6.6,6.55,6.6,46,54,0,0.3,0.2,,1.2,5400,10000,269000,,65730000,30360000,35370000,
18265.2,-141100,-928012000,10548664000,35430.4,4830.4,0,400,-7900,-51732000,6.59,"2022-12-08T10:10:00.000Z",1670494200000,6.59,6.55,6.55,4.4,92.2,3.3,0,0.2,0.1,20.8,8300,9000,273500,300,58972000,2636000,54368000,1967999.9999999998
18265.2,-130300,-856840000,10584250000,35430.4,4830.4,Infinity,10800,10800,71172000,6.59,"2022-12-08T10:15:00.000Z",1670494500000,6.59,6.59,6.59,100,0,0,0.6,,,0,,10800,278900,,71172000,71172000,,
18265.2,-114100,-749908000,10652224000,35430.4,4830.4,8.4,18400,16200,106932000,6.58,"2022-12-08T10:20:00.000Z",1670494800000,6.6,6.58,6.6,89.3,10.7,0,1,0.1,,0.1,2200,20600,289200,,135948000,121440000,14508000,
18265.2,-126700,-833086000,10716229000,35430.4,4830.4,0.2,3400,-12600,-83178000,6.6,"2022-12-08T10:25:00.000Z",1670495100000,6.6,6.59,6.59,17.5,82.5,0,0.2,0.5,,4.7,16000,19400,298900,,128010000,22416000,105594000,
18265.2,-129900,-854270000,10728145000,35430.4,4830.4,0.1,200,-3200,-21184000,6.62,"2022-12-08T10:30:00.000Z",1670495400000,6.62,6.62,6.62,5.6,94.4,0,0,0.1,,17,3400,3600,300700,,23832000,1324000,22508000,
18265.2,-149900,-986294000,10864049000,35430.4,4830.4,0.3,10600,-20000,-132024000,6.59,"2022-12-08T10:35:00.000Z",1670495700000,6.63,6.58,6.63,25.7,74.3,0,0.6,0.9,,2.9,30600,41200,321300,,271808000,69892000,201916000,
18265.2,-108800,-714189000,11006376000,35430.4,4830.4,46.7,42000,41100,272105000,6.64,"2022-12-08T10:40:00.000Z",1670496000000,6.64,6.6,6.6,97.7,2.1,0.2,2.3,0,0,0,900,43000,342800,100,284654000,278048000,5943000,663000
18265.2,-93400,-611641000,11144683000,35430.4,4830.4,2.6,25300,15400,102548000,6.67,"2022-12-08T10:45:00.000Z",1670496300000,6.67,6.64,6.64,60.8,23.8,15.4,1.4,0.3,1.3,0.4,9900,41600,363600,6400,276614000,168288000,65740000,42586000
18265.2,-153800,-1012429000,11395541000,35430.4,4830.4,0.1,7600,-60400,-400788000,6.62,"2022-12-08T10:50:00.000Z",1670496600000,6.65,6.62,6.65,10.1,89.9,0,0.4,1.9,,8.9,68000,75600,401400,,501716000,50464000,451252000,
18265.2,-167600,-1103723000,11482274000,35430.4,4830.4,0.3,6200,-13800,-91294000,6.63,"2022-12-08T10:55:00.000Z",1670496900000,6.63,6.61,6.62,23.7,76.3,0,0.3,0.6,,3.2,20000,26200,414500,,173466000,41086000,132380000,
18265.2,-157600,-1037189000,11521517000,35430.4,4830.4,12.1,10900,10000,66534000,6.67,"2022-12-08T11:00:00.000Z",1670497200000,6.67,6.63,6.63,92.4,7.6,0,0.6,0,,0.1,900,11800,420400,,78486000,72510000,5976000,
18265.2,-155000,-1019899000,11530826000,35430.4,4830.4,Infinity,2600,2600,17290000,6.64,"2022-12-08T11:05:00.000Z",1670497500000,6.65,6.64,6.65,92.9,0,7.1,0.1,,0,0,,2800,421800,200,18618000,17290000,,1328000
18265.2,-192000,-1265191000,11711818000,35430.4,4830.4,0.2,8800,-37000,-245292000,6.63,"2022-12-08T11:10:00.000Z",1670497800000,6.64,6.61,6.64,16.1,83.9,0,0.5,1.3,,5.2,45800,54600,449100,,361984000,58346000,303638000,
18265.2,-179000,-1179005000,11789387000,35430.4,4830.4,3.5,18200,13000,86186000,6.63,"2022-12-08T11:15:00.000Z",1670498100000,6.63,6.62,6.63,77.8,22.2,0,1,0.1,,0.3,5200,23400,460800,,155138000,120662000,34476000,
18265.2,-155000,-1019423000,11926260000,35430.4,4830.4,3.8,32600,24000,159582000,6.64,"2022-12-08T11:20:00.000Z",1670498400000,6.65,6.63,6.63,79.1,20.9,0,1.8,0.2,,0.3,8600,41200,481400,,273746000,216664000,57082000,
18265.2,-170000,-1118413000,12015595000,35430.4,4830.4,0.3,6000,-15000,-98990000,6.61,"2022-12-08T11:25:00.000Z",1670498700000,6.64,6.61,6.64,22.2,77.8,0,0.3,0.6,,3.5,21000,27000,494900,,178670000,39840000,138830000,
18265.2,-387900,-2550338000,13454338000,35430.4,4830.4,0.3,90800,-217900,-1431925000,6.5,"2022-12-08T13:00:00.000Z",1670504400000,6.61,6.46,6.6,20.7,70.3,9,5,8.7,8.2,3.4,308700,439200,714500,39700,2877418000,591854000,2023779000,261785000
18265.2,-419400,-2754223000,13722002000,35430.4,4830.4,0.4,22900,-31500,-203885000,6.5,"2022-12-08T13:05:00.000Z",1670504700000,6.54,6.48,6.5,27.8,66,6.2,1.3,1.5,1.1,2.4,54400,82400,755700,5100,535328000,149145000,353030000,33153000
18265.2,-421900,-2769974000,13884127000,35430.4,4830.4,0.9,23300,-2500,-15751000,6.55,"2022-12-08T13:10:00.000Z",1670505000000,6.57,6.51,6.51,47,52,1,1.3,0.7,0.1,1.1,25800,49600,780500,500,324250000,152607000,168358000,3285000
18265.2,-426900,-2802594000,14032700000,35430.4,4830.4,0.8,20300,-5000,-32620000,6.5,"2022-12-08T13:15:00.000Z",1670505300000,6.57,6.5,6.57,44.5,55.5,0,1.1,0.7,,1.2,25300,45600,803300,,297146000,132263000,164883000,
18265.2,-471700,-3093748000,14357753000,35430.4,4830.4,0.4,27600,-44800,-291154000,6.51,"2022-12-08T13:20:00.000Z",1670505600000,6.51,6.5,6.51,27.6,72.4,0,1.5,2,,2.6,72400,100000,853300,,650106000,179476000,470630000,
18265.2,-469300,-3078032000,14625874000,35430.4,4830.4,1.1,42000,2400,15716000,6.49,"2022-12-08T13:25:00.000Z",1670505900000,6.51,6.48,6.51,50.8,47.9,1.2,2.3,1.1,0.2,0.9,39600,82600,894600,1000,536242000,272734000,257018000,6490000
18265.2,-549100,-3593252000,14892530000,35430.4,4830.4,0,400,-79800,-515220000,6.45,"2022-12-08T13:30:00.000Z",1670506200000,6.48,6.44,6.48,0.5,97.1,2.4,0,2.3,0.4,200.5,80200,82600,935900,2000,533312000,2586000,517806000,12920000
18265.2,-539900,-3534360000,15098398000,35430.4,4830.4,1.3,36400,9200,58892000,6.5,"2022-12-08T13:35:00.000Z",1670506500000,6.51,6.44,6.45,57.2,42.8,0,2,0.8,,0.7,27200,63600,967700,,411736000,235314000,176422000,
18265.2,-540900,-3540832000,15121162000,35430.4,4830.4,0.8,3000,-1000,-6472000,6.5,"2022-12-08T13:40:00.000Z",1670506800000,6.51,6.5,6.5,42.9,57.1,0,0.2,0.1,,1.3,4000,7000,971200,,45528000,19528000,26000000,
18265.2,-554500,-3628724000,15195487000,35430.4,4830.4,0.2,3000,-13600,-87892000,6.46,"2022-12-08T13:45:00.000Z",1670507100000,6.49,6.45,6.49,13,72.2,14.8,0.2,0.5,0.7,5.5,16600,23000,982700,3400,148650000,19380000,107272000,21998000
18265.2,-588200,-3845914000,15513707000,35430.4,4830.4,0.4,24700,-33700,-217190000,6.46,"2022-12-08T13:50:00.000Z",1670507400000,6.47,6.43,6.46,25,59.1,15.9,1.4,1.6,3.3,2.4,58400,98800,1032100,15700,636440000,159068000,376258000,101114000
18265.2,-655100,-4275199000,15935629000,35430.4,4830.4,0.3,31000,-66900,-429285000,6.4,"2022-12-08T13:55:00.000Z",1670507700000,6.46,6.4,6.45,23.6,74.5,1.9,1.7,2.8,0.5,3.2,97900,131400,1097800,2500,843844000,199230000,628515000,16099000
18265.2,-716500,-4667253000,16250696000,35430.4,4830.4,0.2,18600,-61400,-392054000,6.39,"2022-12-08T14:00:00.000Z",1670508000000,6.4,6.37,6.4,18.9,81.1,0,1,2.3,,4.3,80000,98600,1147100,,630134000,119040000,511094000,
18265.2,-709900,-4624915000,16363881000,35430.4,4830.4,1.5,21000,6600,42338000,6.39,"2022-12-08T14:05:00.000Z",1670508300000,6.4,6.38,6.4,59.3,40.7,0,1.1,0.4,,0.7,14400,35400,1164800,,226370000,134354000,92016000,
18265.2,-780000,-5072294000,16683953000,35430.4,4830.4,0.2,14600,-70100,-447379000,6.36,"2022-12-08T14:10:00.000Z",1670508600000,6.41,6.36,6.41,14.5,84.4,1.1,0.8,2.4,0.2,5.8,84700,100400,1215000,1100,640144000,92868000,540247000,7029000
18265.2,-797400,-5182630000,16846633000,35430.4,4830.4,0.5,16800,-17400,-110336000,6.35,"2022-12-08T14:15:00.000Z",1670508900000,6.37,6.35,6.36,32.8,66.8,0.4,0.9,1,0,2,34200,51200,1240600,200,325360000,106876000,217212000,1272000
18265.2,-778400,-5061568000,17043344000,35430.4,4830.4,1.9,40400,19000,121062000,6.39,"2022-12-08T14:20:00.000Z",1670509200000,6.44,6.36,6.36,65.4,34.6,0,2.2,0.6,,0.5,21400,61800,1271500,,393422000,257242000,136180000,
18265.2,-789600,-5132512000,17187438000,35430.4,4830.4,0.6,16800,-11200,-70944000,6.43,"2022-12-08T14:25:00.000Z",1670509500000,6.48,6.4,6.44,37.5,62.5,0,0.9,0.8,,1.7,28000,44800,1293900,,288188000,108622000,179566000,
18265.2,-789600,-5132512000,17521518000,35430.4,4830.4,NaN,,0,0,6.4,"2022-12-08T14:45:00.000Z",1670510700000,6.4,6.4,6.4,0,0,100,,,21.6,NaN,,104400,1346100,104400,668160000,,,668160000
