"abu","acum_busd","acum_busd_val","acum_val_bu","acum_val_sd","acum_val","avg_val_bu","avg_val_sd","rbusd","asd","auk","bs","bu","bu-sd","bu-sd_val","c","date","datetime","h","l","o","pbu","psd","puk","rbu","rsd","ruk","sb","sd","sum_vol","total_vol","uk","val","val_bu","val_sd","val_uk"
75830.4,44800,2836600000,5846920000,3010320000,192268657300,3795109813,3494778082.6,9.4,64210.9,13880.4,1.9,92000,44800,2836600000,63.4,"2022-12-08T09:15:00.000Z",1670490900000,63.9,63.4,63.5,65.4,33.6,1,1.2,0.7,0.1,0.5,47200,140600,70300,1400,8946180000,5846920000,3010320000,88940000
75830.4,74600,4723980000,8525600000,3801620000,194003647300,3795109813,3494778082.6,6.3,64210.9,13880.4,3.4,42300,29800,1887380000,63.3,"2022-12-08T09:20:00.000Z",1670491200000,63.5,63.2,63.4,77.2,22.8,0,0.6,0.2,,0.3,12500,54800,97700,,3469980000,2678680000,791300000,
75830.4,144900,9191490000,14188110000,4996620000,197492917300,3795109813,3494778082.6,14.9,64210.9,13880.4,4.7,89100,70300,4467510000,63.5,"2022-12-08T09:25:00.000Z",1670491500000,63.8,63.3,63.3,81.1,17.1,1.7,1.2,0.3,0.1,0.2,18800,109800,152600,1900,6978540000,5662510000,1195000000,121030000
75830.4,124700,7911050000,15880830000,7969780000,199825857300,3795109813,3494778082.6,-4.3,64210.9,13880.4,0.6,26600,-20200,-1280440000,63.5,"2022-12-08T09:30:00.000Z",1670491800000,63.8,63.5,63.5,36.2,63.8,0,0.4,0.7,,1.8,46800,73400,189300,,4665880000,1692720000,2973160000,
75830.4,115300,7315110000,16719790000,9404680000,200962787300,3795109813,3494778082.6,-2,64210.9,13880.4,0.6,13200,-9400,-595940000,63.6,"2022-12-08T09:35:00.000Z",1670492100000,63.6,63.4,63.5,36.9,63.1,0,0.2,0.4,,1.7,22600,35800,207200,,2273860000,838960000,1434900000,
75830.4,146000,9267940000,19136830000,9868890000,202406597300,3795109813,3494778082.6,6.5,64210.9,13880.4,5.2,38000,30700,1952830000,63.7,"2022-12-08T09:40:00.000Z",1670492400000,63.7,63.5,63.6,83.7,16.1,0.2,0.5,0.1,0,0.2,7300,45400,229900,100,2887620000,2417040000,464210000,6370000
75830.4,200200,12723860000,23025890000,10302030000,204727197300,3795109813,3494778082.6,11.5,64210.9,13880.4,9,61000,54200,3455920000,63.8,"2022-12-08T09:45:00.000Z",1670492700000,63.8,63.6,63.7,90,10,0,0.8,0.1,,0.1,6800,67800,266300,,4322200000,3889060000,433140000,
75830.4,522500,26952546000,39367076000,12414530000,214030616500,3795109813,3494778082.6,47.4,64210.9,13880.4,10.8,355100,322300,14228686000,64.4,"2022-12-08T09:50:00.000Z",1670493000000,64.9,63.8,63.8,90,8.3,1.6,4.7,0.5,0.5,0.1,32800,394400,461000,6500,18868386000,16341186000,2112500000,414700000
75830.4,534900,27755106000,42352476000,14597370000,216614736500,3795109813,3494778082.6,2.7,64210.9,13880.4,1.4,46400,12400,802560000,64.4,"2022-12-08T09:55:00.000Z",1670493300000,64.7,64.1,64.7,57.7,42.3,0,0.6,0.5,,0.7,34000,80400,501200,,5168240000,2985400000,2182840000,
75830.4,529600,27414246000,45237816000,17823570000,219673726500,3795109813,3494778082.6,-1.1,64210.9,13880.4,0.9,44800,-5300,-340860000,64.4,"2022-12-08T10:00:00.000Z",1670493600000,64.5,64.3,64.3,47.2,52.7,0.1,0.6,0.8,0,1.1,50100,95000,548700,100,6117980000,2885340000,3226200000,6440000.000000001
75830.4,505500,25868966000,47408016000,21539050000,222632666500,3795109813,3494778082.6,-5.1,64210.9,13880.4,0.6,33700,-24100,-1545280000,64.2,"2022-12-08T10:05:00.000Z",1670493900000,64.5,64.2,64.4,36.6,62.8,0.5,0.4,0.9,0,1.7,57800,92000,594700,500,5917880000,2170200000,3715480000,32200000.000000004
75830.4,484100,24498046000,47998976000,23500930000,223909086500,3795109813,3494778082.6,-4.6,64210.9,13880.4,0.3,9200,-21400,-1370920000,64.3,"2022-12-08T10:10:00.000Z",1670494200000,64.3,64.1,64.1,23.1,76.9,0,0.1,0.5,,3.3,30600,39800,614600,,2552840000,590960000,1961880000,
75830.4,481700,24345426000,50084336000,25738910000,226070756500,3795109813,3494778082.6,-0.5,64210.9,13880.4,0.9,32400,-2400,-152620000,64.4,"2022-12-08T10:15:00.000Z",1670494500000,64.4,64.2,64.3,48.2,51.8,0,0.4,0.5,,1.1,34800,67200,648200,,4323340000,2085360000,2237980000,
75830.4,487400,24713956000,51417366000,26703410000,227235596500,3795109813,3494778082.6,1.2,64210.9,13880.4,1.4,20700,5700,368530000,64.3,"2022-12-08T10:20:00.000Z",1670494800000,64.4,64.3,64.4,57.2,41.4,1.4,0.3,0.2,0,0.7,15000,36200,666300,500,2329680000,1333030000,964500000,32150000
75830.4,704800,38733296000,65803786000,27070490000,234612346500,3795109813,3494778082.6,46.7,64210.9,13880.4,39.1,223100,217400,14019340000,64.5,"2022-12-08T10:25:00.000Z",1670495100000,64.5,64.4,64.4,97.5,2.5,0,2.9,0.1,,0,5700,228800,780700,,14753500000,14386420000,367080000,
75830.4,815000,45867816000,73741166000,27873350000,238982466500,3795109813,3494778082.6,23.8,64210.9,13880.4,9.9,122600,110200,7134520000,64.9,"2022-12-08T10:30:00.000Z",1670495400000,64.9,64.5,64.5,90.8,9.2,0,1.6,0.2,,0.1,12400,135000,848200,,8740240000,7937380000,802860000,
75830.4,1301600,62409693000,92043279000,29633586000,249013641000,3795109813,3494778082.6,55.1,64210.9,13880.4,12.8,528000,486600,16541877000,65.8,"2022-12-08T10:35:00.000Z",1670495700000,65.8,64.8,64.8,92.7,7.3,0,7,0.6,,0.1,41400,569400,1132900,,20062349000,18302113000,1760236000,
75830.4,1308800,62901853000,97351599000,34449746000,254075881000,3795109813,3494778082.6,1.6,64210.9,13880.4,1.1,80700,7200,492160000,65.3,"2022-12-08T10:40:00.000Z",1670496000000,65.8,65.3,65.8,52.3,47.7,0,1.1,1.1,,0.9,73500,154200,1210000,,10124480000,5308320000,4816160000,
75830.4,1354400,62244620000,98190633000,35946013000,255243531500,3795109813,3494778082.6,-2.2,64210.9,13880.4,2.1,88400,45600,-657233000,65.2,"2022-12-08T10:45:00.000Z",1670496300000,65.3,64.7,65.3,67.4,32.6,0,1.2,0.7,,0.5,42800,131200,1275600,,2335301000,839034000,1496267000,
75830.4,1365000,61999936000,99389279000,37389343000,256564519500,3795109813,3494778082.6,-0.8,64210.9,13880.4,1.2,62800,10600,-244684000,65,"2022-12-08T10:50:00.000Z",1670496600000,65.1,64.8,65.1,54.6,45.4,0,0.8,0.8,,0.8,52200,115000,1333100,,2641976000,1198646000,1443330000,
75830.4,1332000,59642157000,100710780000,41068623000,259064910000,3795109813,3494778082.6,-7.9,64210.9,13880.4,0.4,23800,-33000,-2357779000,64.7,"2022-12-08T10:55:00.000Z",1670496900000,65,64.7,64.8,29.5,70.5,0,0.3,0.9,,2.4,56800,80600,1373400,,5000781000,1321501000,3679280000,
75830.4,1351300,60887747000,104930760000,44043013000,262665320000,3795109813,3494778082.6,4.1,64210.9,13880.4,1.4,65400,19300,1245590000,64.5,"2022-12-08T11:00:00.000Z",1670497200000,64.6,64.4,64.6,58.6,41.3,0.1,0.9,0.7,0,0.7,46100,111600,1429200,100,7200820000,4219980000,2974390000,6450000
75830.4,1350300,60826167000,106484000000,45657833000,264249350000,3795109813,3494778082.6,-0.2,64210.9,13880.4,1,24000,-1000,-61580000,64.6,"2022-12-08T11:05:00.000Z",1670497500000,64.8,64.5,64.5,49,51,0,0.3,0.4,,1,25000,49000,1453700,,3168060000,1553240000,1614820000,
75830.4,1338400,60060267000,108588810000,48528543000,266753260000,3795109813,3494778082.6,-2.6,64210.9,13880.4,0.7,32600,-11900,-765900000,64.6,"2022-12-08T11:10:00.000Z",1670497800000,64.8,64.5,64.7,42.3,57.7,0,0.4,0.7,,1.4,44500,77100,1492500,,4975520000,2104810000,2870710000,
75830.4,1355600,61175027000,111136230000,49961203000,268794900000,3795109813,3494778082.6,3.7,64210.9,13880.4,1.8,39400,17200,1114760000,64.8,"2022-12-08T11:15:00.000Z",1670498100000,64.8,64.5,64.5,61.9,34.9,3.3,0.5,0.3,0.2,0.6,22200,63700,1524100,2100,4115580000,2547420000,1432660000,135500000
75830.4,1365200,61800067000,113751630000,51951563000,271097780000,3795109813,3494778082.6,2.1,64210.9,13880.4,1.3,40400,9600,625040000,64.5,"2022-12-08T11:20:00.000Z",1670498400000,64.8,64.5,64.8,56.7,43.3,0,0.5,0.5,,0.8,30800,71200,1559700,,4605760000,2615400000,1990360000,
75830.4,1344600,60470007000,114668970000,54198963000,272680150000,3795109813,3494778082.6,-4.4,64210.9,13880.4,0.4,14200,-20600,-1330060000,64.6,"2022-12-08T11:25:00.000Z",1670498700000,64.7,64.5,64.5,29,71,0,0.2,0.5,,2.5,34800,49000,1584200,,3164740000,917340000,2247400000,
75830.4,1311900,58364527000,117393580000,59029053000,276460540000,3795109813,3494778082.6,-7,64210.9,13880.4,0.6,42200,-32700,-2105480000,64.5,"2022-12-08T13:00:00.000Z",1670504400000,64.6,64.4,64.6,36,63.9,0.1,0.6,1.2,0,1.8,74900,117200,1642800,100,7561160000,2724610000,4830090000,6459999.999999999
75830.4,1373900,62377967000,122181140000,59803173000,279241380000,3795109813,3494778082.6,13.4,64210.9,13880.4,6.2,74000,62000,4013440000,64.8,"2022-12-08T13:05:00.000Z",1670504700000,64.8,64.5,64.5,86,14,0,1,0.2,,0.2,12000,86000,1685800,,5561680000,4787560000,774120000,
75830.4,1315100,58578907000,123086560000,64507653000,282046330000,3795109813,3494778082.6,-12.6,64210.9,13880.4,0.2,14000,-58800,-3799060000,64.6,"2022-12-08T13:10:00.000Z",1670505000000,64.8,64.5,64.8,16.1,83.9,0,0.2,1.1,,5.2,72800,86800,1729200,,5609900000,905420000,4704480000,
75830.4,1301700,57714547000,125819700000,68105153000,285218120000,3795109813,3494778082.6,-2.9,64210.9,13880.4,0.8,42200,-13400,-864360000,64.6,"2022-12-08T13:15:00.000Z",1670505300000,64.8,64.6,64.6,43.1,56.7,0.2,0.6,0.9,0,1.3,55600,98000,1778200,200,6343580000,2733140000,3597500000,12940000
75830.4,1124700,46312807000,127615920000,81303113000,292721670000,3795109813,3494778082.6,-38,64210.9,13880.4,0.1,27800,-177000,-11401740000,64.3,"2022-12-08T13:20:00.000Z",1670505600000,64.7,64.2,64.6,11.9,88,0.1,0.4,3.2,0,7.4,204800,232800,1894600,200,15007100000,1796220000,13197960000,12919999.999999998
75830.4,1092100,44226347000,131651760000,87425413000,297884590000,3795109813,3494778082.6,-6.9,64210.9,13880.4,0.7,62700,-32600,-2086460000,64.3,"2022-12-08T13:25:00.000Z",1670505900000,64.5,64.2,64.2,39,59.3,1.6,0.8,1.5,0.2,1.5,95300,160600,1974900,2600,10325840000,4035840000,6122300000,167700000
75830.4,929100,39227487000,134338975200,95111488200,303077708400,3795109813,3494778082.6,-16.6,64210.9,13880.4,0.3,73600,-163000,-4998860000,64,"2022-12-08T13:30:00.000Z",1670506200000,64.3,63.7,64.2,23.5,75.6,0.9,1,3.7,0.2,3.2,236600,313000,2131400,2800,10386236800,2687215200,7686075200,12946400
75830.4,948400,40654581400,137960395200,97305813800,305985635600,3795109813,3494778082.6,4.8,64210.9,13880.4,1.5,56400,19300,1427094400,64.2,"2022-12-08T13:35:00.000Z",1670506500000,64.3,63.9,64.1,59.2,39,1.8,0.7,0.6,0.1,0.7,37100,95200,2179000,1700,5815854400,3621420000,2194325600,108800
75830.4,954400,41515727800,139722261600,98206533800,307406798800,3795109813,3494778082.6,2.9,64210.9,13880.4,1.1,55000,6000,861146400,64,"2022-12-08T13:40:00.000Z",1670506800000,64.3,64,64.2,51.5,45.9,2.6,0.7,0.8,0.2,0.9,49000,106800,2232400,2800,2842326400,1761866400,900720000,179740000
75830.4,838600,35798311000,140451404000,104653093000,310994649600,3795109813,3494778082.6,-19,64210.9,13880.4,0.2,23000,-115800,-5717416800,63.7,"2022-12-08T13:45:00.000Z",1670507100000,64.2,63.7,64.1,14.2,85.8,0,0.3,2.2,,6,138800,161800,2313300,,7175701600,729142400,6446559200,
75830.4,774600,31726531000,142190834000,110464303000,314801869600,3795109813,3494778082.6,-13.6,64210.9,13880.4,0.3,27300,-64000,-4071780000,63.7,"2022-12-08T13:50:00.000Z",1670507400000,63.9,63.6,63.7,22.8,76.3,0.8,0.4,1.4,0.1,3.3,91300,119600,2373100,1000,7614440000,1739430000,5811210000,63800000
75830.4,822400,34776251000,146695074000,111918823000,317813199600,3795109813,3494778082.6,10.2,64210.9,13880.4,3.1,70600,47800,3049720000,63.7,"2022-12-08T13:55:00.000Z",1670507700000,63.9,63.7,63.7,74.8,24.2,1.1,0.9,0.4,0.1,0.3,22800,94400,2420300,1000,6022660000,4504240000,1454520000,63900000
75830.4,605400,20985871000,149197004000,128211133000,327210319600,3795109813,3494778082.6,-45.9,64210.9,13880.4,0.2,39400,-217000,-13790380000,63.6,"2022-12-08T14:00:00.000Z",1670508000000,63.8,63.3,63.7,13.3,86.7,0,0.5,4,,6.5,256400,295800,2568200,,18794240000,2501930000,16292310000,
75830.4,712000,27754891000,160522504000,132767613000,335151309600,3795109813,3494778082.6,22.5,64210.9,13880.4,2.5,178600,106600,6769020000,63.7,"2022-12-08T14:05:00.000Z",1670508300000,63.7,63.2,63.5,71.3,28.7,0,2.4,1.1,,0.4,72000,250600,2693500,,15881980000,11325500000,4556480000,
75830.4,589000,19963191000,161917384000,141954193000,341258859600,3795109813,3494778082.6,-25.9,64210.9,13880.4,0.2,21900,-123000,-7791700000,63.2,"2022-12-08T14:10:00.000Z",1670508600000,63.9,63.2,63.7,11.4,75.2,13.4,0.3,2.3,1.9,6.6,144900,192600,2789800,25800,12215100000,1394880000,9186580000,1633640000
75830.4,513300,13335953200,163268319800,149932366600,346153957700,3795109813,3494778082.6,-22.1,64210.9,13880.4,0.8,227800,-75700,-6627237800,63.2,"2022-12-08T14:15:00.000Z",1670508900000,63.2,62.9,63.2,42.8,57,0.2,3,4.7,0.1,1.3,303500,532200,3055900,900,9341773500,1350935800,7978173600,12664100
75830.4,516100,14190398000,169711209800,155520811800,352468195300,3795109813,3494778082.6,2.8,64210.9,13880.4,1,101300,2800,854444800,63.8,"2022-12-08T14:20:00.000Z",1670509200000,63.9,63,63.2,48.4,47.1,4.5,1.3,1.5,0.7,1,98500,209200,3160500,9400,12628055200,6442890000,5588445200,596720000
75830.4,534500,13815259600,174575051400,160759791800,357756042500,3795109813,3494778082.6,-1.2,64210.9,13880.4,1.2,100500,18400,-375138400,63.9,"2022-12-08T14:25:00.000Z",1670509500000,64,63.8,63.9,52.8,43.2,4,1.3,1.3,0.5,0.8,82100,190200,3255600,7600,10588461600,4863841600,5238980000,485640000
75830.4,534500,13815259600,174575051400,160759791800,376084282500,3795109813,3494778082.6,0,64210.9,13880.4,NaN,,0,0,64.4,"2022-12-08T14:45:00.000Z",1670510700000,64.4,64.4,64.4,0,0,100,,,41,NaN,,569200,3540200,569200,36656480000,,,36656480000
