"abu","acum_busd","acum_busd_val","acum_val_bu","acum_val_sd","acum_val","avg_val_bu","avg_val_sd","rbusd","asd","auk","bs","bu","bu-sd","bu-sd_val","c","date","datetime","h","l","o","pbu","psd","puk","rbu","rsd","ruk","sb","sd","sum_vol","total_vol","uk","val","val_bu","val_sd","val_uk"
7568.1,600,1200,1200,0,773336400,14494544.9,7464463.8,0,4481.2,217.4,Infinity,600,600,1200,2,"2022-12-08T09:02:00.000Z",1670490120000,2,2,2,100,0,0,0.1,,,0,,600,300,,1200,1200,,
7568.1,2600,5200,5200,0,773338400,14494544.9,7464463.8,0,4481.2,217.4,Infinity,2000,2000,4000,2,"2022-12-08T09:04:00.000Z",1670490240000,2,2,2,100,0,0,0.3,,,0,,2000,1300,,4000,4000,,
7568.1,14400,28800,28800,0,773350200,14494544.9,7464463.8,0,4481.2,217.4,Infinity,11800,11800,23600,2,"2022-12-08T09:06:00.000Z",1670490360000,2,2,2,100,0,0,1.6,,,0,,11800,7200,,23600,23600,,
7568.1,15800,31600,31600,0,773351600,14494544.9,7464463.8,0,4481.2,217.4,Infinity,1400,1400,2800,2,"2022-12-08T09:08:00.000Z",1670490480000,2,2,2,100,0,0,0.2,,,0,,1400,7900,,2800,2800,,
7568.1,53400,11855600,11863600,8000,779271600,14494544.9,7464463.8,1.7,4481.2,217.4,10.4,41600,37600,11824000,2.1,"2022-12-08T09:10:00.000Z",1670490600000,2.1,2,2,91.2,8.8,0,5.5,0.9,,0.1,4000,45600,30700,,11840000,11832000,8000,
7568.1,74400,55955600,55963600,8000,801321600,14494544.9,7464463.8,6.3,4481.2,217.4,Infinity,21000,21000,44100000,2.1,"2022-12-08T09:14:00.000Z",1670490840000,2.1,2.1,2.1,100,0,0,2.8,,,0,,21000,41200,,44100000,44100000,,
7568.1,78800,65195600,65203600,8000,805941600,14494544.9,7464463.8,1.3,4481.2,217.4,Infinity,4400,4400,9240000,2.1,"2022-12-08T09:18:00.000Z",1670491080000,2.1,2.1,2.1,100,0,0,0.6,,,0,,4400,43400,,9240000,9240000,,
7568.1,81400,70655600,70663600,8000,808671600,14494544.9,7464463.8,0.8,4481.2,217.4,Infinity,2600,2600,5460000,2.1,"2022-12-08T09:22:00.000Z",1670491320000,2.1,2.1,2.1,100,0,0,0.3,,,0,,2600,44700,,5460000,5460000,,
7568.1,124200,160535600,160543600,8000,853611600,14494544.9,7464463.8,12.8,4481.2,217.4,Infinity,42800,42800,89880000,2.1,"2022-12-08T09:24:00.000Z",1670491440000,2.1,2.1,2.1,100,0,0,5.7,,,0,,42800,66100,,89880000,89880000,,
7568.1,153200,221435600,223543600,2108000,886161600,14494544.9,7464463.8,8.7,4481.2,217.4,30,30000,29000,60900000,2.1,"2022-12-08T09:26:00.000Z",1670491560000,2.1,2.1,2.1,96.8,3.2,0,4,0.2,,0,1000,31000,81600,,65100000,63000000,2100000,
7568.1,154400,224075600,226183600,2108000,887481600,14494544.9,7464463.8,0.4,4481.2,217.4,Infinity,1200,1200,2640000.0000000005,2.2,"2022-12-08T09:30:00.000Z",1670491800000,2.2,2.2,2.2,100,0,0,0.2,,,0,,1200,82200,,2640000.0000000005,2640000.0000000005,,
7568.1,163800,244755600,246863600,2108000,897821600,14494544.9,7464463.8,2.9,4481.2,217.4,Infinity,9400,9400,20680000,2.2,"2022-12-08T09:34:00.000Z",1670492040000,2.2,2.2,2.2,100,0,0,1.2,,,0,,9400,86900,,20680000,20680000,,
7568.1,141800,198555600,246863600,48308000,920921600,14494544.9,7464463.8,6.6,4481.2,217.4,0,,-22000,-46200000,2.1,"2022-12-08T09:36:00.000Z",1670492160000,2.1,2.1,2.1,0,100,0,,4.9,,Infinity,22000,22000,97900,,46200000,,46200000,
7568.1,141600,198135600,246863600,48728000,922181600,14494544.9,7464463.8,0.1,4481.2,217.4,0,,-200,-420000,2.1,"2022-12-08T09:38:00.000Z",1670492280000,2.1,2.1,2.1,0,16.7,83.3,,0,4.6,Infinity,200,1200,98500,1000,2520000,,420000,2100000
7568.1,138200,190995600,246863600,55868000,925751600,14494544.9,7464463.8,1,4481.2,217.4,0,,-3400,-7140000,2.1,"2022-12-08T09:40:00.000Z",1670492400000,2.1,2.1,2.1,0,100,0,,0.8,,Infinity,3400,3400,100200,,7140000,,7140000,
7568.1,153600,223335600,279623600,56288000,942341600,14494544.9,7464463.8,4.6,4481.2,217.4,78,15600,15400,32340000,2.1,"2022-12-08T09:42:00.000Z",1670492520000,2.1,2.1,2.1,98.7,1.3,0,2.1,0,,0,200,15800,108100,,33180000,32760000,420000,
7568.1,149800,215355600,279623600,64268000,961031600,14494544.9,7464463.8,1.1,4481.2,217.4,0,,-3800,-7980000,2.1,"2022-12-08T09:46:00.000Z",1670492760000,2.1,2.1,2.1,0,21.3,78.7,,0.8,64.4,Infinity,3800,17800,117000,14000,37380000,,7980000,29400000
7568.1,147000,209475600,279623600,70148000,963971600,14494544.9,7464463.8,0.8,4481.2,217.4,0,,-2800,-5880000,2.1,"2022-12-08T09:50:00.000Z",1670493000000,2.1,2.1,2.1,0,100,0,,0.6,,Infinity,2800,2800,118400,,5880000,,5880000,
7568.1,138200,190995600,279623600,88628000,973211600,14494544.9,7464463.8,2.6,4481.2,217.4,0,,-8800,-18480000,2.1,"2022-12-08T09:52:00.000Z",1670493120000,2.1,2.1,2.1,0,100,0,,2,,Infinity,8800,8800,122800,,18480000,,18480000,
7568.1,139600,193935600,282563600,88628000,974681600,14494544.9,7464463.8,0.4,4481.2,217.4,Infinity,1400,1400,2940000,2.1,"2022-12-08T09:54:00.000Z",1670493240000,2.1,2.1,2.1,100,0,0,0.2,,,0,,1400,123500,,2940000,2940000,,
7568.1,133000,180275600,295363600,115088000,994311600,14494544.9,7464463.8,1.9,4481.2,217.4,0.5,6000,-6600,-13660000,2.2,"2022-12-08T09:56:00.000Z",1670493360000,2.2,2.1,2.1,32.3,67.7,0,0.8,2.8,,2.1,12600,18600,132800,,39260000,12800000,26460000,
7568.1,133600,181595600,296683600,115088000,994971600,14494544.9,7464463.8,0.2,4481.2,217.4,Infinity,600,600,1320000.0000000002,2.2,"2022-12-08T10:02:00.000Z",1670493720000,2.2,2.2,2.2,100,0,0,0.1,,,0,,600,133100,,1320000.0000000002,1320000.0000000002,,
7568.1,133400,181175600,296683600,115508000,995181600,14494544.9,7464463.8,0.1,4481.2,217.4,0,,-200,-420000,2.1,"2022-12-08T10:04:00.000Z",1670493840000,2.1,2.1,2.1,0,100,0,,0,,Infinity,200,200,133200,,420000,,420000,
7568.1,133600,181615600,297123600,115508000,995401600,14494544.9,7464463.8,0.1,4481.2,217.4,Infinity,200,200,440000.00000000006,2.2,"2022-12-08T10:10:00.000Z",1670494200000,2.2,2.2,2.2,100,0,0,0,,,0,,200,133300,,440000.00000000006,440000.00000000006,,
7568.1,141800,199655600,315163600,115508000,1004421600,14494544.9,7464463.8,2.6,4481.2,217.4,Infinity,8200,8200,18040000,2.2,"2022-12-08T10:14:00.000Z",1670494440000,2.2,2.2,2.2,100,0,0,1.1,,,0,,8200,137400,,18040000,18040000,,
7568.1,141200,198395600,315163600,116768000,1005051600,14494544.9,7464463.8,0.2,4481.2,217.4,0,,-600,-1260000,2.1,"2022-12-08T10:16:00.000Z",1670494560000,2.1,2.1,2.1,0,100,0,,0.1,,Infinity,600,600,137700,,1260000,,1260000,
7568.1,136800,189155600,315163600,126008000,1009671600,14494544.9,7464463.8,1.3,4481.2,217.4,0,,-4400,-9240000,2.1,"2022-12-08T10:28:00.000Z",1670495280000,2.1,2.1,2.1,0,100,0,,1,,Infinity,4400,4400,139900,,9240000,,9240000,
7568.1,136200,187895600,315163600,127268000,1010301600,14494544.9,7464463.8,0.2,4481.2,217.4,0,,-600,-1260000,2.1,"2022-12-08T10:38:00.000Z",1670495880000,2.1,2.1,2.1,0,100,0,,0.1,,Infinity,600,600,140200,,1260000,,1260000,
7568.1,147000,211655600,338923600,127268000,1022181600,14494544.9,7464463.8,3.4,4481.2,217.4,Infinity,10800,10800,23760000,2.2,"2022-12-08T10:44:00.000Z",1670496240000,2.2,2.2,2.2,100,0,0,1.4,,,0,,10800,145600,,23760000,23760000,,
7568.1,147400,212535600,339803600,127268000,1022621600,14494544.9,7464463.8,0.1,4481.2,217.4,Infinity,400,400,880000.0000000001,2.2,"2022-12-08T10:46:00.000Z",1670496360000,2.2,2.2,2.2,100,0,0,0.1,,,0,,400,145800,,880000.0000000001,880000.0000000001,,
7568.1,149400,216935600,344203600,127268000,1024821600,14494544.9,7464463.8,0.6,4481.2,217.4,Infinity,2000,2000,4400000,2.2,"2022-12-08T10:58:00.000Z",1670497080000,2.2,2.2,2.2,100,0,0,0.3,,,0,,2000,146800,,4400000,4400000,,
7568.1,151400,221335600,348603600,127268000,1027021600,14494544.9,7464463.8,0.6,4481.2,217.4,Infinity,2000,2000,4400000,2.2,"2022-12-08T11:04:00.000Z",1670497440000,2.2,2.2,2.2,100,0,0,0.3,,,0,,2000,147800,,4400000,4400000,,
7568.1,152600,223975600,351243600,127268000,1028341600,14494544.9,7464463.8,0.4,4481.2,217.4,Infinity,1200,1200,2640000,2.2,"2022-12-08T11:10:00.000Z",1670497800000,2.2,2.2,2.2,100,0,0,0.2,,,0,,1200,148400,,2640000,2640000,,
7568.1,152800,224415600,351683600,127268000,1028561600,14494544.9,7464463.8,0.1,4481.2,217.4,Infinity,200,200,440000.00000000006,2.2,"2022-12-08T11:12:00.000Z",1670497920000,2.2,2.2,2.2,100,0,0,0,,,0,,200,148500,,440000.00000000006,440000.00000000006,,
7568.1,170800,264015600,391283600,127268000,1048361600,14494544.9,7464463.8,5.6,4481.2,217.4,Infinity,18000,18000,39600000,2.2,"2022-12-08T11:14:00.000Z",1670498040000,2.2,2.2,2.2,100,0,0,2.4,,,0,,18000,157500,,39600000,39600000,,
7568.1,170200,262755600,391283600,128528000,1048991600,14494544.9,7464463.8,0.2,4481.2,217.4,0,,-600,-1260000,2.1,"2022-12-08T11:16:00.000Z",1670498160000,2.1,2.1,2.1,0,100,0,,0.1,,Infinity,600,600,157800,,1260000,,1260000,
7568.1,179200,282555600,411083600,128528000,1058891600,14494544.9,7464463.8,2.8,4481.2,217.4,Infinity,9000,9000,19800000,2.2,"2022-12-08T11:18:00.000Z",1670498280000,2.2,2.2,2.2,100,0,0,1.2,,,0,,9000,162300,,19800000,19800000,,
7568.1,179400,282995600,411523600,128528000,1059111600,14494544.9,7464463.8,0.1,4481.2,217.4,Infinity,200,200,440000.00000000006,2.2,"2022-12-08T11:20:00.000Z",1670498400000,2.2,2.2,2.2,100,0,0,0,,,0,,200,162400,,440000.00000000006,440000.00000000006,,
7568.1,181200,286955600,415483600,128528000,1061091600,14494544.9,7464463.8,0.6,4481.2,217.4,Infinity,1800,1800,3960000,2.2,"2022-12-08T13:00:00.000Z",1670504400000,2.2,2.2,2.2,100,0,0,0.2,,,0,,1800,163300,,3960000,3960000,,
7568.1,169600,262595600,415483600,152888000,1073271600,14494544.9,7464463.8,3.5,4481.2,217.4,0,,-11600,-24360000,2.1,"2022-12-08T13:04:00.000Z",1670504640000,2.1,2.1,2.1,0,100,0,,2.6,,Infinity,11600,11600,169100,,24360000,,24360000,
7568.1,167600,258395600,415483600,157088000,1075371600,14494544.9,7464463.8,0.6,4481.2,217.4,0,,-2000,-4200000,2.1,"2022-12-08T13:10:00.000Z",1670505000000,2.1,2.1,2.1,0,100,0,,0.4,,Infinity,2000,2000,170100,,4200000,,4200000,
7568.1,164200,251255600,415483600,164228000,1078941600,14494544.9,7464463.8,1,4481.2,217.4,0,,-3400,-7140000,2.1,"2022-12-08T13:12:00.000Z",1670505120000,2.1,2.1,2.1,0,100,0,,0.8,,Infinity,3400,3400,171800,,7140000,,7140000,
7568.1,162200,247055600,415483600,168428000,1081041600,14494544.9,7464463.8,0.6,4481.2,217.4,0,,-2000,-4200000,2.1,"2022-12-08T13:16:00.000Z",1670505360000,2.1,2.1,2.1,0,100,0,,0.4,,Infinity,2000,2000,172800,,4200000,,4200000,
7568.1,146400,213875600,415483600,201608000,1097631600,14494544.9,7464463.8,4.7,4481.2,217.4,0,,-15800,-33180000,2.1,"2022-12-08T13:20:00.000Z",1670505600000,2.1,2.1,2.1,0,100,0,,3.5,,Infinity,15800,15800,180700,,33180000,,33180000,
7568.1,145600,212195600,415483600,203288000,1098471600,14494544.9,7464463.8,0.2,4481.2,217.4,0,,-800,-1680000,2.1,"2022-12-08T13:22:00.000Z",1670505720000,2.1,2.1,2.1,0,100,0,,0.2,,Infinity,800,800,181100,,1680000,,1680000,
7568.1,138800,197915600,415483600,217568000,1105611600,14494544.9,7464463.8,2,4481.2,217.4,0,,-6800,-14280000,2.1,"2022-12-08T13:24:00.000Z",1670505840000,2.1,2.1,2.1,0,100,0,,1.5,,Infinity,6800,6800,184500,,14280000,,14280000,
7568.1,137400,195155600,419443600,224288000,1110951600,14494544.9,7464463.8,0.4,4481.2,217.4,0.6,1800,-1400,-2759999.9999999995,2.2,"2022-12-08T13:26:00.000Z",1670505960000,2.2,2.1,2.1,36,64,0,0.2,0.7,,1.8,3200,5000,187000,,10680000,3960000.0000000005,6720000,
7568.1,138800,198235600,422523600,224288000,1112491600,14494544.9,7464463.8,0.4,4481.2,217.4,Infinity,1400,1400,3080000.0000000005,2.2,"2022-12-08T13:28:00.000Z",1670506080000,2.2,2.2,2.2,100,0,0,0.2,,,0,,1400,187700,,3080000.0000000005,3080000.0000000005,,
7568.1,142200,205775600,431323600,225548000,1117521600,14494544.9,7464463.8,1.1,4481.2,217.4,6.7,4000,3400,7540000,2.1,"2022-12-08T13:34:00.000Z",1670506440000,2.2,2.1,2.2,87,13,0,0.5,0.1,,0.2,600,4600,190000,,10060000,8800000,1260000,
7568.1,142000,205355600,431323600,225968000,1117731600,14494544.9,7464463.8,0.1,4481.2,217.4,0,,-200,-420000,2.1,"2022-12-08T13:36:00.000Z",1670506560000,2.1,2.1,2.1,0,100,0,,0,,Infinity,200,200,190100,,420000,,420000,
7568.1,142400,206235600,432203600,225968000,1118171600,14494544.9,7464463.8,0.1,4481.2,217.4,Infinity,400,400,880000.0000000001,2.2,"2022-12-08T13:38:00.000Z",1670506680000,2.2,2.2,2.2,100,0,0,0.1,,,0,,400,190300,,880000.0000000001,880000.0000000001,,
7568.1,152400,228235600,454203600,225968000,1129171600,14494544.9,7464463.8,3.1,4481.2,217.4,Infinity,10000,10000,22000000,2.2,"2022-12-08T13:40:00.000Z",1670506800000,2.2,2.2,2.2,100,0,0,1.3,,,0,,10000,195300,,22000000,22000000,,
7568.1,172600,272675600,498643600,225968000,1151391600,14494544.9,7464463.8,6.3,4481.2,217.4,Infinity,20200,20200,44440000,2.2,"2022-12-08T13:50:00.000Z",1670507400000,2.2,2.2,2.2,100,0,0,2.7,,,0,,20200,205400,,44440000,44440000,,
7568.1,172800,273115600,499083600,225968000,1151611600,14494544.9,7464463.8,0.1,4481.2,217.4,Infinity,200,200,440000.00000000006,2.2,"2022-12-08T13:54:00.000Z",1670507640000,2.2,2.2,2.2,100,0,0,0,,,0,,200,205500,,440000.00000000006,440000.00000000006,,
7568.1,189200,309195600,535163600,225968000,1169651600,14494544.9,7464463.8,5.1,4481.2,217.4,Infinity,16400,16400,36080000,2.2,"2022-12-08T13:56:00.000Z",1670507760000,2.2,2.2,2.2,100,0,0,2.2,,,0,,16400,213700,,36080000,36080000,,
7568.1,185200,300795600,535163600,234368000,1173851600,14494544.9,7464463.8,1.2,4481.2,217.4,0,,-4000,-8400000,2.1,"2022-12-08T14:00:00.000Z",1670508000000,2.1,2.1,2.1,0,100,0,,0.9,,Infinity,4000,4000,215700,,8400000,,8400000,
7568.1,175400,280215600,535163600,254948000,1184141600,14494544.9,7464463.8,2.9,4481.2,217.4,0,,-9800,-20580000,2.1,"2022-12-08T14:02:00.000Z",1670508120000,2.1,2.1,2.1,0,100,0,,2.2,,Infinity,9800,9800,220600,,20580000,,20580000,
7568.1,173000,275175600,535163600,259988000,1186661600,14494544.9,7464463.8,0.7,4481.2,217.4,0,,-2400,-5040000,2.1,"2022-12-08T14:04:00.000Z",1670508240000,2.1,2.1,2.1,0,100,0,,0.5,,Infinity,2400,2400,221800,,5040000,,5040000,
7568.1,131200,187395600,535163600,347768000,1230551600,14494544.9,7464463.8,12.5,4481.2,217.4,0,,-41800,-87780000,2.1,"2022-12-08T14:06:00.000Z",1670508360000,2.1,2.1,2.1,0,100,0,,9.3,,Infinity,41800,41800,242700,,87780000,,87780000,
7568.1,127400,179415600,535163600,355748000,1234541600,14494544.9,7464463.8,1.1,4481.2,217.4,0,,-3800,-7980000,2.1,"2022-12-08T14:08:00.000Z",1670508480000,2.1,2.1,2.1,0,100,0,,0.8,,Infinity,3800,3800,244600,,7980000,,7980000,
7568.1,123400,171015600,535163600,364148000,1238741600,14494544.9,7464463.8,1.2,4481.2,217.4,0,,-4000,-8400000,2.1,"2022-12-08T14:12:00.000Z",1670508720000,2.1,2.1,2.1,0,100,0,,0.9,,Infinity,4000,4000,246600,,8400000,,8400000,
7568.1,267000,472575600,922823600,450248000,1475621600,14494544.9,7464463.8,42.9,4481.2,217.4,4.5,184600,143600,301560000,2.1,"2022-12-08T14:16:00.000Z",1670508960000,2.1,2.1,2.1,81.8,18.2,0,24.4,9.1,,0.2,41000,225600,359400,,473760000,387660000,86100000,
7568.1,210600,480015600,930383600,450368000,1479461600,14494544.9,7464463.8,1.1,4481.2,217.4,0.1,3600,-56400,7440000,2.1,"2022-12-08T14:18:00.000Z",1670509080000,2.1,2,2.1,5.7,94.3,0,0.5,13.4,,16.7,60000,63600,391200,,7680000,7560000,120000,
7568.1,227400,515295600,965663600,450368000,1497101600,14494544.9,7464463.8,5,4481.2,217.4,Infinity,16800,16800,35280000,2.1,"2022-12-08T14:20:00.000Z",1670509200000,2.1,2.1,2.1,100,0,0,2.2,,,0,,16800,399600,,35280000,35280000,,
7568.1,227800,516135600,966503600,450368000,1497521600,14494544.9,7464463.8,0.1,4481.2,217.4,Infinity,400,400,840000,2.1,"2022-12-08T14:22:00.000Z",1670509320000,2.1,2.1,2.1,100,0,0,0.1,,,0,,400,399800,,840000,840000,,
7568.1,229800,520335600,970703600,450368000,1499621600,14494544.9,7464463.8,0.6,4481.2,217.4,Infinity,2000,2000,4200000,2.1,"2022-12-08T14:24:00.000Z",1670509440000,2.1,2.1,2.1,100,0,0,0.3,,,0,,2000,400800,,4200000,4200000,,
7568.1,233400,527915600,1000123600,472208000,1525251600,14494544.9,7464463.8,1.1,4481.2,217.4,1.3,14000,3600,7580000,2.2,"2022-12-08T14:28:00.000Z",1670509680000,2.2,2.1,2.1,57.4,42.6,0,1.8,2.3,,0.7,10400,24400,413000,,51260000,29420000,21840000,
7568.1,215000,489275600,1000123600,510848000,1544571600,14494544.9,7464463.8,5.5,4481.2,217.4,0,,-18400,-38640000,2.1,"2022-12-08T14:44:00.000Z",1670510640000,2.1,2.1,2.1,0,100,0,,4.1,,Infinity,18400,18400,422200,,38640000,,38640000,
7568.1,213000,485075600,1000123600,515048000,1546671600,14494544.9,7464463.8,0.6,4481.2,217.4,0,,-2000,-4200000,2.1,"2022-12-08T14:48:00.000Z",1670510880000,2.1,2.1,2.1,0,100,0,,0.4,,Infinity,2000,2000,423200,,4200000,,4200000,
