"abu","acum_busd","acum_busd_val","acum_val","asd","auk","bs","bu","bu-sd","bu-sd_val","c","date","datetime","h","l","o","pbu","psd","puk","rbu","rsd","ruk","sb","sd","sum_vol","total_vol","uk","val","val_bu","val_sd","val_uk"
8302.3,600,41820000,16259280000,2234.1,168.2,Infinity,600,600,41820000,69.7,"2022-12-08T09:10:00.000Z",1670490600000,69.7,69.7,69.7,100,0,0,0.1,,,0,,600,300,,41820000,41820000,,
8302.3,-3400,-234980000,16397680000,2234.1,168.2,0,,-4000,-276800000,69.1,"2022-12-08T09:14:00.000Z",1670490840000,69.3,69.1,69.3,0,100,0,,1.8,,Infinity,4000,4000,2300,,276800000,,276800000,
8302.3,7600,533440000,16809770000,2234.1,168.2,28.5,11400,11000,768420000,69.9,"2022-12-08T09:16:00.000Z",1670490960000,69.9,69.7,69.7,96.6,3.4,0,1.4,0.2,,0,400,11800,8200,,824180000,796300000,27880000,
8302.3,7200,505560000,16851630000,2234.1,168.2,0.5,400,-400,-27880000,69.7,"2022-12-08T09:18:00.000Z",1670491080000,69.9,69.7,69.9,33.3,66.7,0,0,0.4,,2,800,1200,8800,,83720000,27920000,55800000,
8302.3,3200,229960000,16989430000,2234.1,168.2,0,,-4000,-275600000,68.9,"2022-12-08T09:20:00.000Z",1670491200000,68.9,68.9,68.9,0,100,0,,1.8,,Infinity,4000,4000,10800,,275600000,,275600000,
8302.3,17600,1222120000,17540630000,2234.1,168.2,19,15200,14400,992160000,68.9,"2022-12-08T09:24:00.000Z",1670491440000,68.9,68.9,68.9,95,5,0,1.8,0.4,,0.1,800,16000,18800,,1102400000,1047280000,55120000.00000001,
8302.3,13800,960760000,17671310000,2234.1,168.2,0,,-3800,-261360000,68.7,"2022-12-08T09:34:00.000Z",1670492040000,68.9,68.7,68.9,0,100,0,,1.7,,Infinity,3800,3800,20700,,261360000,,261360000,
8302.3,39600,2737040000,18559450000,2234.1,168.2,Infinity,25800,25800,1776280000,68.9,"2022-12-08T09:36:00.000Z",1670492160000,68.9,68.7,68.7,100,0,0,3.1,,,0,,25800,33600,,1776280000,1776280000,,
8302.3,37600,2599440000,19164890000,2234.1,168.2,0.8,7800,-2000,-137600000,68.8,"2022-12-08T09:40:00.000Z",1670492400000,68.8,68.8,68.8,44.3,55.7,0,0.9,4.4,,1.3,9800,17600,42400,,1210880000,536640000,674240000,
8302.3,40000,2764560000,19247450000,2234.1,168.2,Infinity,2400,2400,165120000,68.8,"2022-12-08T09:42:00.000Z",1670492520000,68.8,68.8,68.8,100,0,0,0.3,,,0,,2400,43600,,165120000,165120000,,
8302.3,38600,2668240000,19295610000,2234.1,168.2,0,,-1400,-96320000,68.8,"2022-12-08T09:56:00.000Z",1670493360000,68.8,68.8,68.8,0,100,0,,0.6,,Infinity,1400,1400,44300,,96320000,,96320000,
8302.3,43600,3012880000,19853770000,2234.1,168.2,1.9,10600,5000,344639999.99999994,69,"2022-12-08T09:58:00.000Z",1670493480000,69,68.8,68.8,65.4,34.6,0,1.3,2.5,,0.5,5600,16200,52400,,1116320000,730480000,385840000.00000006,
8302.3,59800,4129160000,20439470000,2234.1,168.2,41.5,16600,16200,1116280000,69,"2022-12-08T10:06:00.000Z",1670493960000,69,68.9,68.9,97.6,2.4,0,2,0.2,,0,400,17000,60900,,1171400000,1143840000,27560000.000000004,
8302.3,62600,4322360000,20777570000,2234.1,168.2,1.8,6300,2800,193200000,69,"2022-12-08T10:08:00.000Z",1670494080000,69,69,69,64.3,35.7,0,0.8,1.6,,0.6,3500,9800,65800,,676200000,434700000,241500000,
8302.3,73400,5067040000,21177470000,2234.1,168.2,28,11200,10800,744680000,69,"2022-12-08T10:16:00.000Z",1670494560000,69,68.9,68.9,96.6,3.4,0,1.3,0.2,,0,400,11600,71600,,799800000,772240000,27560000.000000004,
8302.3,79400,5481640000,21384770000,2234.1,168.2,Infinity,6000,6000,414599999.99999994,69.1,"2022-12-08T10:18:00.000Z",1670494680000,69.1,69.1,69.1,100,0,0,0.7,,,0,,6000,74600,,414599999.99999994,414599999.99999994,,
8302.3,91400,6310840000,21799370000,2234.1,168.2,Infinity,12000,12000,829200000,69.1,"2022-12-08T10:30:00.000Z",1670495400000,69.1,69.1,69.1,100,0,0,1.4,,,0,,12000,80600,,829200000,829200000,,
8302.3,92000,6352000000,21875110000,2234.1,168.2,1.8,1400,600,41160000,68.8,"2022-12-08T10:48:00.000Z",1670496480000,69,68.8,69,63.6,36.4,0,0.2,0.4,,0.6,800,2200,81700,,151480000,96320000,55160000,
8302.3,98200,6778920000,22226770000,2234.1,168.2,Infinity,6200,6200,426920000,69.1,"2022-12-08T10:50:00.000Z",1670496600000,69.1,68.8,68.8,60.8,0,39.2,0.7,,23.8,0,,10200,86800,4000,703320000,426920000,,276400000
8302.3,113400,7826200000,22777970000,2234.1,168.2,39,15600,15200,1047280000,68.9,"2022-12-08T10:56:00.000Z",1670496960000,68.9,68.9,68.9,97.5,2.5,0,1.9,0.2,,0,400,16000,94800,,1102400000,1074840000,27560000.000000004,
8302.3,114000,7867360000,22894870000,2234.1,168.2,1.4,2000,600,41160000,68.7,"2022-12-08T11:02:00.000Z",1670497320000,68.9,68.7,68.9,58.8,41.2,0,0.2,0.6,,0.7,1400,3400,96500,,233800000,137480000,96320000,
8302.3,117400,8100280000,23397170000,2234.1,168.2,1.6,9000,3400,232919999.99999994,68.9,"2022-12-08T11:04:00.000Z",1670497440000,68.9,68.7,68.7,61.6,38.4,0,1.1,2.5,,0.6,5600,14600,103800,,1004600000,618760000,385840000.00000006,
8302.3,113400,7824680000,23948370000,2234.1,168.2,0.6,6000,-4000,-275600000,68.9,"2022-12-08T11:08:00.000Z",1670497680000,68.9,68.9,68.9,37.5,62.5,0,0.7,4.5,,1.7,10000,16000,111800,,1102400000,413400000,689000000,
8302.3,112400,7755920000,24010310000,2234.1,168.2,0.3,400,-1000,-68760000,68.8,"2022-12-08T11:12:00.000Z",1670497920000,68.9,68.8,68.9,22.2,77.8,0,0,0.6,,3.5,1400,1800,112700,,123880000,27560000.000000004,96320000,
8302.3,108000,7453220000,24175440000,2234.1,168.2,0,200,-4400,-302700000,68.9,"2022-12-08T11:14:00.000Z",1670498040000,68.9,68.8,68.8,4.2,95.8,0,0,2.1,,23,4600,4800,115100,,330260000,13780000.000000002,316480000,
8302.3,108600,7495160000,24568470000,2234.1,168.2,1.1,6000,600,41939999.99999994,69,"2022-12-08T11:16:00.000Z",1670498160000,69,68.9,68.9,52.6,47.4,0,0.7,2.4,,0.9,5400,11400,120800,,786060000,414000000,372060000.00000006,
8302.3,117600,8116460000,25085820000,2234.1,168.2,4,12000,9000,621300000,68.9,"2022-12-08T11:22:00.000Z",1670498520000,69,68.9,69,80,20,0,1.4,1.3,,0.3,3000,15000,128300,,1034700000,828000000,206700000.00000003,
8302.3,126800,8751260000,25403220000,2234.1,168.2,Infinity,9200,9200,634800000,69,"2022-12-08T13:06:00.000Z",1670504760000,69,69,69,100,0,0,1.1,,,0,,9200,132900,,634800000,634800000,,
8302.3,142000,9798820000,26023320000,2234.1,168.2,11.9,16600,15200,1047560000,69,"2022-12-08T13:10:00.000Z",1670505000000,69,68.8,68.9,92.2,7.8,0,2,0.6,,0.1,1400,18000,141900,,1240200000,1143880000,96320000,
8302.3,144000,9936820000,26092320000,2234.1,168.2,Infinity,2000,2000,138000000,69,"2022-12-08T13:16:00.000Z",1670505360000,69,69,69,100,0,0,0.2,,,0,,2000,142900,,138000000,138000000,,
8302.3,158000,10902820000,26575320000,2234.1,168.2,Infinity,14000,14000,966000000,69,"2022-12-08T13:18:00.000Z",1670505480000,69,69,69,100,0,0,1.7,,,0,,14000,149900,,966000000,966000000,,
8302.3,172400,11895260000,27195420000,2234.1,168.2,9,16200,14400,992440000,69,"2022-12-08T13:24:00.000Z",1670505840000,69,68.8,68.9,90,10,0,2,0.8,,0.1,1800,18000,158900,,1240200000,1116320000,123880000,
8302.3,180800,12474300000,27608820000,2234.1,168.2,5.7,10200,8400,579040000,69,"2022-12-08T13:34:00.000Z",1670506440000,69,68.8,68.9,85,15,0,1.2,0.8,,0.2,1800,12000,164900,,826800000,702920000,123880000,
8302.3,189200,13053340000,28022220000,2234.1,168.2,5.7,10200,8400,579040000,69,"2022-12-08T13:44:00.000Z",1670507040000,69,68.8,68.9,85,15,0,1.2,0.8,,0.2,1800,12000,170900,,826800000,702920000,123880000,
8302.3,196200,13536000000,28408240000,2234.1,168.2,18.5,7400,7000,482660000,68.9,"2022-12-08T14:18:00.000Z",1670509080000,69,68.9,68.9,66.1,3.6,30.4,0.9,0.2,20.2,0.1,400,11200,176500,3400,772040000,510220000,27560000.000000004,234260000.00000003
8302.3,212200,14640000000,28960240000,2234.1,168.2,Infinity,16000,16000,1104000000,69,"2022-12-08T14:26:00.000Z",1670509560000,69,69,69,100,0,0,1.9,,,0,,16000,184500,,1104000000,1104000000,,
8302.3,213600,14736320000,29008400000,2234.1,168.2,Infinity,1400,1400,96320000,68.8,"2022-12-08T14:28:00.000Z",1670509680000,68.8,68.8,68.8,100,0,0,0.2,,,0,,1400,185200,,96320000,96320000,,
8302.3,219200,15122300000,29545890000,2234.1,168.2,2.1,10600,5600,385980000,69,"2022-12-08T14:30:00.000Z",1670509800000,69,68.8,68.8,67.9,32.1,0,1.3,2.2,,0.5,5000,15600,193000,,1074980000,730480000,344500000,
8302.3,226000,15591740000,30165990000,2234.1,168.2,2.2,12400,6800,469440000,69,"2022-12-08T14:40:00.000Z",1670510400000,69,68.8,68.9,68.9,31.1,0,1.5,2.5,,0.5,5600,18000,202000,,1240200000,854820000,385380000,
8302.3,222800,15370700000,30951690000,2234.1,168.2,0.8,9800,-3200,-221040000,68.9,"2022-12-08T14:48:00.000Z",1670510880000,69,68.8,69,43,57,0,1.2,5.8,,1.3,13000,22800,213400,,1571400000,675180000,896220000,
8302.3,232400,16033100000,31282890000,2234.1,168.2,Infinity,9600,9600,662400000,69,"2022-12-08T14:50:00.000Z",1670511000000,69,69,69,100,0,0,1.2,,,0,,9600,218200,,662400000,662400000,,
8302.3,256800,17716700000,32124690000,2234.1,168.2,Infinity,24400,24400,1683600000,69,"2022-12-08T14:52:00.000Z",1670511120000,69,69,69,100,0,0,2.9,,,0,,24400,230400,,1683600000,1683600000,,
8302.3,266000,18351500000,32442090000,2234.1,168.2,Infinity,9200,9200,634800000,69,"2022-12-08T14:54:00.000Z",1670511240000,69,69,69,100,0,0,1.1,,,0,,9200,235000,,634800000,634800000,,
8302.3,267000,18420800000,32476740000,2234.1,168.2,Infinity,1000,1000,69300000,69.3,"2022-12-08T14:58:00.000Z",1670511480000,69.3,69.3,69.3,100,0,0,0.1,,,0,,1000,235500,,69300000,69300000,,
