"abu","acum_busd","acum_busd_val","acum_val","asd","auk","bs","bu","bu-sd","bu-sd_val","c","date","datetime","h","l","o","pbu","psd","puk","rbu","rsd","ruk","sb","sd","sum_vol","total_vol","uk","val","val_bu","val_sd","val_uk"
2600,2000,47220000,1406525000,583.3,38.9,Infinity,2000,2000,47220000,23.65,"2022-12-08T09:18:00.000Z",1670491080000,23.65,23.6,23.6,100,0,0,0.8,,,0,,2000,1000,,47220000,47220000,,
2600,2200,51940000,1408885000,583.3,38.9,Infinity,200,200,4720000,23.6,"2022-12-08T09:34:00.000Z",1670492040000,23.6,23.6,23.6,100,0,0,0.1,,,0,,200,1100,,4720000,4720000,,
2600,12200,287940000,1526885000,583.3,38.9,Infinity,10000,10000,236000000,23.6,"2022-12-08T09:48:00.000Z",1670492880000,23.6,23.6,23.6,100,0,0,3.8,,,0,,10000,6100,,236000000,236000000,,
2600,13400,316260000,1555205000,583.3,38.9,3,1800,1200,28320000,23.6,"2022-12-08T09:50:00.000Z",1670493000000,23.6,23.6,23.6,75,25,0,0.7,1,,0.3,600,2400,7300,,56640000,42480000,14160000,
2600,14400,339860000,1567005000,583.3,38.9,Infinity,1000,1000,23600000,23.6,"2022-12-08T09:52:00.000Z",1670493120000,23.6,23.6,23.6,100,0,0,0.4,,,0,,1000,7800,,23600000,23600000,,
2600,15400,363580000,1578865000,583.3,38.9,Infinity,1000,1000,23720000,24,"2022-12-08T10:20:00.000Z",1670494800000,24,23.65,23.65,100,0,0,0.4,,,0,,1000,8300,,23720000,23720000,,
2600,17400,411570000,1602860000,583.3,38.9,Infinity,2000,2000,47990000,24,"2022-12-08T10:22:00.000Z",1670494920000,24,23.95,23.95,100,0,0,0.8,,,0,,2000,9300,,47990000,47990000,,
2600,17200,406970000,1605160000,583.3,38.9,0,,-200,-4600000,23,"2022-12-08T10:28:00.000Z",1670495280000,23,23,23,0,100,0,,0.3,,Infinity,200,200,9400,,4600000,,4600000,
2600,17400,411750000,1607550000,583.3,38.9,Infinity,200,200,4780000,23.9,"2022-12-08T10:38:00.000Z",1670495880000,23.9,23.9,23.9,100,0,0,0.1,,,0,,200,9500,,4780000,4780000,,
2600,17600,416530000,1609940000,583.3,38.9,Infinity,200,200,4780000,23.9,"2022-12-08T10:42:00.000Z",1670496120000,23.9,23.9,23.9,100,0,0,0.1,,,0,,200,9600,,4780000,4780000,,
2600,50400,1203240000,2089695000,583.3,38.9,10.1,36400,32800,786710000,24,"2022-12-08T10:54:00.000Z",1670496840000,24,23.85,23.85,91,9,0,14,6.2,,0.1,3600,40000,29600,,959510000,873110000,86400000,
2600,50400,1203430000,2094400000,583.3,38.9,1,200,0,190000,24,"2022-12-08T10:58:00.000Z",1670497080000,24,23.05,23.05,50,50,0,0.1,0.3,,1,200,400,29800,,9410000,4800000,4610000,
2600,53200,1270350000,2127860000,583.3,38.9,Infinity,2800,2800,66920000,23.9,"2022-12-08T11:14:00.000Z",1670498040000,23.9,23.9,23.9,100,0,0,1.1,,,0,,2800,31200,,66920000,66920000,,
2600,53600,1279910000,2132640000,583.3,38.9,Infinity,400,400,9560000,23.9,"2022-12-08T11:16:00.000Z",1670498160000,23.9,23.9,23.9,100,0,0,0.2,,,0,,400,31400,,9560000,9560000,,
2600,51400,1227880000,2158655000,583.3,38.9,0,,-2200,-52030000,23.65,"2022-12-08T11:22:00.000Z",1670498520000,23.65,23.65,23.65,0,100,0,,3.8,,Infinity,2200,2200,32500,,52030000,,52030000,
2600,51800,1237340000,2163385000,583.3,38.9,Infinity,400,400,9460000,23.65,"2022-12-08T11:26:00.000Z",1670498760000,23.65,23.65,23.65,100,0,0,0.2,,,0,,400,32700,,9460000,9460000,,
2600,50000,1194770000,2184670000,583.3,38.9,0,,-1800,-42570000,23.65,"2022-12-08T13:00:00.000Z",1670504400000,23.65,23.65,23.65,0,100,0,,3.1,,Infinity,1800,1800,33600,,42570000,,42570000,
2600,49600,1185310000,2189400000,583.3,38.9,0,,-400,-9460000,23.65,"2022-12-08T13:02:00.000Z",1670504520000,23.65,23.65,23.65,0,100,0,,0.7,,Infinity,400,400,33800,,9460000,,9460000,
2600,47200,1128550000,2217780000,583.3,38.9,0,,-2400,-56760000,23.65,"2022-12-08T13:04:00.000Z",1670504640000,23.65,23.65,23.65,0,100,0,,4.1,,Infinity,2400,2400,35000,,56760000,,56760000,
2600,43600,1043490000,2269850000,583.3,38.9,0.1,400,-3600,-85060000,23.85,"2022-12-08T13:06:00.000Z",1670504760000,23.85,23.65,23.85,9.1,90.9,0,0.2,6.9,,10,4000,4400,37200,,104140000,9540000,94600000,
2600,39600,948890000,2317150000,583.3,38.9,0,,-4000,-94600000,23.65,"2022-12-08T13:18:00.000Z",1670505480000,23.65,23.65,23.65,0,100,0,,6.9,,Infinity,4000,4000,39200,,94600000,,94600000,
2600,40400,968000000,2326705000,583.3,38.9,Infinity,800,800,19110000,23.9,"2022-12-08T13:20:00.000Z",1670505600000,23.9,23.85,23.85,100,0,0,0.3,,,0,,800,39600,,19110000,19110000,,
2600,40600,972780000,2329095000,583.3,38.9,Infinity,200,200,4780000,23.9,"2022-12-08T13:24:00.000Z",1670505840000,23.9,23.9,23.9,100,0,0,0.1,,,0,,200,39700,,4780000,4780000,,
2600,39300,941970000,2359905000,583.3,38.9,0,,-1300,-30810000,23.7,"2022-12-08T13:34:00.000Z",1670506440000,23.7,23.7,23.7,0,50,50,,2.2,33.4,Infinity,1300,2600,41000,1300,61620000,,30810000,30810000
2600,39700,951450000,2364645000,583.3,38.9,Infinity,400,400,9480000,23.7,"2022-12-08T13:42:00.000Z",1670506920000,23.7,23.7,23.7,100,0,0,0.2,,,0,,400,41200,,9480000,9480000,,
2600,39900,956220000,2367030000,583.3,38.9,Infinity,200,200,4770000,23.85,"2022-12-08T13:44:00.000Z",1670507040000,23.85,23.85,23.85,100,0,0,0.1,,,0,,200,41300,,4770000,4770000,,
2600,44900,1075470000,2426655000,583.3,38.9,Infinity,5000,5000,119250000,23.85,"2022-12-08T14:06:00.000Z",1670508360000,23.85,23.85,23.85,100,0,0,1.9,,,0,,5000,43800,,119250000,119250000,,
2600,48900,1170870000,2474355000,583.3,38.9,Infinity,4000,4000,95400000,23.85,"2022-12-08T14:12:00.000Z",1670508720000,23.85,23.85,23.85,100,0,0,1.5,,,0,,4000,45800,,95400000,95400000,,
2600,48700,1166130000,2476725000,583.3,38.9,0,,-200,-4740000,23.7,"2022-12-08T14:16:00.000Z",1670508960000,23.7,23.7,23.7,0,100,0,,0.3,,Infinity,200,200,45900,,4740000,,4740000,
2600,48900,1170900000,2479110000,583.3,38.9,Infinity,200,200,4770000,23.85,"2022-12-08T14:18:00.000Z",1670509080000,23.85,23.85,23.85,100,0,0,0.1,,,0,,200,46000,,4770000,4770000,,
2600,53900,1290150000,2538735000,583.3,38.9,Infinity,5000,5000,119250000,23.85,"2022-12-08T14:20:00.000Z",1670509200000,23.85,23.85,23.85,100,0,0,1.9,,,0,,5000,48500,,119250000,119250000,,
2600,60700,1452630000,2619975000,583.3,38.9,Infinity,6800,6800,162480000,23.9,"2022-12-08T14:22:00.000Z",1670509320000,23.9,23.85,23.85,100,0,0,2.6,,,0,,6800,51900,,162480000,162480000,,
2600,66900,1600510000,2693915000,583.3,38.9,Infinity,6200,6200,147880000,23.85,"2022-12-08T14:24:00.000Z",1670509440000,23.9,23.85,23.9,100,0,0,2.4,,,0,,6200,55000,,147880000,147880000,,
2600,71700,1715700000,2751510000,583.3,38.9,Infinity,4800,4800,115190000,24,"2022-12-08T14:26:00.000Z",1670509560000,24,23.95,23.95,100,0,0,1.8,,,0,,4800,57400,,115190000,115190000,,
2600,71600,1713305000,2753905000,583.3,38.9,0,,-100,-2395000,23.95,"2022-12-08T14:28:00.000Z",1670509680000,23.95,23.95,23.95,0,50,50,,0.2,2.6,Infinity,100,200,57500,100,4790000,,2395000,2395000
2600,72600,1737155000,2765830000,583.3,38.9,Infinity,1000,1000,23850000,23.85,"2022-12-08T14:44:00.000Z",1670510640000,23.85,23.85,23.85,100,0,0,0.4,,,0,,1000,58000,,23850000,23850000,,
