"abu","acum_busd","acum_busd_val","acum_val_bu","acum_val_sd","acum_val","avg_val_bu","avg_val_sd","rbusd","asd","auk","bs","bu","bu-sd","bu-sd_val","c","date","datetime","h","l","o","pbu","psd","puk","rbu","rsd","ruk","sb","sd","sum_vol","total_vol","uk","val","val_bu","val_sd","val_uk"
1600,-1000,-6500000,0,6500000,83780000,10400000,1104285.7,-0.7,171.4,0,0,,-1000,-6500000,6.5,"2022-12-08T09:45:00.000Z",1670492700000,6.5,6.5,6.5,0,100,0,,5.8,,Infinity,1000,1000,500,,6500000,,6500000,
1600,400,2600000,9100000,6500000,88330000,10400000,1104285.7,1,171.4,0,Infinity,1400,1400,9100000,6.5,"2022-12-08T09:55:00.000Z",1670493300000,6.5,6.5,6.5,100,0,0,0.9,,,0,,1400,1200,,9100000,9100000,,
1600,600,3900000,10400000,6500000,88980000,10400000,1104285.7,0.1,171.4,0,Infinity,200,200,1300000,6.5,"2022-12-08T10:15:00.000Z",1670494500000,6.5,6.5,6.5,100,0,0,0.1,,,0,,200,1300,,1300000,1300000,,
1600,3200,20800000,27300000,6500000,97430000,10400000,1104285.7,1.8,171.4,0,Infinity,2600,2600,16900000,6.5,"2022-12-08T10:25:00.000Z",1670495100000,6.5,6.5,6.5,100,0,0,1.6,,,0,,2600,2600,,16900000,16900000,,
1600,3400,22100000,28600000,6500000,98080000,10400000,1104285.7,0.1,171.4,0,Infinity,200,200,1300000,6.5,"2022-12-08T10:30:00.000Z",1670495400000,6.5,6.5,6.5,100,0,0,0.1,,,0,,200,2700,,1300000,1300000,,
1600,19400,126100000,132600000,6500000,150080000,10400000,1104285.7,11.2,171.4,0,Infinity,16000,16000,104000000,6.5,"2022-12-08T11:05:00.000Z",1670497500000,6.5,6.5,6.5,100,0,0,10,,,0,,16000,10700,,104000000,104000000,,
1600,20000,130000000,136500000,6500000,152030000,10400000,1104285.7,0.4,171.4,0,Infinity,600,600,3900000,6.5,"2022-12-08T11:10:00.000Z",1670497800000,6.5,6.5,6.5,100,0,0,0.4,,,0,,600,11000,,3900000,3900000,,
1600,20200,131300000,137800000,6500000,152680000,10400000,1104285.7,0.1,171.4,0,Infinity,200,200,1300000,6.5,"2022-12-08T13:10:00.000Z",1670505000000,6.5,6.5,6.5,100,0,0,0.1,,,0,,200,11100,,1300000,1300000,,
1600,20400,132600000,139100000,6500000,153330000,10400000,1104285.7,0.1,171.4,0,Infinity,200,200,1300000,6.5,"2022-12-08T13:15:00.000Z",1670505300000,6.5,6.5,6.5,100,0,0,0.1,,,0,,200,11200,,1300000,1300000,,
1600,21000,136500000,143000000,6500000,155280000,10400000,1104285.7,0.4,171.4,0,Infinity,600,600,3900000,6.5,"2022-12-08T13:40:00.000Z",1670506800000,6.5,6.5,6.5,100,0,0,0.4,,,0,,600,11500,,3900000,3900000,,
1600,21200,137800000,144300000,6500000,155930000,10400000,1104285.7,0.1,171.4,0,Infinity,200,200,1300000,6.5,"2022-12-08T13:45:00.000Z",1670507100000,6.5,6.5,6.5,100,0,0,0.1,,,0,,200,11600,,1300000,1300000,,
1600,21400,139100000,145600000,6500000,156580000,10400000,1104285.7,0.1,171.4,0,Infinity,200,200,1300000,6.5,"2022-12-08T13:50:00.000Z",1670507400000,6.5,6.5,6.5,100,0,0,0.1,,,0,,200,11700,,1300000,1300000,,
1600,20800,135260000,145600000,10340000,158500000,10400000,1104285.7,-0.4,171.4,0,0,,-600,-3840000,6.4,"2022-12-08T13:55:00.000Z",1670507700000,6.4,6.4,6.4,0,100,0,,3.5,,Infinity,600,600,12000,,3840000,,3840000,
1600,20000,130140000,145600000,15460000,161060000,10400000,1104285.7,-0.6,171.4,0,0,,-800,-5120000,6.4,"2022-12-08T14:00:00.000Z",1670508000000,6.4,6.4,6.4,0,100,0,,4.7,,Infinity,800,800,12400,,5120000,,5120000,
