"abu","acum_busd","acum_busd_val","acum_val_bu","acum_val_sd","acum_val","avg_val_bu","avg_val_sd","rbusd","asd","auk","bs","bu","bu-sd","bu-sd_val","c","date","datetime","h","l","o","pbu","psd","puk","rbu","rsd","ruk","sb","sd","sum_vol","total_vol","uk","val","val_bu","val_sd","val_uk"
1010.8,-300,2663500,2670000,6500,2676500,13588243.2,4838283.8,0.3,375.7,151.4,0.4,200,-300,2663500,13.4,"2022-12-22T09:24:00.000Z",1671701040000,13.4,13,13.3,28.6,71.4,0,0.2,1.3,,2.5,500,700,700,,2676500,2670000,6500,
1010.8,-200,3993500,4000000,6500,4006500,13588243.2,4838283.8,0.2,375.7,151.4,Infinity,100,100,1330000,13.3,"2022-12-22T09:26:00.000Z",1671701160000,13.3,13.3,13.3,100,0,0,0.1,,,0,,100,800,,1330000,1330000,,
1010.8,200,9313500,9320000,6500,9326500,13588243.2,4838283.8,0.6,375.7,151.4,Infinity,400,400,5320000,13.3,"2022-12-22T09:28:00.000Z",1671701280000,13.3,13.3,13.3,100,0,0,0.4,,,0,,400,1200,,5320000,5320000,,
1010.8,-1800,-17286500,9320000,26606500,35926500,13588243.2,4838283.8,3,375.7,151.4,0,,-2000,-26600000,13.3,"2022-12-22T09:30:00.000Z",1671701400000,13.3,13.3,13.3,0,100,0,,5.3,,Infinity,2000,2000,3200,,26600000,,26600000,
1010.8,-1700,-15961500,10645000,26606500,37251500,13588243.2,4838283.8,0.2,375.7,151.4,Infinity,100,100,1325000,13.25,"2022-12-22T09:32:00.000Z",1671701520000,13.25,13.25,13.25,100,0,0,0.1,,,0,,100,3300,,1325000,1325000,,
1010.8,-1800,-17306500,17220000,34526500,51746500,13588243.2,4838283.8,0.2,375.7,151.4,0.8,500,-100,-1345000,13.2,"2022-12-22T09:56:00.000Z",1671702960000,13.2,13.15,13.15,45.5,54.5,0,0.5,1.6,,1.2,600,1100,4000,,14495000,6575000,7920000,
1010.8,3200,48943500,83470000,34526500,117996500,13588243.2,4838283.8,7.6,375.7,151.4,Infinity,5000,5000,66250000,13.25,"2022-12-22T10:00:00.000Z",1671703200000,13.25,13.25,13.25,100,0,0,4.9,,,0,,5000,9400,,66250000,66250000,,
1010.8,3800,56893500,91420000,34526500,125946500,13588243.2,4838283.8,0.9,375.7,151.4,Infinity,600,600,7950000,13.25,"2022-12-22T10:10:00.000Z",1671703800000,13.25,13.25,13.25,100,0,0,0.6,,,0,,600,10000,,7950000,7950000,,
1010.8,4200,62193500,96720000,34526500,131246500,13588243.2,4838283.8,0.6,375.7,151.4,Infinity,400,400,5300000,13.25,"2022-12-22T10:12:00.000Z",1671703920000,13.25,13.25,13.25,100,0,0,0.4,,,0,,400,10400,,5300000,5300000,,
1010.8,3700,55593500,96720000,41126500,137846500,13588243.2,4838283.8,0.8,375.7,151.4,0,,-500,-6600000,13.2,"2022-12-22T10:20:00.000Z",1671704400000,13.2,13.2,13.2,0,100,0,,1.3,,Infinity,500,500,10900,,6600000,,6600000,
1010.8,2800,43713500,96720000,53006500,149726500,13588243.2,4838283.8,1.4,375.7,151.4,0,,-900,-11880000,13.2,"2022-12-22T10:26:00.000Z",1671704760000,13.2,13.2,13.2,0,100,0,,2.4,,Infinity,900,900,11800,,11880000,,11880000,
1010.8,3900,58233500,111240000,53006500,164246500,13588243.2,4838283.8,1.7,375.7,151.4,Infinity,1100,1100,14520000,13.2,"2022-12-22T10:34:00.000Z",1671705240000,13.2,13.2,13.2,100,0,0,1.1,,,0,,1100,12900,,14520000,14520000,,
1010.8,5600,80763500,133770000,53006500,186776500,13588243.2,4838283.8,2.6,375.7,151.4,Infinity,1700,1700,22530000,13.35,"2022-12-22T10:38:00.000Z",1671705480000,13.35,13.2,13.2,100,0,0,1.7,,,0,,1700,14400,,22530000,22530000,,
1010.8,8400,118283500,171290000,53006500,224296500,13588243.2,4838283.8,4.3,375.7,151.4,Infinity,2800,2800,37520000,13.4,"2022-12-22T10:40:00.000Z",1671705600000,13.4,13.4,13.4,100,0,0,2.8,,,0,,2800,17400,,37520000,37520000,,
1010.8,10400,145083500,198090000,53006500,251096500,13588243.2,4838283.8,3.1,375.7,151.4,Infinity,2000,2000,26800000,13.4,"2022-12-22T10:42:00.000Z",1671705720000,13.4,13.4,13.4,100,0,0,2,,,0,,2000,19400,,26800000,26800000,,
1010.8,10300,143778500,199425000,55646500,255071500,13588243.2,4838283.8,0.1,375.7,151.4,0.5,100,-100,-1305000,13.35,"2022-12-22T10:46:00.000Z",1671705960000,13.35,13.2,13.2,33.3,66.7,0,0.1,0.5,,2,200,300,19700,,3975000,1335000,2640000,
1010.8,9300,130428500,199425000,68996500,268421500,13588243.2,4838283.8,1.5,375.7,151.4,0,,-1000,-13350000,13.35,"2022-12-22T10:50:00.000Z",1671706200000,13.35,13.35,13.35,0,100,0,,2.7,,Infinity,1000,1000,20700,,13350000,,13350000,
1010.8,8300,117078500,199425000,82346500,281771500,13588243.2,4838283.8,1.5,375.7,151.4,0,,-1000,-13350000,13.35,"2022-12-22T10:58:00.000Z",1671706680000,13.35,13.35,13.35,0,100,0,,2.7,,Infinity,1000,1000,21700,,13350000,,13350000,
1010.8,6100,87708500,199425000,111716500,311141500,13588243.2,4838283.8,3.4,375.7,151.4,0,,-2200,-29370000,13.35,"2022-12-22T11:08:00.000Z",1671707280000,13.35,13.35,13.35,0,100,0,,5.9,,Infinity,2200,2200,23900,,29370000,,29370000,
1010.8,5300,77108500,199425000,122316500,321741500,13588243.2,4838283.8,1.2,375.7,151.4,0,,-800,-10600000,13.25,"2022-12-22T11:16:00.000Z",1671707760000,13.25,13.25,13.25,0,100,0,,2.1,,Infinity,800,800,24700,,10600000,,10600000,
1010.8,6400,91848500,214165000,122316500,336481500,13588243.2,4838283.8,1.7,375.7,151.4,Infinity,1100,1100,14740000,13.4,"2022-12-22T11:24:00.000Z",1671708240000,13.4,13.4,13.4,100,0,0,1.1,,,0,,1100,25800,,14740000,14740000,,
1010.8,9600,134778500,262395000,127616500,390011500,13588243.2,4838283.8,4.9,375.7,151.4,9,3600,3200,42930000,13.4,"2022-12-22T13:00:00.000Z",1671714000000,13.4,13.25,13.25,90,10,0,3.6,1.1,,0.1,400,4000,29800,,53530000,48230000,5300000,
1010.8,9200,129418500,262395000,132976500,395371500,13588243.2,4838283.8,0.6,375.7,151.4,0,,-400,-5360000,13.4,"2022-12-22T13:02:00.000Z",1671714120000,13.4,13.4,13.4,0,100,0,,1.1,,Infinity,400,400,30200,,5360000,,5360000,
1010.8,12400,172298500,305275000,132976500,438251500,13588243.2,4838283.8,4.9,375.7,151.4,Infinity,3200,3200,42880000,13.4,"2022-12-22T13:10:00.000Z",1671714600000,13.4,13.4,13.4,100,0,0,3.2,,,0,,3200,33400,,42880000,42880000,,
1010.8,12600,174988500,307965000,132976500,440941500,13588243.2,4838283.8,0.3,375.7,151.4,Infinity,200,200,2690000,13.45,"2022-12-22T13:30:00.000Z",1671715800000,13.45,13.45,13.45,100,0,0,0.2,,,0,,200,33600,,2690000,2690000,,
1010.8,14300,197853500,332175000,134321500,466496500,13588243.2,4838283.8,2.6,375.7,151.4,18,1800,1700,22865000,13.45,"2022-12-22T13:32:00.000Z",1671715920000,13.45,13.45,13.45,94.7,5.3,0,1.8,0.3,,0.1,100,1900,35500,,25555000,24210000,1345000,
1010.8,14000,193818500,332175000,138356500,538031500,13588243.2,4838283.8,0.5,375.7,151.4,0,,-300,-4035000,13.45,"2022-12-22T13:34:00.000Z",1671716040000,13.5,13.45,13.5,0,5.7,94.3,,0.8,33,Infinity,300,5300,40800,5000,71535000,,4035000,67500000
1010.8,14000,193818500,332175000,138356500,539381500,13588243.2,4838283.8,0,375.7,151.4,NaN,,0,0,13.5,"2022-12-22T13:36:00.000Z",1671716160000,13.5,13.5,13.5,0,0,100,,,0.7,NaN,,100,40900,100,1350000,,,1350000
1010.8,13100,181668500,332175000,150506500,551531500,13588243.2,4838283.8,1.4,375.7,151.4,0,,-900,-12150000,13.5,"2022-12-22T13:38:00.000Z",1671716280000,13.5,13.5,13.5,0,100,0,,2.4,,Infinity,900,900,41800,,12150000,,12150000,
1010.8,14100,195168500,345675000,150506500,565031500,13588243.2,4838283.8,1.5,375.7,151.4,Infinity,1000,1000,13500000,13.5,"2022-12-22T13:40:00.000Z",1671716400000,13.5,13.5,13.5,100,0,0,1,,,0,,1000,42800,,13500000,13500000,,
1010.8,13000,180318500,345675000,165356500,579881500,13588243.2,4838283.8,1.7,375.7,151.4,0,,-1100,-14850000,13.5,"2022-12-22T13:42:00.000Z",1671716520000,13.5,13.5,13.5,0,100,0,,2.9,,Infinity,1100,1100,43900,,14850000,,14850000,
1010.8,16000,220968500,386325000,165356500,627306500,13588243.2,4838283.8,4.6,375.7,151.4,Infinity,3000,3000,40650000,13.55,"2022-12-22T13:44:00.000Z",1671716640000,13.55,13.55,13.55,85.7,0,14.3,3,,3.3,0,,3500,47400,500,47425000,40650000,,6775000
1010.8,23500,323748500,494545000,170796500,740966500,13588243.2,4838283.8,11.7,375.7,151.4,19.8,7900,7500,102780000,13.7,"2022-12-22T13:46:00.000Z",1671716760000,13.7,13.6,13.6,95.2,4.8,0,7.8,1.1,,0.1,400,8300,55700,,113660000,108220000,5440000,
1010.8,23400,322378500,494545000,172166500,742336500,13588243.2,4838283.8,0.2,375.7,151.4,0,,-100,-1370000,13.7,"2022-12-22T13:48:00.000Z",1671716880000,13.7,13.7,13.7,0,100,0,,0.3,,Infinity,100,100,55800,,1370000,,1370000,
1010.8,23300,321008500,494545000,173536500,743706500,13588243.2,4838283.8,0.2,375.7,151.4,0,,-100,-1370000,13.7,"2022-12-22T14:14:00.000Z",1671718440000,13.7,13.7,13.7,0,100,0,,0.3,,Infinity,100,100,55900,,1370000,,1370000,
1010.8,22900,315528500,494545000,179016500,749186500,13588243.2,4838283.8,0.6,375.7,151.4,0,,-400,-5480000,13.7,"2022-12-22T14:28:00.000Z",1671719280000,13.7,13.7,13.7,0,100,0,,1.1,,Infinity,400,400,56300,,5480000,,5480000,
1010.8,23500,323748500,502765000,179016500,757406500,13588243.2,4838283.8,0.9,375.7,151.4,Infinity,600,600,8220000,13.7,"2022-12-22T14:44:00.000Z",1671720240000,13.7,13.7,13.7,100,0,0,0.6,,,0,,600,56900,,8220000,8220000,,
