"abu","acum_busd","acum_busd_val","acum_val_bu","acum_val_sd","acum_val","avg_val_bu","avg_val_sd","rbusd","asd","auk","bs","bu","bu-sd","bu-sd_val","c","date","datetime","h","l","o","pbu","psd","puk","rbu","rsd","ruk","sb","sd","sum_vol","total_vol","uk","val","val_bu","val_sd","val_uk"
800,2100,8510000,8510000,0,8510000,2520630,346040,3.9,100,10,Infinity,2100,2100,8510000,4.1,"2022-12-22T09:28:00.000Z",1671701280000,4.1,4.05,4.05,100,0,0,2.6,,,0,,2100,2100,,8510000,8510000,,
800,4100,8518000,8518000,0,8518000,2520630,346040,0,100,10,Infinity,2000,2000,8000,4,"2022-12-22T09:58:00.000Z",1671703080000,4,4,4,100,0,0,2.5,,,0,,2000,4100,,8000,8000,,
800,4200,8927000,8927000,0,8927000,2520630,346040,0.2,100,10,Infinity,100,100,409000,4.09,"2022-12-22T10:00:00.000Z",1671703200000,4.09,4.09,4.09,100,0,0,0.1,,,0,,100,4200,,409000,409000,,
800,4500,8928200,8928200,0,8928200,2520630,346040,0,100,10,Infinity,300,300,1200,4,"2022-12-22T10:14:00.000Z",1671704040000,4,4,4,100,0,0,0.4,,,0,,300,4500,,1200,1200,,
800,4400,8927800,8928600,800,8929400,2520630,346040,0,100,10,0.5,100,-100,-400,4,"2022-12-22T10:20:00.000Z",1671704400000,4,4,4,33.3,66.7,0,0.1,2,,2,200,300,4800,,1200,400,800,
800,4900,8929800,8930600,800,8931400,2520630,346040,0,100,10,Infinity,500,500,2000,4,"2022-12-22T10:24:00.000Z",1671704640000,4,4,4,100,0,0,0.6,,,0,,500,5300,,2000,2000,,
800,4300,6591800,8930600,2338800,11269400,2520630,346040,1.1,100,10,0,,-600,-2338000,3.89,"2022-12-22T10:40:00.000Z",1671705600000,3.9,3.89,3.9,0,100,0,,6,,Infinity,600,600,5900,,2338000,,2338000,
800,4300,6591800,8930600,2338800,12048400,2520630,346040,0,100,10,NaN,,0,0,3.9,"2022-12-22T10:42:00.000Z",1671705720000,3.9,3.89,3.89,0,0,100,,,20,NaN,,200,6100,200,779000,,,779000
800,5300,8588800,10927600,2338800,14045400,2520630,346040,0.9,100,10,Infinity,1000,1000,1997000,4,"2022-12-22T10:50:00.000Z",1671706200000,4,3.99,3.99,100,0,0,1.3,,,0,,1000,7100,,1997000,1997000,,
800,4500,5540800,10927600,5386800,17093400,2520630,346040,1.4,100,10,0,,-800,-3048000,3.81,"2022-12-22T11:12:00.000Z",1671707520000,3.81,3.81,3.81,0,100,0,,8,,Infinity,800,800,7900,,3048000,,3048000,
800,4300,4776800,10927600,6150800,17857400,2520630,346040,0.4,100,10,0,,-200,-764000,3.82,"2022-12-22T13:00:00.000Z",1671714000000,3.82,3.82,3.82,0,100,0,,2,,Infinity,200,200,8100,,764000,,764000,
800,4400,5173800,11324600,6150800,18254400,2520630,346040,0.2,100,10,Infinity,100,100,397000,3.97,"2022-12-22T13:10:00.000Z",1671714600000,3.97,3.97,3.97,100,0,0,0.1,,,0,,100,8200,,397000,397000,,
800,4900,7158800,13309600,6150800,20239400,2520630,346040,0.9,100,10,Infinity,500,500,1985000,3.97,"2022-12-22T13:14:00.000Z",1671714840000,3.97,3.97,3.97,100,0,0,0.6,,,0,,500,8700,,1985000,1985000,,
800,5100,7952800,14103600,6150800,21033400,2520630,346040,0.4,100,10,Infinity,200,200,794000,3.97,"2022-12-22T13:16:00.000Z",1671714960000,3.97,3.97,3.97,100,0,0,0.3,,,0,,200,8900,,794000,794000,,
800,5000,7567800,14103600,6535800,21418400,2520630,346040,0.2,100,10,0,,-100,-385000,3.85,"2022-12-22T13:20:00.000Z",1671715200000,3.85,3.85,3.85,0,100,0,,1,,Infinity,100,100,9000,,385000,,385000,
800,4900,7182800,14103600,6920800,21803400,2520630,346040,0.2,100,10,0,,-100,-385000,3.85,"2022-12-22T13:32:00.000Z",1671715920000,3.85,3.85,3.85,0,100,0,,1,,Infinity,100,100,9100,,385000,,385000,
800,6000,11571800,18492600,6920800,26192400,2520630,346040,2,100,10,Infinity,1100,1100,4389000,3.99,"2022-12-22T14:10:00.000Z",1671718200000,3.99,3.99,3.99,100,0,0,1.4,,,0,,1100,10200,,4389000,4389000,,
800,6800,14763800,21684600,6920800,29384400,2520630,346040,1.5,100,10,Infinity,800,800,3192000,3.99,"2022-12-22T14:16:00.000Z",1671718560000,3.99,3.99,3.99,100,0,0,1,,,0,,800,11000,,3192000,3192000,,
800,6900,15162800,22083600,6920800,29783400,2520630,346040,0.2,100,10,Infinity,100,100,399000,3.99,"2022-12-22T14:28:00.000Z",1671719280000,3.99,3.99,3.99,100,0,0,0.1,,,0,,100,11100,,399000,399000,,
800,14000,43491800,50412600,6920800,58112400,2520630,346040,13,100,10,Infinity,7100,7100,28329000,3.99,"2022-12-22T14:44:00.000Z",1671720240000,3.99,3.99,3.99,100,0,0,8.9,,,0,,7100,18200,,28329000,28329000,,
