"abu","acum_busd","acum_busd_val","acum_val_bu","acum_val_sd","acum_val","avg_val_bu","avg_val_sd","rbusd","asd","auk","bs","bu","bu-sd","bu-sd_val","c","date","datetime","h","l","o","pbu","psd","puk","rbu","rsd","ruk","sb","sd","sum_vol","total_vol","uk","val","val_bu","val_sd","val_uk"
1050,-1000,-3000,0,3000,3000,2277295,5031990,0,2065,5,0,,-1000,-3000,3,"2022-12-30T09:00:00.000Z",1672390800000,3,3,3,0,100,0,,0.5,,Infinity,1000,1000,1000,,3000,,3000,
1050,-2100,-6300,0,6300,6300,2277295,5031990,0,2065,5,0,,-1100,-3300,3,"2022-12-30T09:12:00.000Z",1672391520000,3,3,3,0,100,0,,0.5,,Infinity,1100,1100,2100,,3300,,3300,
1050,-1700,-5100,1200,6300,7500,2277295,5031990,0,2065,5,Infinity,400,400,1200,3,"2022-12-30T10:02:00.000Z",1672394520000,3,3,3,100,0,0,0.4,,,0,,400,2500,,1200,1200,,
1050,-100,-300,6000,6300,12300,2277295,5031990,0,2065,5,Infinity,1600,1600,4800,3,"2022-12-30T10:36:00.000Z",1672396560000,3,3,3,100,0,0,1.5,,,0,,1600,4100,,4800,4800,,
1050,-3600,-10800,6000,16800,22800,2277295,5031990,0,2065,5,0,,-3500,-10500,3,"2022-12-30T11:04:00.000Z",1672398240000,3,3,3,0,100,0,,1.7,,Infinity,3500,3500,7600,,10500,,10500,
1050,-3500,-10500,6300,16800,23400,2277295,5031990,0,2065,5,Infinity,100,100,300,3,"2022-12-30T11:06:00.000Z",1672398360000,3,3,3,50,0,50,0.1,,20,0,,200,7800,100,600,300,,300
1050,-3000,-9000,7800,16800,24900,2277295,5031990,0,2065,5,Infinity,500,500,1500,3,"2022-12-30T13:14:00.000Z",1672406040000,3,3,3,100,0,0,0.5,,,0,,500,8300,,1500,1500,,
1050,-3500,-10500,7800,18300,26400,2277295,5031990,0,2065,5,0,,-500,-1500,3,"2022-12-30T13:16:00.000Z",1672406160000,3,3,3,0,100,0,,0.2,,Infinity,500,500,8800,,1500,,1500,
1050,-38100,-100350500,7800,100358300,100366400,2277295,5031990,36.4,2065,5,0,,-34600,-100340000,2.9,"2022-12-30T13:24:00.000Z",1672406640000,2.9,2.9,2.9,0,100,0,,16.8,,Infinity,34600,34600,43400,,100340000,,100340000,
1050,-38200,-100630500,7800,100638300,100646400,2277295,5031990,0.1,2065,5,0,,-100,-280000,2.8,"2022-12-30T13:26:00.000Z",1672406760000,2.8,2.8,2.8,0,100,0,,0,,Infinity,100,100,43500,,280000,,280000,
1050,-37000,-97150500,3487800,100638300,104126400,2277295,5031990,1.3,2065,5,Infinity,1200,1200,3480000,2.9,"2022-12-30T13:28:00.000Z",1672406880000,2.9,2.9,2.9,100,0,0,1.1,,,0,,1200,44700,,3480000,3480000,,
1050,-36000,-94250500,6387800,100638300,107026400,2277295,5031990,1.1,2065,5,Infinity,1000,1000,2900000,2.9,"2022-12-30T13:30:00.000Z",1672407000000,2.9,2.9,2.9,100,0,0,1,,,0,,1000,45700,,2900000,2900000,,
1050,-32200,-83230500,17407800,100638300,118046400,2277295,5031990,4,2065,5,Infinity,3800,3800,11020000,2.9,"2022-12-30T13:32:00.000Z",1672407120000,2.9,2.9,2.9,100,0,0,3.6,,,0,,3800,49500,,11020000,11020000,,
1050,-23700,-58580500,42057800,100638300,142696400,2277295,5031990,8.9,2065,5,Infinity,8500,8500,24650000,2.9,"2022-12-30T13:34:00.000Z",1672407240000,2.9,2.9,2.9,100,0,0,8.1,,,0,,8500,58000,,24650000,24650000,,
1050,-22500,-55100500,45537800,100638300,146176400,2277295,5031990,1.3,2065,5,Infinity,1200,1200,3480000,2.9,"2022-12-30T13:36:00.000Z",1672407360000,2.9,2.9,2.9,100,0,0,1.1,,,0,,1200,59200,,3480000,3480000,,
1050,-21900,-55098700,45539600,100638300,146178200,2277295,5031990,0,2065,5,Infinity,600,600,1800,3,"2022-12-30T13:48:00.000Z",1672408080000,3,3,3,100,0,0,0.6,,,0,,600,59800,,1800,1800,,
1050,-22000,-55099000,45539600,100638600,146178500,2277295,5031990,0,2065,5,0,,-100,-300,3,"2022-12-30T13:50:00.000Z",1672408200000,3,3,3,0,100,0,,0,,Infinity,100,100,59900,,300,,300,
1050,-22400,-55100200,45539600,100639800,146179700,2277295,5031990,0,2065,5,0,,-400,-1200,3,"2022-12-30T13:52:00.000Z",1672408320000,3,3,3,0,100,0,,0.2,,Infinity,400,400,60300,,1200,,1200,
1050,-22300,-55099900,45539900,100639800,146180000,2277295,5031990,0,2065,5,Infinity,100,100,300,3,"2022-12-30T14:14:00.000Z",1672409640000,3,3,3,100,0,0,0.1,,,0,,100,60400,,300,300,,
1050,-20300,-55093900,45545900,100639800,146186000,2277295,5031990,0,2065,5,Infinity,2000,2000,6000,3,"2022-12-30T14:44:00.000Z",1672411440000,3,3,3,100,0,0,1.9,,,0,,2000,62400,,6000,6000,,
