"abu","acum_busd","acum_busd_val","acum_val_bu","acum_val_sd","acum_val","avg_val_bu","avg_val_sd","rbusd","asd","auk","bs","bu","bu-sd","bu-sd_val","c","date","datetime","h","l","o","pbu","psd","puk","rbu","rsd","ruk","sb","sd","sum_vol","total_vol","uk","val","val_bu","val_sd","val_uk"
14168.9,-17900,-96847000,5929000,102776000,108705000,78672177.8,115719977.8,2.6,21084.4,1520,0.1,1100,-17900,-96847000,5.38,"2023-01-30T09:15:00.000Z",1675070100000,5.43,5.38,5.43,5.5,94.5,0,0.1,0.9,,17.3,19000,20100,20100,,108705000,5929000,102776000,
14168.9,-15500,-83930000,18846000,102776000,124850000,78672177.8,115719977.8,-0.3,21084.4,1520,Infinity,2400,2400,12917000,5.38,"2023-01-30T09:20:00.000Z",1675070400000,5.39,5.38,5.38,80,0,20,0.2,,0.4,0,,3000,23100,600,16145000,12917000,,3228000
14168.9,-12900,-69810000,81126000,150936000,235290000,78672177.8,115719977.8,-0.4,21084.4,1520,1.3,11600,2600,14120000,5.37,"2023-01-30T09:25:00.000Z",1675070700000,5.37,5.35,5.37,56.3,43.7,0,0.8,0.4,,0.8,9000,20600,43700,,110440000,62280000,48160000,
14168.9,-11000,-59569000,92445000,152014000,247687000,78672177.8,115719977.8,-0.3,21084.4,1520,10.5,2100,1900,10241000,5.39,"2023-01-30T09:30:00.000Z",1675071000000,5.39,5.39,5.39,91.3,8.7,0,0.1,0,,0.1,200,2300,46000,,12397000,11319000,1078000,
14168.9,-6800,-36889000,115125000,152014000,270367000,78672177.8,115719977.8,-0.6,21084.4,1520,Infinity,4200,4200,22680000,5.4,"2023-01-30T09:35:00.000Z",1675071300000,5.4,5.4,5.4,100,0,0,0.3,,,0,,4200,50200,,22680000,22680000,,
14168.9,-37300,-200631000,166485000,367116000,536829000,78672177.8,115719977.8,4.4,21084.4,1520,0.2,9600,-30500,-163742000,5.35,"2023-01-30T09:40:00.000Z",1675071600000,5.4,5.34,5.4,19.3,80.7,0,0.7,1.9,,4.2,40100,49700,99900,,266462000,51360000,215102000,
14168.9,-35300,-189931000,185210000,375141000,563579000,78672177.8,115719977.8,-0.3,21084.4,1520,2.3,3500,2000,10700000,5.35,"2023-01-30T09:45:00.000Z",1675071900000,5.35,5.35,5.35,70,30,0,0.2,0.1,,0.4,1500,5000,104900,,26750000,18725000,8025000,
14168.9,-169000,-905258000,186830000,1092088000,1282146000,78672177.8,115719977.8,19.3,21084.4,1520,0,300,-133700,-715327000,5.4,"2023-01-30T09:50:00.000Z",1675072200000,5.4,5.35,5.36,0.2,99.8,0,0,6.4,,446.7,134000,134300,239200,,718567000,1620000,716947000,
14168.9,-276700,-1484305000,251114000,1735419000,1989761000,78672177.8,115719977.8,15.6,21084.4,1520,0.1,11900,-107700,-579047000,5.41,"2023-01-30T09:55:00.000Z",1675072500000,5.41,5.37,5.41,9,91,0,0.8,5.7,,10.1,119600,131500,370700,,707615000,64284000,643331000,
14168.9,-338500,-1817154000,333432000,2150586000,2503476000,78672177.8,115719977.8,9,21084.4,1520,0.2,15200,-61800,-332849000,5.43,"2023-01-30T10:00:00.000Z",1675072800000,5.43,5.39,5.4,16,80.9,3.2,1.1,3.7,2,5.1,77000,95200,465900,3000,513715000,82318000,415167000,16230000
14168.9,-306500,-1642832000,507754000,2150586000,2677798000,78672177.8,115719977.8,-4.7,21084.4,1520,Infinity,32000,32000,174322000,5.46,"2023-01-30T10:05:00.000Z",1675073100000,5.46,5.42,5.42,100,0,0,2.3,,,0,,32000,497900,,174322000,174322000,,
14168.9,-243500,-1296326000,859720000,2156046000,3035224000,78672177.8,115719977.8,-9.4,21084.4,1520,64,64000,63000,346506000,5.5,"2023-01-30T10:10:00.000Z",1675073400000,5.5,5.46,5.46,98.5,1.5,0,4.5,0,,0,1000,65000,562900,,357426000,351966000,5460000,
14168.9,-210300,-1113158000,1071494000,2184652000,3283346000,78672177.8,115719977.8,-4.9,21084.4,1520,7.4,38400,33200,183168000,5.53,"2023-01-30T10:15:00.000Z",1675073700000,5.55,5.5,5.5,85.3,11.6,3.1,2.7,0.2,0.9,0.1,5200,45000,607900,1400,248122000,211774000,28606000,7742000
14168.9,-206500,-1092076000,1101373000,2193449000,3322022000,78672177.8,115719977.8,-0.6,21084.4,1520,3.4,5400,3800,21082000,5.54,"2023-01-30T10:20:00.000Z",1675074000000,5.54,5.48,5.51,77.1,22.9,0,0.4,0.1,,0.3,1600,7000,614900,,38676000,29879000,8797000,
14168.9,-208500,-1103076000,1101373000,2204449000,3333022000,78672177.8,115719977.8,0.3,21084.4,1520,0,,-2000,-11000000,5.5,"2023-01-30T10:25:00.000Z",1675074300000,5.5,5.5,5.5,0,100,0,,0.1,,Infinity,2000,2000,616900,,11000000,,11000000,
14168.9,-222700,-1180810000,1101373000,2282183000,3412400000,78672177.8,115719977.8,2.1,21084.4,1520,0,,-14200,-77734000,5.47,"2023-01-30T10:30:00.000Z",1675074600000,5.49,5.47,5.49,0,97.9,2.1,,0.7,0.2,Infinity,14200,14500,631400,300,79378000,,77734000,1644000.0000000002
14168.9,-214200,-1134075000,1148108000,2282183000,3459135000,78672177.8,115719977.8,-1.3,21084.4,1520,Infinity,8500,8500,46735000,5.5,"2023-01-30T10:35:00.000Z",1675074900000,5.5,5.49,5.49,100,0,0,0.6,,,0,,8500,639900,,46735000,46735000,,
14168.9,-220300,-1167617000,1149758000,2317375000,3495977000,78672177.8,115719977.8,0.9,21084.4,1520,0,300,-6100,-33542000,5.5,"2023-01-30T10:40:00.000Z",1675075200000,5.51,5.49,5.5,4.5,95.5,0,0,0.3,,21.3,6400,6700,646600,,36842000,1650000,35192000,
14168.9,-229400,-1217369000,1155263000,2372632000,3570489000,78672177.8,115719977.8,1.3,21084.4,1520,0.1,1000,-9100,-49752000,5.51,"2023-01-30T10:45:00.000Z",1675075500000,5.51,5.47,5.5,7.4,74.3,18.4,0.1,0.5,1.6,10.1,10100,13600,660200,2500,74512000,5505000,55257000,13750000
14168.9,-229200,-1216267000,1156365000,2372632000,3571591000,78672177.8,115719977.8,0,21084.4,1520,Infinity,200,200,1102000,5.51,"2023-01-30T10:50:00.000Z",1675075800000,5.51,5.51,5.51,100,0,0,0,,,0,,200,660400,,1102000,1102000,,
14168.9,-258400,-1375729000,1159655000,2535384000,3737633000,78672177.8,115719977.8,4.3,21084.4,1520,0,600,-29200,-159462000,5.45,"2023-01-30T10:55:00.000Z",1675076100000,5.5,5.44,5.5,2,98,0,0,1.4,,49.7,29800,30400,690800,,166042000,3290000,162752000,
14168.9,-285200,-1521356000,1173280000,2694636000,3910510000,78672177.8,115719977.8,3.9,21084.4,1520,0.1,2500,-26800,-145627000,5.43,"2023-01-30T11:00:00.000Z",1675076400000,5.45,5.43,5.45,7.9,92.1,0,0.2,1.4,,11.7,29300,31800,722600,,172877000,13625000,159252000,
14168.9,-294600,-1572513000,1190713000,2763226000,3996533000,78672177.8,115719977.8,1.4,21084.4,1520,0.3,3200,-9400,-51157000,5.44,"2023-01-30T11:05:00.000Z",1675076700000,5.45,5.44,5.44,20.3,79.7,0,0.2,0.6,,3.9,12600,15800,738400,,86023000,17433000,68590000,
14168.9,-309400,-1653017000,1191809000,2844826000,4079229000,78672177.8,115719977.8,2.2,21084.4,1520,0,200,-14800,-80504000,5.48,"2023-01-30T11:10:00.000Z",1675077000000,5.48,5.44,5.44,1.3,98.7,0,0,0.7,,75,15000,15200,753600,,82696000,1096000,81600000,
14168.9,-310100,-1656832000,1193444000,2850276000,4086314000,78672177.8,115719977.8,0.1,21084.4,1520,0.3,300,-700,-3815000,5.45,"2023-01-30T11:20:00.000Z",1675077600000,5.45,5.45,5.45,23.1,76.9,0,0,0,,3.3,1000,1300,754900,,7085000,1635000,5450000,
14168.9,-305700,-1632673000,1226868000,2859541000,4129003000,78672177.8,115719977.8,-0.7,21084.4,1520,3.6,6100,4400,24159000,5.48,"2023-01-30T11:25:00.000Z",1675077900000,5.48,5.45,5.45,78.2,21.8,0,0.4,0.1,,0.3,1700,7800,762700,,42689000,33424000,9265000,
14168.9,-318300,-1701319000,1264240000,2965559000,4272393000,78672177.8,115719977.8,1.9,21084.4,1520,0.4,6800,-12600,-68646000,5.46,"2023-01-30T13:00:00.000Z",1675083600000,5.5,5.46,5.49,26,74,0,0.5,0.9,,2.9,19400,26200,788900,,143390000,37372000,106018000,
14168.9,-316500,-1691471000,1276274000,2967745000,4286613000,78672177.8,115719977.8,-0.3,21084.4,1520,5.5,2200,1800,9848000,5.47,"2023-01-30T13:05:00.000Z",1675083900000,5.47,5.46,5.46,84.6,15.4,0,0.2,0,,0.2,400,2600,791500,,14220000,12034000,2186000,
14168.9,-322500,-1723801000,1380359000,3104160000,4527113000,78672177.8,115719977.8,0.9,21084.4,1520,0.8,19000,-6000,-32330000,5.5,"2023-01-30T13:10:00.000Z",1675084200000,5.5,5.45,5.47,43.2,56.8,0,1.3,1.2,,1.3,25000,44000,835500,,240500000,104085000,136415000,
14168.9,-304300,-1623608000,1517816000,3141424000,4701834000,78672177.8,115719977.8,-2.7,21084.4,1520,3.7,25000,18200,100193000,5.5,"2023-01-30T13:15:00.000Z",1675084500000,5.5,5.48,5.48,78.6,21.4,0,1.8,0.3,,0.3,6800,31800,867300,,174721000,137457000,37264000,
14168.9,-143300,-725233000,2835353000,3560586000,6459636000,78672177.8,115719977.8,-24.2,21084.4,1520,3.2,234600,161000,898375000,5.71,"2023-01-30T13:20:00.000Z",1675084800000,5.75,5.5,5.5,75.2,23.6,1.2,16.6,3.5,2.5,0.3,73600,312000,1179300,3800,1757802000,1317537000,419162000,21103000
14168.9,-194000,-1012076000,2910254000,3922330000,6896281000,78672177.8,115719977.8,7.7,21084.4,1520,0.2,13200,-50700,-286843000,5.69,"2023-01-30T13:25:00.000Z",1675085100000,5.71,5.65,5.71,17.1,82.9,0,0.9,3,,4.8,63900,77100,1256400,,436645000,74901000,361744000,
14168.9,-196800,-1027925000,2997715000,4025640000,7092146000,78672177.8,115719977.8,0.4,21084.4,1520,0.8,15500,-2800,-15849000,5.64,"2023-01-30T13:30:00.000Z",1675085400000,5.67,5.61,5.66,44.7,52.7,2.6,1.1,0.9,0.6,1.2,18300,34700,1291100,900,195865000,87461000,103310000,5094000
14168.9,-195900,-1022836000,3014591000,4037427000,7120809000,78672177.8,115719977.8,-0.1,21084.4,1520,1.4,3000,900,5089000,5.62,"2023-01-30T13:35:00.000Z",1675085700000,5.64,5.61,5.62,58.8,41.2,0,0.2,0.1,,0.7,2100,5100,1296200,,28663000,16876000,11787000,
14168.9,-173300,-895392000,3196324000,4091716000,7356831000,78672177.8,115719977.8,-3.4,21084.4,1520,3.4,32200,22600,127444000,5.65,"2023-01-30T13:40:00.000Z",1675086000000,5.66,5.62,5.62,77,23,0,2.3,0.5,,0.3,9600,41800,1338000,,236022000,181733000,54289000,
14168.9,-190200,-990611000,3199720000,4190331000,7458842000,78672177.8,115719977.8,2.6,21084.4,1520,0,600,-16900,-95219000,5.62,"2023-01-30T13:45:00.000Z",1675086300000,5.66,5.62,5.65,3.3,96.7,0,0,0.8,,29.2,17500,18100,1356100,,102011000,3396000,98615000,
14168.9,-190900,-994549000,3204227000,4198776000,7471794000,78672177.8,115719977.8,0.1,21084.4,1520,0.5,800,-700,-3938000,5.64,"2023-01-30T13:50:00.000Z",1675086600000,5.64,5.63,5.63,34.8,65.2,0,0.1,0.1,,1.9,1500,2300,1358400,,12952000,4507000,8445000,
14168.9,-201800,-1055877000,3210993000,4266870000,7546654000,78672177.8,115719977.8,1.7,21084.4,1520,0.1,1200,-10900,-61328000,5.62,"2023-01-30T13:55:00.000Z",1675086900000,5.64,5.62,5.64,9,91,0,0.1,0.6,,10.1,12100,13300,1371700,,74860000,6766000,68094000,
14168.9,-204100,-1068640000,3286998000,4355638000,7764349000,78672177.8,115719977.8,0.3,21084.4,1520,0.9,13500,-2300,-12763000,5.63,"2023-01-30T14:00:00.000Z",1675087200000,5.64,5.61,5.62,34.9,40.8,24.3,1,0.7,6.2,1.2,15800,38700,1410400,9400,217695000,76005000,88768000,52922000
14168.9,-269300,-1433878000,3292613000,4726491000,8140817000,78672177.8,115719977.8,9.9,21084.4,1520,0,1000,-65200,-365238000,5.59,"2023-01-30T14:05:00.000Z",1675087500000,5.62,5.58,5.62,1.5,98.5,0,0.1,3.1,,66.2,66200,67200,1477600,,376468000,5615000,370853000,
14168.9,-314300,-1684012000,3324305000,5008317000,8459895000,78672177.8,115719977.8,6.8,21084.4,1520,0.1,5700,-45000,-250134000,5.56,"2023-01-30T14:10:00.000Z",1675087800000,5.58,5.55,5.58,9.9,88.3,1.7,0.4,2.4,0.7,8.9,50700,57400,1535000,1000,319078000,31692000,281826000,5560000
14168.9,-296900,-1587147000,3438904000,5026051000,8602800000,78672177.8,115719977.8,-2.6,21084.4,1520,6.4,20600,17400,96865000,5.6,"2023-01-30T14:15:00.000Z",1675088100000,5.6,5.54,5.55,80.2,12.5,7.4,1.5,0.2,1.3,0.2,3200,25700,1560700,1900,142905000,114599000,17734000,10572000
14168.9,-306200,-1639139000,3488228000,5127367000,8753440000,78672177.8,115719977.8,1.4,21084.4,1520,0.5,8800,-9300,-51992000,5.6,"2023-01-30T14:20:00.000Z",1675088400000,5.61,5.59,5.59,32.7,67.3,0,0.6,0.9,,2.1,18100,26900,1587600,,150640000,49324000,101316000,
14168.9,-311200,-1667151000,3540248000,5207399000,8885492000,78672177.8,115719977.8,0.8,21084.4,1520,0.7,9300,-5000,-28012000,5.59,"2023-01-30T14:25:00.000Z",1675088700000,5.6,5.59,5.6,39.4,60.6,0,0.7,0.7,,1.5,14300,23600,1611200,,132052000,52020000,80032000,
14168.9,-311200,-1667151000,3540248000,5207399000,9129652000,78672177.8,115719977.8,0,21084.4,1520,NaN,,0,0,5.6,"2023-01-30T14:45:00.000Z",1675089900000,5.6,5.6,5.6,0,0,100,,,28.7,NaN,,43600,1654800,43600,244159999.99999997,,,244159999.99999997
