"abu","acum_busd","acum_busd_val","acum_val_bu","acum_val_sd","acum_val","avg_val_bu","avg_val_sd","rbusd","asd","auk","bs","bu","bu-sd","bu-sd_val","c","date","datetime","h","l","o","pbu","psd","puk","rbu","rsd","ruk","sb","sd","sum_vol","total_vol","uk","val","val_bu","val_sd","val_uk"
366.7,-6800,-132600000,0,132600000,132600000,7154697,42688939.4,3.7,2203,69.7,0,,-6800,-132600000,19.5,"2023-01-30T09:14:00.000Z",1675070040000,19.5,19.5,19.5,0,100,0,,3.1,,Infinity,6800,6800,6800,,132600000,,132600000,
366.7,-7700,-150040000,3890000,153930000,157820000,7154697,42688939.4,0.5,2203,69.7,0.2,200,-900,-17440000,19.3,"2023-01-30T09:16:00.000Z",1675070160000,19.5,19.3,19.5,15.4,84.6,0,0.5,0.5,,5.5,1100,1300,8100,,25220000,3890000,21330000,
366.7,-10200,-198190000,3890000,202080000,205970000,7154697,42688939.4,1.4,2203,69.7,0,,-2500,-48150000,19.2,"2023-01-30T09:18:00.000Z",1675070280000,19.3,19.2,19.3,0,100,0,,1.1,,Infinity,2500,2500,10600,,48150000,,48150000,
366.7,-11600,-225000000,7730000,232730000,240460000,7154697,42688939.4,0.8,2203,69.7,0.1,200,-1400,-26810000,19.1,"2023-01-30T09:20:00.000Z",1675070400000,19.2,19.1,19.2,11.1,88.9,0,0.5,0.7,,8,1600,1800,12400,,34490000,3840000,30650000,
366.7,-11400,-221060000,11670000,232730000,244400000,7154697,42688939.4,0.1,2203,69.7,Infinity,200,200,3940000,19.7,"2023-01-30T09:22:00.000Z",1675070520000,19.7,19.7,19.7,100,0,0,0.5,,,0,,200,12600,,3940000,3940000,,
366.7,-10100,-195560000,37170000,232730000,269900000,7154697,42688939.4,0.7,2203,69.7,Infinity,1300,1300,25500000,19.7,"2023-01-30T09:26:00.000Z",1675070760000,19.7,19.6,19.6,100,0,0,3.5,,,0,,1300,13900,,25500000,25500000,,
366.7,-10400,-201440000,37170000,238610000,275780000,7154697,42688939.4,0.2,2203,69.7,0,,-300,-5880000,19.6,"2023-01-30T09:30:00.000Z",1675071000000,19.6,19.6,19.6,0,100,0,,0.1,,Infinity,300,300,14200,,5880000,,5880000,
366.7,-13700,-265060000,43080000,308140000,351220000,7154697,42688939.4,1.8,2203,69.7,0.1,300,-3300,-63620000,19.7,"2023-01-30T09:38:00.000Z",1675071480000,19.7,19.3,19.3,7.7,92.3,0,0.8,1.6,,12,3600,3900,18100,,75440000,5910000,69530000,
366.7,-14600,-282520000,43080000,325600000,368680000,7154697,42688939.4,0.5,2203,69.7,0,,-900,-17460000,19.3,"2023-01-30T09:40:00.000Z",1675071600000,19.5,19.3,19.4,0,100,0,,0.4,,Infinity,900,900,19000,,17460000,,17460000,
366.7,-17600,-340670000,43080000,383750000,426830000,7154697,42688939.4,1.6,2203,69.7,0,,-3000,-58150000,19.35,"2023-01-30T09:52:00.000Z",1675072320000,19.4,19.35,19.4,0,100,0,,1.4,,Infinity,3000,3000,22000,,58150000,,58150000,
366.7,-19100,-369745000,43080000,412825000,455905000,7154697,42688939.4,0.8,2203,69.7,0,,-1500,-29075000,19.35,"2023-01-30T10:06:00.000Z",1675073160000,19.4,19.35,19.4,0,100,0,,0.7,,Infinity,1500,1500,23500,,29075000,,29075000,
366.7,-20300,-393025000,43080000,436105000,479185000,7154697,42688939.4,0.7,2203,69.7,0,,-1200,-23280000,19.4,"2023-01-30T10:42:00.000Z",1675075320000,19.4,19.4,19.4,0,100,0,,0.5,,Infinity,1200,1200,24700,,23280000,,23280000,
366.7,-27200,-526885000,43080000,569965000,613045000,7154697,42688939.4,3.8,2203,69.7,0,,-6900,-133860000,19.4,"2023-01-30T10:50:00.000Z",1675075800000,19.4,19.4,19.4,0,100,0,,3.1,,Infinity,6900,6900,31600,,133860000,,133860000,
366.7,-28400,-550165000,43080000,593245000,636325000,7154697,42688939.4,0.7,2203,69.7,0,,-1200,-23280000,19.4,"2023-01-30T10:54:00.000Z",1675076040000,19.4,19.4,19.4,0,100,0,,0.5,,Infinity,1200,1200,32800,,23280000,,23280000,
366.7,-29000,-561835000,43080000,604915000,647995000,7154697,42688939.4,0.3,2203,69.7,0,,-600,-11670000,19.45,"2023-01-30T10:58:00.000Z",1675076280000,19.45,19.45,19.45,0,100,0,,0.3,,Infinity,600,600,33400,,11670000,,11670000,
366.7,-29000,-561835000,43080000,604915000,649940000,7154697,42688939.4,0,2203,69.7,NaN,,0,0,19.45,"2023-01-30T11:06:00.000Z",1675076760000,19.45,19.45,19.45,0,0,100,,,1.4,NaN,,100,33500,100,1945000,,,1945000
366.7,-28900,-559875000,45040000,604915000,651900000,7154697,42688939.4,0.1,2203,69.7,Infinity,100,100,1960000.0000000002,19.6,"2023-01-30T11:08:00.000Z",1675076880000,19.6,19.6,19.6,100,0,0,0.3,,,0,,100,33600,,1960000.0000000002,1960000.0000000002,,
366.7,-28800,-557915000,47000000,604915000,653860000,7154697,42688939.4,0.1,2203,69.7,Infinity,100,100,1960000.0000000002,19.6,"2023-01-30T11:16:00.000Z",1675077360000,19.6,19.6,19.6,100,0,0,0.3,,,0,,100,33700,,1960000.0000000002,1960000.0000000002,,
366.7,-27800,-538315000,66600000,604915000,673460000,7154697,42688939.4,0.6,2203,69.7,Infinity,1000,1000,19600000,19.6,"2023-01-30T11:18:00.000Z",1675077480000,19.6,19.6,19.6,100,0,0,2.7,,,0,,1000,34700,,19600000,19600000,,
366.7,-27800,-537350000,183990000,721340000,907275000,7154697,42688939.4,0,2203,69.7,1,6000,0,965000,19.6,"2023-01-30T13:00:00.000Z",1675083600000,19.6,19.4,19.45,50,50,0,16.4,2.7,,1,6000,12000,46700,,233815000,117390000,116425000,
366.7,-27600,-533430000,187910000,721340000,911195000,7154697,42688939.4,0.1,2203,69.7,Infinity,200,200,3920000.0000000005,19.6,"2023-01-30T13:02:00.000Z",1675083720000,19.6,19.6,19.6,100,0,0,0.5,,,0,,200,46900,,3920000.0000000005,3920000.0000000005,,
366.7,-30600,-592230000,187910000,780140000,969995000,7154697,42688939.4,1.7,2203,69.7,0,,-3000,-58800000.00000001,19.6,"2023-01-30T13:12:00.000Z",1675084320000,19.6,19.6,19.6,0,100,0,,1.4,,Infinity,3000,3000,49900,,58800000.00000001,,58800000.00000001,
366.7,-33600,-650935000,187910000,838845000,1028700000,7154697,42688939.4,1.7,2203,69.7,0,,-3000,-58705000,19.55,"2023-01-30T13:16:00.000Z",1675084560000,19.6,19.55,19.6,0,100,0,,1.4,,Infinity,3000,3000,52900,,58705000,,58705000,
366.7,-36600,-709440000,187910000,897350000,1087205000,7154697,42688939.4,1.6,2203,69.7,0,,-3000,-58505000,19.5,"2023-01-30T13:18:00.000Z",1675084680000,19.55,19.5,19.55,0,100,0,,1.4,,Infinity,3000,3000,55900,,58505000,,58505000,
366.7,-38800,-752235000,187910000,940145000,1130000000,7154697,42688939.4,1.2,2203,69.7,0,,-2200,-42795000,19.45,"2023-01-30T13:26:00.000Z",1675085160000,19.5,19.45,19.5,0,100,0,,1,,Infinity,2200,2200,58100,,42795000,,42795000,
366.7,-37600,-728835000,211310000,940145000,1153400000,7154697,42688939.4,0.7,2203,69.7,Infinity,1200,1200,23400000,19.5,"2023-01-30T13:40:00.000Z",1675086000000,19.5,19.5,19.5,100,0,0,3.3,,,0,,1200,59300,,23400000,23400000,,
366.7,-38800,-752235000,211310000,963545000,1176800000,7154697,42688939.4,0.7,2203,69.7,0,,-1200,-23400000,19.5,"2023-01-30T13:42:00.000Z",1675086120000,19.5,19.5,19.5,0,100,0,,0.5,,Infinity,1200,1200,60500,,23400000,,23400000,
366.7,-39900,-773685000,211310000,984995000,1198250000,7154697,42688939.4,0.6,2203,69.7,0,,-1100,-21450000,19.5,"2023-01-30T13:48:00.000Z",1675086480000,19.5,19.5,19.5,0,100,0,,0.5,,Infinity,1100,1100,61600,,21450000,,21450000,
366.7,-49800,-965115000,211310000,1176425000,1389680000,7154697,42688939.4,5.4,2203,69.7,0,,-9900,-191430000,19.25,"2023-01-30T13:50:00.000Z",1675086600000,19.45,19.25,19.45,0,100,0,,4.5,,Infinity,9900,9900,71500,,191430000,,191430000,
366.7,-49700,-963180000,213245000,1176425000,1391615000,7154697,42688939.4,0.1,2203,69.7,Infinity,100,100,1935000.0000000002,19.35,"2023-01-30T13:52:00.000Z",1675086720000,19.35,19.35,19.35,100,0,0,0.3,,,0,,100,71600,,1935000.0000000002,1935000.0000000002,,
366.7,-49800,-965120000,213245000,1178365000,1393555000,7154697,42688939.4,0.1,2203,69.7,0,,-100,-1939999.9999999998,19.4,"2023-01-30T14:14:00.000Z",1675088040000,19.4,19.4,19.4,0,100,0,,0,,Infinity,100,100,71700,,1939999.9999999998,,1939999.9999999998,
366.7,-60600,-1172630000,236105000,1408735000,1646785000,7154697,42688939.4,5.8,2203,69.7,0.1,1200,-10800,-207510000,19.05,"2023-01-30T14:24:00.000Z",1675088640000,19.35,19.05,19.35,9.1,90.9,0,3.3,5.4,,10,12000,13200,84900,,253230000,22860000,230370000,
366.7,-60600,-1172630000,236105000,1408735000,1689465000,7154697,42688939.4,0,2203,69.7,NaN,,0,0,19.4,"2023-01-30T14:44:00.000Z",1675089840000,19.4,19.4,19.4,0,0,100,,,31.6,NaN,,2200,87100,2200,42680000,,,42680000
