"abu","acum_busd","acum_busd_val","acum_val","asd","auk","bs","bu","bu-sd","bu-sd_val","c","date","datetime","h","l","o","pbu","psd","puk","rbu","rsd","ruk","sb","sd","sum_vol","total_vol","uk","val","val_bu","val_sd","val_uk"
1275,1500,65700000,65700000,1103.1,0,Infinity,1500,1500,65700000,43.8,"2023-01-30T09:00:00.000Z",1675069200000,43.8,43.8,43.8,100,0,0,1.2,,,0,,1500,1500,,65700000,65700000,,
1275,2500,109400000,161840000,1103.1,0,2.7,1600,1000,43700000,43.7,"2023-01-30T09:22:00.000Z",1675070520000,43.7,43.7,43.7,72.7,27.3,0,1.3,0.5,,0.4,600,2200,3700,,96140000,69920000,26220000,
1275,3200,139920000,297000000,1103.1,0,1.6,1900,700,30520000,43.6,"2023-01-30T09:26:00.000Z",1675070760000,43.6,43.6,43.6,61.3,38.7,0,1.5,1.1,,0.6,1200,3100,6800,,135160000,82840000,52320000,
1275,5300,231180000,388260000,1103.1,0,Infinity,2100,2100,91260000,43.4,"2023-01-30T09:30:00.000Z",1675071000000,43.5,43.4,43.5,100,0,0,1.6,,,0,,2100,8900,,91260000,91260000,,
1275,2500,109940000.00000001,509500000,1103.1,0,0,,-2800,-121239999.99999999,43.3,"2023-01-30T09:38:00.000Z",1675071480000,43.3,43.3,43.3,0,100,0,,2.5,,Infinity,2800,2800,11700,,121239999.99999999,,121239999.99999999,
1275,5000,218380000,617940000,1103.1,0,Infinity,2500,2500,108440000,43.4,"2023-01-30T09:40:00.000Z",1675071600000,43.4,43.3,43.3,100,0,0,2,,,0,,2500,14200,,108440000,108440000,,
1275,7900,344530000,744090000,1103.1,0,Infinity,2900,2900,126150000,43.5,"2023-01-30T09:46:00.000Z",1675071960000,43.5,43.5,43.5,100,0,0,2.3,,,0,,2900,17100,,126150000,126150000,,
1275,6700,292330000,796290000,1103.1,0,0,,-1200,-52200000,43.5,"2023-01-30T09:48:00.000Z",1675072080000,43.5,43.5,43.5,0,100,0,,1.1,,Infinity,1200,1200,18300,,52200000,,52200000,
1275,5600,244840000,965300000,1103.1,0,0.6,1400,-1100,-47490000,43.3,"2023-01-30T09:54:00.000Z",1675072440000,43.4,43.3,43.4,35.9,64.1,0,1.1,2.3,,1.8,2500,3900,22200,,169010000,60760000,108250000,
1275,1300,58540000,1351000000,1103.1,0,0.3,2300,-4300,-186300000,43.3,"2023-01-30T09:58:00.000Z",1675072680000,43.4,43.3,43.3,25.8,74.2,0,1.8,6,,2.9,6600,8900,31100,,385700000,99700000,286000000,
1275,2800,123410000,1459070000,1103.1,0,4,2000,1500,64870000,43.2,"2023-01-30T10:00:00.000Z",1675072800000,43.3,43.2,43.3,80,20,0,1.6,0.5,,0.3,500,2500,33600,,108070000,86470000,21600000,
1275,1700,76000000,1506480000,1103.1,0,0,,-1100,-47410000,43.1,"2023-01-30T10:02:00.000Z",1675072920000,43.1,43.1,43.1,0,100,0,,1,,Infinity,1100,1100,34700,,47410000,,47410000,
1275,2300,101860000,1627160000,1103.1,0,1.5,1700,600,25860000,43.1,"2023-01-30T10:12:00.000Z",1675073520000,43.1,43.1,43.1,60.7,39.3,0,1.3,1,,0.6,1100,2800,37500,,120680000,73270000,47410000,
1275,-1000,-40040000,1769060000,1103.1,0,0,,-3300,-141900000,43,"2023-01-30T10:18:00.000Z",1675073880000,43,43,43,0,100,0,,3,,Infinity,3300,3300,40800,,141900000,,141900000,
1275,-2200,-91640000,1820660000,1103.1,0,0,,-1200,-51600000,43,"2023-01-30T10:40:00.000Z",1675075200000,43,43,43,0,100,0,,1.1,,Infinity,1200,1200,42000,,51600000,,51600000,
1275,-3200,-134740000,1863760000,1103.1,0,0,,-1000,-43100000,43.1,"2023-01-30T10:42:00.000Z",1675075320000,43.1,43.1,43.1,0,100,0,,0.9,,Infinity,1000,1000,43000,,43100000,,43100000,
1275,-3500,-147670000,1971510000,1103.1,0,0.8,1100,-300,-12930000,43.1,"2023-01-30T10:44:00.000Z",1675075440000,43.1,43.1,43.1,44,56,0,0.9,1.3,,1.3,1400,2500,45500,,107750000,47410000,60340000,
1275,-4800,-203570000,2027410000,1103.1,0,0,,-1300,-55900000,43,"2023-01-30T11:04:00.000Z",1675076640000,43,43,43,0,100,0,,1.2,,Infinity,1300,1300,46800,,55900000,,55900000,
1275,-2500,-104900000,2126080000,1103.1,0,Infinity,2300,2300,98670000,42.9,"2023-01-30T11:08:00.000Z",1675076880000,42.9,42.9,42.9,100,0,0,1.8,,,0,,2300,49100,,98670000,98670000,,
1275,-800,-31970000,2199010000,1103.1,0,Infinity,1700,1700,72930000,42.9,"2023-01-30T11:16:00.000Z",1675077360000,42.9,42.9,42.9,100,0,0,1.3,,,0,,1700,50800,,72930000,72930000,,
1275,-2000,-83450000,2250490000,1103.1,0,0,,-1200,-51480000,42.9,"2023-01-30T13:00:00.000Z",1675083600000,42.9,42.9,42.9,0,100,0,,1.1,,Infinity,1200,1200,52000,,51480000,,51480000,
1275,-2000,-83450000,2439690000,1103.1,0,1,2200,0,0,43.1,"2023-01-30T13:14:00.000Z",1675084440000,43.1,42.9,42.9,50,50,0,1.7,2,,1,2200,4400,56400,,189200000,94600000,94600000,
1275,-2200,-92070000,2448310000,1103.1,0,0,,-200,-8620000,43.1,"2023-01-30T13:16:00.000Z",1675084560000,43.1,43.1,43.1,0,100,0,,0.2,,Infinity,200,200,56600,,8620000,,8620000,
1275,-800,-31590000,2629190000,1103.1,0,2,2800,1400,60480000,43,"2023-01-30T13:28:00.000Z",1675085280000,43.1,43,43.1,66.7,33.3,0,2.2,1.3,,0.5,1400,4200,60800,,180880000,120680000,60200000,
1275,-700,-27440000,2753740000,1103.1,0,1.1,1500,100,4150000,42.9,"2023-01-30T13:30:00.000Z",1675085400000,43,42.9,43,51.7,48.3,0,1.2,1.3,,0.9,1400,2900,63700,,124550000,64350000,60200000,
1275,-600,-23150000,2758030000,1103.1,0,Infinity,100,100,4290000,42.9,"2023-01-30T13:36:00.000Z",1675085760000,42.9,42.9,42.9,100,0,0,0.1,,,0,,100,63800,,4290000,4290000,,
1275,1800,79810000,2860990000,1103.1,0,Infinity,2400,2400,102960000,42.9,"2023-01-30T13:38:00.000Z",1675085880000,42.9,42.9,42.9,100,0,0,1.9,,,0,,2400,66200,,102960000,102960000,,
1275,4000,174410000,2955590000,1103.1,0,Infinity,2200,2200,94600000,43,"2023-01-30T13:48:00.000Z",1675086480000,43,43,43,100,0,0,1.7,,,0,,2200,68400,,94600000,94600000,,
1275,1800,79760000,3110580000,1103.1,0,0.2,700,-2200,-94650000,43,"2023-01-30T13:52:00.000Z",1675086720000,43.1,43,43.1,19.4,80.6,0,0.5,2.6,,4.1,2900,3600,72000,,154990000,30170000,124820000,
1275,2100,92660000,3123480000,1103.1,0,Infinity,300,300,12900000,43,"2023-01-30T14:06:00.000Z",1675087560000,43,43,43,100,0,0,0.2,,,0,,300,72300,,12900000,12900000,,
1275,5700,247630000,3278450000,1103.1,0,Infinity,3600,3600,154970000,43.1,"2023-01-30T14:22:00.000Z",1675088520000,43.1,43,43,100,0,0,2.8,,,0,,3600,75900,,154970000,154970000,,
1275,5500,239030000,3287050000,1103.1,0,0,,-200,-8600000,43,"2023-01-30T14:32:00.000Z",1675089120000,43,43,43,0,100,0,,0.2,,Infinity,200,200,76100,,8600000,,8600000,
