"abu","acum_busd","acum_busd_val","acum_val_bu","acum_val_sd","acum_val","avg_val_bu","avg_val_sd","rbusd","asd","auk","bs","bu","bu-sd","bu-sd_val","c","date","datetime","h","l","o","pbu","psd","puk","rbu","rsd","ruk","sb","sd","sum_vol","total_vol","uk","val","val_bu","val_sd","val_uk"
244.4,100,540000,540000,0,540000,1332222.2,8100000,-0.1,1500,0,Infinity,100,100,540000,5.4,"2023-01-16T10:10:00.000Z",1673863800000,5.4,5.4,5.4,100,0,0,0.4,,,0,,100,100,,540000,540000,,
244.4,-300,-1620000,540000,2160000,2700000,1332222.2,8100000,0.3,1500,0,0,,-400,-2160000,5.4,"2023-01-16T11:20:00.000Z",1673868000000,5.4,5.4,5.4,0,100,0,,0.3,,Infinity,400,400,500,,2160000,,2160000,
244.4,-3500,-18900000,4320000,23220000,27540000,1332222.2,8100000,2.6,1500,0,0.2,700,-3200,-17280000,5.4,"2023-01-16T11:25:00.000Z",1673868300000,5.4,5.4,5.4,15.2,84.8,0,2.9,2.6,,5.6,3900,4600,5100,,24840000,3780000.0000000005,21060000,
244.4,-3200,-17280000,5940000,23220000,29160000,1332222.2,8100000,-0.2,1500,0,Infinity,300,300,1620000,5.4,"2023-01-16T13:00:00.000Z",1673874000000,5.4,5.4,5.4,100,0,0,1.2,,,0,,300,5400,,1620000,1620000,,
244.4,-3100,-16730000,6490000,23220000,29710000,1332222.2,8100000,-0.1,1500,0,Infinity,100,100,550000,5.5,"2023-01-16T13:10:00.000Z",1673874600000,5.5,5.5,5.5,100,0,0,0.4,,,0,,100,5500,,550000,550000,,
244.4,-10800,-58310000,6490000,64800000,71290000,1332222.2,8100000,6.1,1500,0,0,,-7700,-41580000,5.4,"2023-01-16T13:25:00.000Z",1673875500000,5.4,5.4,5.4,0,100,0,,5.1,,Infinity,7700,7700,13200,,41580000,,41580000,
244.4,-11300,-61010000,6490000,67500000,73990000,1332222.2,8100000,0.4,1500,0,0,,-500,-2700000,5.4,"2023-01-16T13:30:00.000Z",1673875800000,5.4,5.4,5.4,0,100,0,,0.3,,Infinity,500,500,13700,,2700000,,2700000,
244.4,-12300,-66410000,6490000,72900000,79390000,1332222.2,8100000,0.8,1500,0,0,,-1000,-5400000,5.4,"2023-01-16T14:25:00.000Z",1673879100000,5.4,5.4,5.4,0,100,0,,0.7,,Infinity,1000,1000,14700,,5400000,,5400000,
244.4,-11300,-60910000,11990000,72900000,84890000,1332222.2,8100000,-0.8,1500,0,Infinity,1000,1000,5500000,5.5,"2023-01-16T14:30:00.000Z",1673879400000,5.5,5.5,5.5,100,0,0,4.1,,,0,,1000,15700,,5500000,5500000,,
