"abu","acum_busd","acum_busd_val","acum_val","asd","auk","bs","bu","bu-sd","bu-sd_val","c","date","datetime","h","l","o","pbu","psd","puk","rbu","rsd","ruk","sb","sd","sum_vol","total_vol","uk","val","val_bu","val_sd","val_uk"
1050,7000,205900000,205900000,450,97.7,Infinity,7000,7000,205900000,29.45,"2023-01-16T10:04:00.000Z",1673863440000,29.45,29.4,29.4,100,0,0,6.7,,,0,,7000,7000,,205900000,205900000,,
1050,10000,294100000,294100000,450,97.7,Infinity,3000,3000,88200000,29.4,"2023-01-16T10:12:00.000Z",1673863920000,29.4,29.4,29.4,100,0,0,2.9,,,0,,3000,10000,,88200000,88200000,,
1050,13500,397025000,397025000,450,97.7,Infinity,3500,3500,102925000,29.45,"2023-01-16T10:14:00.000Z",1673864040000,29.45,29.4,29.4,100,0,0,3.3,,,0,,3500,13500,,102925000,102925000,,
1050,14700,432245000,432245000,450,97.7,Infinity,1200,1200,35220000,29.35,"2023-01-16T10:22:00.000Z",1673864520000,29.35,29.35,29.35,100,0,0,1.1,,,0,,1200,14700,,35220000,35220000,,
1050,17400,511490000,617150000,450,97.7,2.5,4500,2700,79245000,29.35,"2023-01-16T10:24:00.000Z",1673864640000,29.35,29.35,29.35,71.4,28.6,0,4.3,4,,0.4,1800,6300,21000,,184905000,132075000,52830000,
1050,18100,532035000,637695000,450,97.7,Infinity,700,700,20545000,29.35,"2023-01-16T10:26:00.000Z",1673864760000,29.35,29.35,29.35,100,0,0,0.7,,,0,,700,21700,,20545000,20545000,,
1050,16800,493880000,675850000,450,97.7,0,,-1300,-38155000,29.35,"2023-01-16T10:30:00.000Z",1673865000000,29.35,29.35,29.35,0,100,0,,2.9,,Infinity,1300,1300,23000,,38155000,,38155000,
1050,15600,458680000,711050000,450,97.7,0,,-1200,-35200000,29.25,"2023-01-16T10:32:00.000Z",1673865120000,29.35,29.25,29.35,0,100,0,,2.7,,Infinity,1200,1200,24200,,35200000,,35200000,
1050,13900,408955000,760775000,450,97.7,0,,-1700,-49725000,29.25,"2023-01-16T10:34:00.000Z",1673865240000,29.25,29.25,29.25,0,100,0,,3.8,,Infinity,1700,1700,25900,,49725000,,49725000,
1050,13100,385555000,784175000,450,97.7,0,,-800,-23400000,29.25,"2023-01-16T10:38:00.000Z",1673865480000,29.25,29.25,29.25,0,100,0,,1.8,,Infinity,800,800,26700,,23400000,,23400000,
1050,12900,379705000,790025000,450,97.7,0,,-200,-5850000,29.25,"2023-01-16T10:40:00.000Z",1673865600000,29.25,29.25,29.25,0,100,0,,0.4,,Infinity,200,200,26900,,5850000,,5850000,
1050,12700,373855000,795875000,450,97.7,0,,-200,-5850000,29.25,"2023-01-16T10:46:00.000Z",1673865960000,29.25,29.25,29.25,0,100,0,,0.4,,Infinity,200,200,27100,,5850000,,5850000,
1050,12500,368005000,801725000,450,97.7,0,,-200,-5850000,29.25,"2023-01-16T10:50:00.000Z",1673866200000,29.25,29.25,29.25,0,100,0,,0.4,,Infinity,200,200,27300,,5850000,,5850000,
1050,12400,365080000,804650000,450,97.7,0,,-100,-2925000,29.25,"2023-01-16T10:52:00.000Z",1673866320000,29.25,29.25,29.25,0,100,0,,0.2,,Infinity,100,100,27400,,2925000,,2925000,
1050,12300,362155000,807575000,450,97.7,0,,-100,-2925000,29.25,"2023-01-16T11:00:00.000Z",1673866800000,29.25,29.25,29.25,0,100,0,,0.2,,Infinity,100,100,27500,,2925000,,2925000,
1050,12100,356305000,813425000,450,97.7,0,,-200,-5850000,29.25,"2023-01-16T11:02:00.000Z",1673866920000,29.25,29.25,29.25,0,100,0,,0.4,,Infinity,200,200,27700,,5850000,,5850000,
1050,13100,385605000,842725000,450,97.7,Infinity,1000,1000,29300000,29.3,"2023-01-16T11:04:00.000Z",1673867040000,29.3,29.3,29.3,100,0,0,1,,,0,,1000,28700,,29300000,29300000,,
1050,14700,432615000,889735000,450,97.7,Infinity,1600,1600,47010000,29.4,"2023-01-16T11:06:00.000Z",1673867160000,29.4,29.35,29.35,100,0,0,1.5,,,0,,1600,30300,,47010000,47010000,,
1050,17000,500350000,957470000,450,97.7,Infinity,2300,2300,67735000,29.5,"2023-01-16T11:08:00.000Z",1673867280000,29.5,29.4,29.4,100,0,0,2.2,,,0,,2300,32600,,67735000,67735000,,
1050,17100,503300000,960420000,450,97.7,Infinity,100,100,2950000,29.5,"2023-01-16T11:18:00.000Z",1673867880000,29.5,29.5,29.5,100,0,0,0.1,,,0,,100,32700,,2950000,2950000,,
1050,17500,515120000,972240000,450,97.7,Infinity,400,400,11820000,29.55,"2023-01-16T11:20:00.000Z",1673868000000,29.55,29.55,29.55,100,0,0,0.4,,,0,,400,32900,,11820000,11820000,,
1050,15500,455435000,1037895000,450,97.7,0,100,-2000,-59685000,29.7,"2023-01-16T11:24:00.000Z",1673868240000,29.85,29.7,29.85,4.5,95.5,0,0.1,4.7,,21,2100,2200,33300,,65655000,2985000,62670000,
1050,17500,515245000,1142480000,450,97.7,11,2200,2000,59810000,29.85,"2023-01-16T13:00:00.000Z",1673874000000,29.9,29.85,29.9,62.9,5.7,31.4,2.1,0.4,11.3,0.1,200,3500,36800,1100,104585000,65780000,5970000,32835000
1050,18500,545045000,1178220000,450,97.7,Infinity,1000,1000,29800000,29.8,"2023-01-16T13:02:00.000Z",1673874120000,29.8,29.7,29.7,83.3,0,16.7,1,,2,0,,1200,38000,200,35740000,29800000,,5940000
1050,20000,589775000,1222950000,450,97.7,Infinity,1500,1500,44730000,29.9,"2023-01-16T13:08:00.000Z",1673874480000,29.9,29.8,29.8,100,0,0,1.4,,,0,,1500,39500,,44730000,44730000,,
1050,20500,604750000,1237925000,450,97.7,Infinity,500,500,14975000,29.95,"2023-01-16T13:18:00.000Z",1673875080000,29.95,29.95,29.95,100,0,0,0.5,,,0,,500,40000,,14975000,14975000,,
1050,21200,625680000,1330615000,450,97.7,1.6,1900,700,20930000,29.9,"2023-01-16T13:24:00.000Z",1673875440000,29.9,29.9,29.9,61.3,38.7,0,1.8,2.7,,0.6,1200,3100,43100,,92690000,56810000,35880000,
1050,24200,715380000,1474135000,450,97.7,4.3,3900,3000,89700000,29.9,"2023-01-16T13:26:00.000Z",1673875560000,29.9,29.9,29.9,81.3,18.8,0,3.7,2,,0.2,900,4800,47900,,143520000,116610000,26910000,
1050,23300,688740000,1500775000,450,97.7,0,,-900,-26640000,29.6,"2023-01-16T13:34:00.000Z",1673876040000,29.6,29.6,29.6,0,100,0,,2,,Infinity,900,900,48800,,26640000,,26640000,
1050,26900,796480000,1632435000,450,97.7,10,4000,3600,107740000,29.95,"2023-01-16T13:36:00.000Z",1673876160000,29.95,29.9,29.9,90.9,9.1,0,3.8,0.9,,0.1,400,4400,53200,,131660000,119700000,11960000,
1050,26700,790490000,1638425000,450,97.7,0,,-200,-5990000,29.95,"2023-01-16T13:38:00.000Z",1673876280000,29.95,29.95,29.95,0,100,0,,0.4,,Infinity,200,200,53400,,5990000,,5990000,
1050,26500,790484000,1638449000,450,97.7,0.6,300,-200,-6000,30,"2023-01-16T13:44:00.000Z",1673876640000,30,30,30,37.5,62.5,0,0.3,1.1,,1.7,500,800,54200,,24000,9000,15000,
1050,27300,814564000,1662529000,450,97.7,Infinity,800,800,24080000,30.1,"2023-01-16T13:46:00.000Z",1673876760000,30.1,30.1,30.1,100,0,0,0.8,,,0,,800,55000,,24080000,24080000,,
1050,27100,808544000,1674609000,450,97.7,0.3,100,-200,-6020000,30.3,"2023-01-16T13:52:00.000Z",1673877120000,30.3,30.1,30.1,25,75,0,0.1,0.7,,3,300,400,55400,,12080000,3030000,9050000,
1050,27200,811574000,1677639000,450,97.7,Infinity,100,100,3030000,30.3,"2023-01-16T13:54:00.000Z",1673877240000,30.3,30.3,30.3,100,0,0,0.1,,,0,,100,55500,,3030000,3030000,,
1050,30100,900024000,1772189000,450,97.7,30,3000,2900,88450000,30.5,"2023-01-16T13:56:00.000Z",1673877360000,30.5,30.5,30.5,96.8,3.2,0,2.9,0.2,,0,100,3100,58600,,94550000,91500000,3050000,
1050,29900,893924000,1778289000,450,97.7,0,,-200,-6100000,30.5,"2023-01-16T13:58:00.000Z",1673877480000,30.5,30.5,30.5,0,100,0,,0.4,,Infinity,200,200,58800,,6100000,,6100000,
1050,30400,909249000,1793614000,450,97.7,Infinity,500,500,15325000,30.65,"2023-01-16T14:02:00.000Z",1673877720000,30.65,30.65,30.65,100,0,0,0.5,,,0,,500,59300,,15325000,15325000,,
1050,30600,915389000,1805914000,450,97.7,3,300,200,6140000,30.75,"2023-01-16T14:06:00.000Z",1673877960000,30.8,30.7,30.7,75,25,0,0.3,0.2,,0.3,100,400,59700,,12300000,9220000,3080000,
1050,28600,854389000,1866914000,450,97.7,0,,-2000,-61000000,30.5,"2023-01-16T14:08:00.000Z",1673878080000,30.5,30.5,30.5,0,100,0,,4.4,,Infinity,2000,2000,61700,,61000000,,61000000,
1050,29300,875739000,1888264000,450,97.7,Infinity,700,700,21350000,30.5,"2023-01-16T14:22:00.000Z",1673878920000,30.5,30.5,30.5,100,0,0,0.7,,,0,,700,62400,,21350000,21350000,,
1050,27400,872675000,1894338000,450,97.7,0,,-1900,-3064000,30,"2023-01-16T14:24:00.000Z",1673879040000,30.1,30,30.1,0,95,5,,4.2,1,Infinity,1900,2000,64400,100,6074000,,3064000,3010000
1050,26400,872645000,1894368000,450,97.7,0,,-1000,-30000,30,"2023-01-16T14:26:00.000Z",1673879160000,30,30,30,0,100,0,,2.2,,Infinity,1000,1000,65400,,30000,,30000,
1050,26400,872645000,1894455000,450,97.7,NaN,,0,0,30,"2023-01-16T14:44:00.000Z",1673880240000,30,30,30,0,0,100,,,29.7,NaN,,2900,68300,2900,87000,,,87000
