"abu","acum_busd","acum_busd_val","acum_val_bu","acum_val_sd","acum_val","avg_val_bu","avg_val_sd","rbusd","asd","auk","bs","bu","bu-sd","bu-sd_val","c","date","datetime","h","l","o","pbu","psd","puk","rbu","rsd","ruk","sb","sd","sum_vol","total_vol","uk","val","val_bu","val_sd","val_uk"
316.7,0,0,0,0,8190000,2882500,3185000,0,350,275,NaN,,0,0,9.1,"2023-01-16T09:06:00.000Z",1673859960000,9.1,9.1,9.1,0,0,100,,,3.3,NaN,,900,900,900,8190000,,,8190000
316.7,-900,-8190000,0,8190000,16380000,2882500,3185000,27.1,350,275,0,,-900,-8190000,9.1,"2023-01-16T09:08:00.000Z",1673860080000,9.1,9.1,9.1,0,100,0,,2.6,,Infinity,900,900,1800,,8190000,,8190000,
316.7,-1700,-15470000,0,15470000,23660000,2882500,3185000,24.1,350,275,0,,-800,-7280000,9.1,"2023-01-16T09:18:00.000Z",1673860680000,9.1,9.1,9.1,0,100,0,,2.3,,Infinity,800,800,2600,,7280000,,7280000,
316.7,-1700,-15470000,0,15470000,30940000,2882500,3185000,0,350,275,NaN,,0,0,9.1,"2023-01-16T09:24:00.000Z",1673861040000,9.1,9.1,9.1,0,0,100,,,2.9,NaN,,800,3400,800,7280000,,,7280000
316.7,-2200,-20020000,0,20020000,35490000,2882500,3185000,15,350,275,0,,-500,-4550000,9.1,"2023-01-16T09:38:00.000Z",1673861880000,9.1,9.1,9.1,0,100,0,,1.4,,Infinity,500,500,3900,,4550000,,4550000,
316.7,-2100,-19100000,919999.9999999999,20020000,36410000,2882500,3185000,3,350,275,Infinity,100,100,919999.9999999999,9.2,"2023-01-16T10:02:00.000Z",1673863320000,9.2,9.2,9.2,100,0,0,0.3,,,0,,100,4000,,919999.9999999999,919999.9999999999,,
316.7,-3600,-32750000,919999.9999999999,33670000,50060000,2882500,3185000,45.1,350,275,0,,-1500,-13650000,9.1,"2023-01-16T10:32:00.000Z",1673865120000,9.1,9.1,9.1,0,100,0,,4.3,,Infinity,1500,1500,5500,,13650000,,13650000,
316.7,-600,-5450000,28220000,33670000,77360000,2882500,3185000,90.2,350,275,Infinity,3000,3000,27300000,9.1,"2023-01-16T13:02:00.000Z",1673874120000,9.1,9.1,9.1,100,0,0,9.5,,,0,,3000,8500,,27300000,27300000,,
316.7,-600,-5450000,28220000,33670000,86460000,2882500,3185000,0,350,275,NaN,,0,0,9.1,"2023-01-16T13:08:00.000Z",1673874480000,9.1,9.1,9.1,0,0,100,,,3.6,NaN,,1000,9500,1000,9100000,,,9100000
316.7,-1100,-10000000,28220000,38220000,95560000,2882500,3185000,15,350,275,0,,-500,-4550000,9.1,"2023-01-16T13:56:00.000Z",1673877360000,9.1,9.1,9.1,0,50,50,,1.4,1.8,Infinity,500,1000,10500,500,9100000,,4550000,4550000
316.7,-400,-3630000,34590000,38220000,101930000,2882500,3185000,21.1,350,275,Infinity,700,700,6370000,9.1,"2023-01-16T14:10:00.000Z",1673878200000,9.1,9.1,9.1,100,0,0,2.2,,,0,,700,11200,,6370000,6370000,,
316.7,-400,-3630000,34590000,38220000,102840000,2882500,3185000,0,350,275,NaN,,0,0,9.1,"2023-01-16T14:58:00.000Z",1673881080000,9.1,9.1,9.1,0,0,100,,,0.4,NaN,,100,11300,100,910000,,,910000
