"abu","acum_busd","acum_busd_val","acum_val_bu","acum_val_sd","acum_val","avg_val_bu","avg_val_sd","rbusd","asd","auk","bs","bu","bu-sd","bu-sd_val","c","date","datetime","h","l","o","pbu","psd","puk","rbu","rsd","ruk","sb","sd","sum_vol","total_vol","uk","val","val_bu","val_sd","val_uk"
10938.5,-1500,-14190000.000000002,0,14190000.000000002,23690000,105947846.2,36818461.5,-0.2,3930.8,653.8,0,,-1500,-14190000.000000002,9.46,"2023-01-16T09:40:00.000Z",1673862000000,9.5,9.46,9.5,0,60,40,,0.4,1.5,Infinity,1500,2500,2500,1000,23690000,,14190000.000000002,9500000
10938.5,9900,96846000,111036000,14190000.000000002,190022000,105947846.2,36818461.5,1.6,3930.8,653.8,Infinity,11400,11400,111036000,9.74,"2023-01-16T09:45:00.000Z",1673862300000,9.74,9.7,9.7,66.7,0,33.3,1,,8.7,0,,17100,19600,5700,166332000,111036000,,55295999.99999999
10938.5,5500,55253000,112976000,57723000,235495000,105947846.2,36818461.5,-0.6,3930.8,653.8,0,200,-4400,-41593000,9.45,"2023-01-16T10:35:00.000Z",1673865300000,9.7,9.45,9.5,4.2,95.8,0,0,1.2,,23,4600,4800,24400,,45473000,1939999.9999999998,43533000,
10938.5,-34900,-321557000,130472000,452029000,647297000,105947846.2,36818461.5,-5.5,3930.8,653.8,0,1800,-40400,-376810000,9.72,"2023-01-16T10:40:00.000Z",1673865600000,9.72,9.33,9.45,4.1,95.9,0,0.2,10.7,,23.4,42200,44000,68400,,411802000,17496000,394306000,
10938.5,65100,646443000,1098472000,452029000,1632703000,105947846.2,36818461.5,14,3930.8,653.8,Infinity,100000,100000,968000000,9.68,"2023-01-16T11:10:00.000Z",1673867400000,9.68,9.67,9.67,98.2,0,1.8,9.1,,2.8,0,,101800,170200,1800,985406000,968000000,,17406000
10938.5,64900,644507000,1098472000,453965000,1634639000,105947846.2,36818461.5,0,3930.8,653.8,0,,-200,-1936000,9.68,"2023-01-16T11:20:00.000Z",1673868000000,9.68,9.68,9.68,0,100,0,,0.1,,Infinity,200,200,170400,,1936000,,1936000,
10938.5,64800,643562000,1098472000,454910000,1635584000,105947846.2,36818461.5,0,3930.8,653.8,0,,-100,-944999.9999999999,9.45,"2023-01-16T13:00:00.000Z",1673874000000,9.45,9.45,9.45,0,100,0,,0,,Infinity,100,100,170500,,944999.9999999999,,944999.9999999999,
10938.5,64400,639782000,1098472000,458690000,1639364000,105947846.2,36818461.5,-0.1,3930.8,653.8,0,,-400,-3779999.9999999995,9.45,"2023-01-16T13:15:00.000Z",1673874900000,9.45,9.45,9.45,0,100,0,,0.1,,Infinity,400,400,170900,,3779999.9999999995,,3779999.9999999995,
10938.5,63300,629332000,1098472000,469140000,1649814000,105947846.2,36818461.5,-0.2,3930.8,653.8,0,,-1100,-10450000,9.5,"2023-01-16T13:55:00.000Z",1673877300000,9.5,9.5,9.5,0,100,0,,0.3,,Infinity,1100,1100,172000,,10450000,,10450000,
10938.5,62400,620782000,1098472000,477690000,1658364000,105947846.2,36818461.5,-0.1,3930.8,653.8,0,,-900,-8550000,9.5,"2023-01-16T14:00:00.000Z",1673877600000,9.5,9.5,9.5,0,100,0,,0.2,,Infinity,900,900,172900,,8550000,,8550000,
10938.5,62300,619832000,1098472000,478640000,1659314000,105947846.2,36818461.5,0,3930.8,653.8,0,,-100,-950000,9.5,"2023-01-16T14:15:00.000Z",1673878500000,9.5,9.5,9.5,0,100,0,,0,,Infinity,100,100,173000,,950000,,950000,
10938.5,68300,677522000,1156162000,478640000,1717004000,105947846.2,36818461.5,0.8,3930.8,653.8,Infinity,6000,6000,57690000,9.69,"2023-01-16T14:25:00.000Z",1673879100000,9.69,9.6,9.6,100,0,0,0.5,,,0,,6000,179000,,57690000,57690000,,
10938.5,91100,898682000,1377322000,478640000,1938164000,105947846.2,36818461.5,3.2,3930.8,653.8,Infinity,22800,22800,221159999.99999997,9.7,"2023-01-16T14:45:00.000Z",1673880300000,9.7,9.7,9.7,100,0,0,2.1,,,0,,22800,201800,,221159999.99999997,221159999.99999997,,
