"abu","acum_busd","acum_busd_val","acum_val_bu","acum_val_sd","acum_val","avg_val_bu","avg_val_sd","rbusd","asd","auk","bs","bu","bu-sd","bu-sd_val","c","date","datetime","h","l","o","pbu","psd","puk","rbu","rsd","ruk","sb","sd","sum_vol","total_vol","uk","val","val_bu","val_sd","val_uk"
2373.1,-100,-240000,0,240000,240000,5459615.4,4839615.4,-0.4,2103.8,0,0,,-100,-240000,2400,"2023-02-17T09:00:00.000Z",1676624400000,2400,2400,2400,0,100,0,,0,,Infinity,100,100,100,,240000,,240000,
2373.1,-200,-480000,0,480000,480000,5459615.4,4839615.4,-0.4,2103.8,0,0,,-100,-240000,2400,"2023-02-17T09:08:00.000Z",1676624880000,2400,2400,2400,0,100,0,,0,,Infinity,100,100,200,,240000,,240000,
2373.1,-23000,-52920000,0,52920000,52920000,5459615.4,4839615.4,-84.6,2103.8,0,0,,-22800,-52440000,2300,"2023-02-17T09:10:00.000Z",1676625000000,2300,2300,2300,0,100,0,,10.8,,Infinity,22800,22800,23000,,52440000,,52440000,
2373.1,-21800,-50160000,2760000,52920000,55680000,5459615.4,4839615.4,4.5,2103.8,0,Infinity,1200,1200,2760000,2300,"2023-02-17T09:12:00.000Z",1676625120000,2300,2300,2300,100,0,0,0.5,,,0,,1200,24200,,2760000,2760000,,
2373.1,-15600,-35900000,17020000,52920000,69940000,5459615.4,4839615.4,23,2103.8,0,Infinity,6200,6200,14260000,2300,"2023-02-17T09:14:00.000Z",1676625240000,2300,2300,2300,100,0,0,2.6,,,0,,6200,30400,,14260000,14260000,,
2373.1,-10500,-24170000,51750000,75920000,127670000,5459615.4,4839615.4,18.9,2103.8,0,1.5,15100,5100,11730000,2300,"2023-02-17T09:16:00.000Z",1676625360000,2300,2300,2300,60.2,39.8,0,6.4,4.8,,0.7,10000,25100,55500,,57730000,34730000,23000000,
2373.1,-15200,-34980000,51750000,86730000,138480000,5459615.4,4839615.4,-17.4,2103.8,0,0,,-4700,-10810000,2300,"2023-02-17T09:18:00.000Z",1676625480000,2300,2300,2300,0,100,0,,2.2,,Infinity,4700,4700,60200,,10810000,,10810000,
2373.1,-13200,-30380000,56350000,86730000,143080000,5459615.4,4839615.4,7.4,2103.8,0,Infinity,2000,2000,4600000,2300,"2023-02-17T09:22:00.000Z",1676625720000,2300,2300,2300,100,0,0,0.8,,,0,,2000,62200,,4600000,4600000,,
2373.1,-10200,-23480000,63250000,86730000,149980000,5459615.4,4839615.4,11.1,2103.8,0,Infinity,3000,3000,6900000,2300,"2023-02-17T09:24:00.000Z",1676625840000,2300,2300,2300,100,0,0,1.3,,,0,,3000,65200,,6900000,6900000,,
2373.1,-3200,-7380000,79350000,86730000,166080000,5459615.4,4839615.4,26,2103.8,0,Infinity,7000,7000,16100000,2300,"2023-02-17T09:26:00.000Z",1676625960000,2300,2300,2300,100,0,0,2.9,,,0,,7000,72200,,16100000,16100000,,
2373.1,3800,8720000,95450000,86730000,182180000,5459615.4,4839615.4,26,2103.8,0,Infinity,7000,7000,16100000,2300,"2023-02-17T09:28:00.000Z",1676626080000,2300,2300,2300,100,0,0,2.9,,,0,,7000,79200,,16100000,16100000,,
2373.1,11800,27120000,113850000,86730000,200580000,5459615.4,4839615.4,29.7,2103.8,0,Infinity,8000,8000,18400000,2300,"2023-02-17T09:30:00.000Z",1676626200000,2300,2300,2300,100,0,0,3.4,,,0,,8000,87200,,18400000,18400000,,
2373.1,11900,27370000,114100000,86730000,200830000,5459615.4,4839615.4,0.4,2103.8,0,Infinity,100,100,250000,2500,"2023-02-17T09:32:00.000Z",1676626320000,2500,2500,2500,100,0,0,0,,,0,,100,87300,,250000,250000,,
2373.1,6900,15870000,114100000,98230000,212330000,5459615.4,4839615.4,-18.5,2103.8,0,0,,-5000,-11500000,2300,"2023-02-17T09:44:00.000Z",1676627040000,2300,2300,2300,0,100,0,,2.4,,Infinity,5000,5000,92300,,11500000,,11500000,
2373.1,6800,15640000,114100000,98460000,212560000,5459615.4,4839615.4,-0.4,2103.8,0,0,,-100,-230000,2300,"2023-02-17T09:52:00.000Z",1676627520000,2300,2300,2300,0,100,0,,0,,Infinity,100,100,92400,,230000,,230000,
2373.1,6900,15890000,114350000,98460000,212810000,5459615.4,4839615.4,0.4,2103.8,0,Infinity,100,100,250000,2500,"2023-02-17T10:26:00.000Z",1676629560000,2500,2500,2500,100,0,0,0,,,0,,100,92500,,250000,250000,,
2373.1,-3600,-8260000,114350000,122610000,236960000,5459615.4,4839615.4,-39,2103.8,0,0,,-10500,-24150000,2300,"2023-02-17T13:34:00.000Z",1676640840000,2300,2300,2300,0,100,0,,5,,Infinity,10500,10500,103000,,24150000,,24150000,
2373.1,-600,-1360000,121250000,122610000,243860000,5459615.4,4839615.4,11.1,2103.8,0,Infinity,3000,3000,6900000,2300,"2023-02-17T13:38:00.000Z",1676641080000,2300,2300,2300,100,0,0,1.3,,,0,,3000,106000,,6900000,6900000,,
2373.1,-1000,-2280000,121250000,123530000,244780000,5459615.4,4839615.4,-1.5,2103.8,0,0,,-400,-920000,2300,"2023-02-17T13:40:00.000Z",1676641200000,2300,2300,2300,0,100,0,,0.2,,Infinity,400,400,106400,,920000,,920000,
2373.1,-900,-2050000,121480000,123530000,245010000,5459615.4,4839615.4,0.4,2103.8,0,Infinity,100,100,230000,2300,"2023-02-17T13:42:00.000Z",1676641320000,2300,2300,2300,100,0,0,0,,,0,,100,106500,,230000,230000,,
2373.1,100,250000,123780000,123530000,247310000,5459615.4,4839615.4,3.7,2103.8,0,Infinity,1000,1000,2300000,2300,"2023-02-17T14:02:00.000Z",1676642520000,2300,2300,2300,100,0,0,0.4,,,0,,1000,107500,,2300000,2300000,,
2373.1,-900,-2050000,123780000,125830000,249610000,5459615.4,4839615.4,-3.7,2103.8,0,0,,-1000,-2300000,2300,"2023-02-17T14:08:00.000Z",1676642880000,2300,2300,2300,0,100,0,,0.5,,Infinity,1000,1000,108500,,2300000,,2300000,
2373.1,1600,3700000,129530000,125830000,255360000,5459615.4,4839615.4,9.3,2103.8,0,Infinity,2500,2500,5750000,2300,"2023-02-17T14:10:00.000Z",1676643000000,2300,2300,2300,100,0,0,1.1,,,0,,2500,111000,,5750000,5750000,,
2373.1,6600,15200000,141030000,125830000,266860000,5459615.4,4839615.4,18.5,2103.8,0,Infinity,5000,5000,11500000,2300,"2023-02-17T14:20:00.000Z",1676643600000,2300,2300,2300,100,0,0,2.1,,,0,,5000,116000,,11500000,11500000,,
2373.1,6700,15430000,141260000,125830000,267090000,5459615.4,4839615.4,0.4,2103.8,0,Infinity,100,100,230000,2300,"2023-02-17T14:38:00.000Z",1676644680000,2300,2300,2300,100,0,0,0,,,0,,100,116100,,230000,230000,,
2373.1,7000,16120000,141950000,125830000,267780000,5459615.4,4839615.4,1.1,2103.8,0,Infinity,300,300,690000,2300,"2023-02-17T14:42:00.000Z",1676644920000,2300,2300,2300,100,0,0,0.1,,,0,,300,116400,,690000,690000,,
