"abu","acum_busd","acum_busd_val","acum_val_bu","acum_val_sd","acum_val","avg_val_bu","avg_val_sd","rbusd","asd","auk","bs","bu","bu-sd","bu-sd_val","c","date","datetime","h","l","o","pbu","psd","puk","rbu","rsd","ruk","sb","sd","sum_vol","total_vol","uk","val","val_bu","val_sd","val_uk"
2268.9,-12100,-265935000,22275000,288210000,310485000,50140666.7,122653555.6,3.7,5626.7,108.9,0.1,1000,-12100,-265935000,22500,"2023-02-24T09:15:00.000Z",1677230100000,22500,22000,22000,7.1,92.9,0,0.4,2.3,,13.1,13100,14100,14100,,310485000,22275000,288210000,
2268.9,-10900,-238915000,65045000,303960000,369005000,50140666.7,122653555.6,-0.4,5626.7,108.9,2.7,1900,1200,27020000,22500,"2023-02-24T09:20:00.000Z",1677230400000,22700,22500,22500,73.1,26.9,0,0.8,0.1,,0.4,700,2600,16700,,58520000,42770000,15750000,
2268.9,-5700,-121955000,229255000,351210000,580465000,50140666.7,122653555.6,-1.6,5626.7,108.9,3.5,7300,5200,116960000,22500,"2023-02-24T09:25:00.000Z",1677230700000,22600,22450,22500,77.7,22.3,0,3.2,0.4,,0.3,2100,9400,26100,,211460000,164210000,47250000,
2268.9,500,17575000,371035000,353460000,724495000,50140666.7,122653555.6,-1.9,5626.7,108.9,63,6300,6200,139530000,22500,"2023-02-24T09:30:00.000Z",1677231000000,22600,22500,22500,98.4,1.6,0,2.8,0,,0,100,6400,32500,,144030000,141780000,2250000,
2268.9,5400,127825000,492535000,364710000,857245000,50140666.7,122653555.6,-1.5,5626.7,108.9,10.8,5400,4900,110250000,22500,"2023-02-24T09:35:00.000Z",1677231300000,22500,22500,22500,91.5,8.5,0,2.4,0.1,,0.1,500,5900,38400,,132750000,121500000,11250000,
2268.9,8100,188635000,616345000,427710000,1044055000,50140666.7,122653555.6,-0.8,5626.7,108.9,2,5500,2700,60810000,22500,"2023-02-24T09:40:00.000Z",1677231600000,22700,22500,22500,66.3,33.7,0,2.4,0.5,,0.5,2800,8300,46700,,186810000,123810000,63000000,
2268.9,6200,145885000,690595000,544710000,1235305000,50140666.7,122653555.6,0.6,5626.7,108.9,0.6,3300,-1900,-42750000,22500,"2023-02-24T09:45:00.000Z",1677231900000,22500,22500,22500,38.8,61.2,0,1.5,0.9,,1.6,5200,8500,55200,,191250000,74250000,117000000,
2268.9,7000,163950000,746845000,582895000,1329740000,50140666.7,122653555.6,-0.2,5626.7,108.9,1.5,2500,800,18065000,22500,"2023-02-24T09:50:00.000Z",1677232200000,22500,22400,22500,59.5,40.5,0,1.1,0.3,,0.7,1700,4200,59400,,94435000,56250000,38185000,
2268.9,4800,114705000,760325000,645620000,1405945000,50140666.7,122653555.6,0.7,5626.7,108.9,0.2,600,-2200,-49245000,22400,"2023-02-24T09:55:00.000Z",1677232500000,22500,22400,22500,17.6,82.4,0,0.3,0.5,,4.7,2800,3400,62800,,76205000,13480000,62725000,
2268.9,200,12915000,800205000,787290000,1587495000,50140666.7,122653555.6,1.4,5626.7,108.9,0.3,1800,-4600,-101790000,22100,"2023-02-24T10:00:00.000Z",1677232800000,22350,22100,22350,22,78,0,0.8,1.1,,3.6,6400,8200,71000,,181550000,39880000,141670000,
2268.9,2600,66470000,858220000,791750000,1649970000,50140666.7,122653555.6,-0.7,5626.7,108.9,13,2600,2400,53555000,22300,"2023-02-24T10:05:00.000Z",1677233100000,22350,22300,22300,92.9,7.1,0,1.1,0,,0.1,200,2800,73800,,62475000,58015000,4460000,
2268.9,1100,33230000,862660000,829430000,1692090000,50140666.7,122653555.6,0.5,5626.7,108.9,0.1,200,-1500,-33240000,22150,"2023-02-24T10:15:00.000Z",1677233700000,22250,22150,22250,10.5,89.5,0,0.1,0.3,,8.5,1700,1900,75700,,42120000,4440000,37680000,
2268.9,1700,46520000,875950000,829430000,1705380000,50140666.7,122653555.6,-0.2,5626.7,108.9,Infinity,600,600,13290000,22150,"2023-02-24T10:20:00.000Z",1677234000000,22150,22150,22150,100,0,0,0.3,,,0,,600,76300,,13290000,13290000,,
2268.9,-1900,-33220000,880380000,913600000,1793980000,50140666.7,122653555.6,1.1,5626.7,108.9,0.1,200,-3600,-79740000,22150,"2023-02-24T10:25:00.000Z",1677234300000,22150,22150,22150,5,95,0,0.1,0.7,,19,3800,4000,80300,,88600000,4430000,84170000,
2268.9,-7100,-148380000,949045000,1097425000,2046470000,50140666.7,122653555.6,1.6,5626.7,108.9,0.4,3100,-5200,-115160000,22150,"2023-02-24T10:30:00.000Z",1677234600000,22150,22100,22150,27.2,72.8,0,1.4,1.5,,2.7,8300,11400,91700,,252490000,68665000,183825000,
2268.9,-7200,-150595000,949045000,1099640000,2048685000,50140666.7,122653555.6,0,5626.7,108.9,0,,-100,-2215000,22150,"2023-02-24T10:35:00.000Z",1677234900000,22150,22150,22150,0,100,0,,0,,Infinity,100,100,91800,,2215000,,2215000,
2268.9,-36700,-798920000,1072815000,1871735000,2944550000,50140666.7,122653555.6,8.9,5626.7,108.9,0.2,5600,-29500,-648325000,21800,"2023-02-24T10:40:00.000Z",1677235200000,22150,21800,22100,13.8,86.2,0,2.5,6.2,,6.3,35100,40700,132500,,895865000,123770000,772095000,
2268.9,-35800,-779120000,1092615000,1871735000,2964350000,50140666.7,122653555.6,-0.3,5626.7,108.9,Infinity,900,900,19800000,22000,"2023-02-24T10:45:00.000Z",1677235500000,22000,22000,22000,100,0,0,0.4,,,0,,900,133400,,19800000,19800000,,
2268.9,-33600,-730720000,1141015000,1871735000,3012750000,50140666.7,122653555.6,-0.7,5626.7,108.9,Infinity,2200,2200,48400000,22000,"2023-02-24T10:50:00.000Z",1677235800000,22000,22000,22000,100,0,0,1,,,0,,2200,135600,,48400000,48400000,,
2268.9,-33400,-726320000,1145415000,1871735000,3017150000,50140666.7,122653555.6,-0.1,5626.7,108.9,Infinity,200,200,4400000,22000,"2023-02-24T10:55:00.000Z",1677236100000,22000,22000,22000,100,0,0,0.1,,,0,,200,135800,,4400000,4400000,,
2268.9,-32200,-699920000,1171815000,1871735000,3043550000,50140666.7,122653555.6,-0.4,5626.7,108.9,Infinity,1200,1200,26400000,22000,"2023-02-24T11:00:00.000Z",1677236400000,22000,22000,22000,100,0,0,0.5,,,0,,1200,137000,,26400000,26400000,,
2268.9,-33400,-726235000,1171815000,1898050000,3069865000,50140666.7,122653555.6,0.4,5626.7,108.9,0,,-1200,-26315000,21900,"2023-02-24T11:05:00.000Z",1677236700000,21950,21900,21950,0,100,0,,0.2,,Infinity,1200,1200,138200,,26315000,,26315000,
2268.9,-33600,-730600000,1178400000,1909000000,3087400000,50140666.7,122653555.6,0.1,5626.7,108.9,0.6,300,-200,-4365000,21950,"2023-02-24T11:10:00.000Z",1677237000000,21950,21900,21900,37.5,62.5,0,0.1,0.1,,1.7,500,800,139000,,17535000,6585000,10950000,
2268.9,-37800,-822615000,1178400000,2001015000,3179415000,50140666.7,122653555.6,1.3,5626.7,108.9,0,,-4200,-92015000,21900,"2023-02-24T11:15:00.000Z",1677237300000,21950,21900,21950,0,100,0,,0.7,,Infinity,4200,4200,143200,,92015000,,92015000,
2268.9,-49800,-1084325000,1213440000,2297765000,3511205000,50140666.7,122653555.6,3.6,5626.7,108.9,0.1,1600,-12000,-261710000,21900,"2023-02-24T11:20:00.000Z",1677237600000,21900,21800,21850,10.5,89.5,0,0.7,2.4,,8.5,13600,15200,158400,,331790000,35040000,296750000,
2268.9,-48200,-1049285000,1252860000,2302145000,3555005000,50140666.7,122653555.6,-0.5,5626.7,108.9,9,1800,1600,35040000,21900,"2023-02-24T11:25:00.000Z",1677237900000,21900,21900,21900,90,10,0,0.8,0,,0.1,200,2000,160400,,43800000,39420000,4380000,
2268.9,-55200,-1200215000,1335280000,2535495000,3977105000,50140666.7,122653555.6,2.1,5626.7,108.9,0.4,3800,-7000,-150930000,21600,"2023-02-24T13:00:00.000Z",1677243600000,21800,21500,21800,19.5,55.4,25.1,1.7,1.9,45,2.8,10800,19500,179900,4900,422100000,82420000,233350000,106330000
2268.9,-57700,-1253740000,1443570000,2697310000,4247210000,50140666.7,122653555.6,0.7,5626.7,108.9,0.7,5000,-2500,-53525000,21650,"2023-02-24T13:05:00.000Z",1677243900000,21750,21500,21600,40,60,0,2.2,1.3,,1.5,7500,12500,192400,,270105000,108290000,161815000,
2268.9,-68300,-1483235000,1443570000,2926805000,4476705000,50140666.7,122653555.6,3.2,5626.7,108.9,0,,-10600,-229495000,21650,"2023-02-24T13:10:00.000Z",1677244200000,21700,21650,21650,0,100,0,,1.9,,Infinity,10600,10600,203000,,229495000,,229495000,
2268.9,-65800,-1428485000,1530770000,2959255000,4596355000,50140666.7,122653555.6,-0.8,5626.7,108.9,2.7,4000,2500,54750000,21800,"2023-02-24T13:15:00.000Z",1677244500000,21800,21600,21650,72.7,27.3,0,1.8,0.3,,0.4,1500,5500,208500,,119650000,87200000,32450000,
2268.9,-61300,-1330320000,1689975000,3020295000,4816600000,50140666.7,122653555.6,-1.4,5626.7,108.9,2.6,7300,4500,98165000,21800,"2023-02-24T13:20:00.000Z",1677244800000,21850,21800,21800,72.3,27.7,0,3.2,0.5,,0.4,2800,10100,218600,,220245000,159205000,61040000,
2268.9,-60600,-1314945000,1718430000,3033375000,4858135000,50140666.7,122653555.6,-0.2,5626.7,108.9,2.2,1300,700,15375000,21900,"2023-02-24T13:25:00.000Z",1677245100000,21900,21800,21800,68.4,31.6,0,0.6,0.1,,0.5,600,1900,220500,,41535000,28455000,13080000,
2268.9,-61200,-1328025000,1718430000,3046455000,4871215000,50140666.7,122653555.6,0.2,5626.7,108.9,0,,-600,-13080000,21800,"2023-02-24T13:30:00.000Z",1677245400000,21800,21800,21800,0,100,0,,0.1,,Infinity,600,600,221100,,13080000,,13080000,
2268.9,-62500,-1356345000,1722810000,3079155000,4908295000,50140666.7,122653555.6,0.4,5626.7,108.9,0.1,200,-1300,-28320000,21900,"2023-02-24T13:35:00.000Z",1677245700000,21900,21800,21800,11.8,88.2,0,0.1,0.3,,7.5,1500,1700,222800,,37080000,4380000,32700000,
2268.9,-69500,-1508800000,1722810000,3231610000,5060750000,50140666.7,122653555.6,2.1,5626.7,108.9,0,,-7000,-152455000,21700,"2023-02-24T13:40:00.000Z",1677246000000,21800,21700,21800,0,100,0,,1.2,,Infinity,7000,7000,229800,,152455000,,152455000,
2268.9,-64100,-1389990000,1870125000,3260115000,5236570000,50140666.7,122653555.6,-1.6,5626.7,108.9,5.2,6700,5400,118810000,22150,"2023-02-24T13:45:00.000Z",1677246300000,22150,21650,21650,83.8,16.3,0,3,0.2,,0.2,1300,8000,237800,,175820000,147315000,28505000,
2268.9,-66600,-1444990000,1936125000,3381115000,5423570000,50140666.7,122653555.6,0.8,5626.7,108.9,0.5,3000,-2500,-55000000,22000,"2023-02-24T13:50:00.000Z",1677246600000,22000,22000,22000,35.3,64.7,0,1.3,1,,1.8,5500,8500,246300,,187000000,66000000,121000000,
2268.9,-65700,-1424960000,1984515000,3409475000,5500320000,50140666.7,122653555.6,-0.3,5626.7,108.9,1.7,2200,900,20030000,22000,"2023-02-24T13:55:00.000Z",1677246900000,22000,21800,21900,62.9,37.1,0,1,0.2,,0.6,1300,3500,249800,,76750000,48390000,28360000,
2268.9,-65000,-1409560000,2004315000,3413875000,5524520000,50140666.7,122653555.6,-0.2,5626.7,108.9,4.5,900,700,15400000,22000,"2023-02-24T14:00:00.000Z",1677247200000,22000,22000,22000,81.8,18.2,0,0.4,0,,0.2,200,1100,250900,,24200000,19800000,4400000,
2268.9,-65800,-1427045000,2021835000,3448880000,5577045000,50140666.7,122653555.6,0.2,5626.7,108.9,0.5,800,-800,-17485000,21900,"2023-02-24T14:05:00.000Z",1677247500000,22000,21800,22000,33.3,66.7,0,0.4,0.3,,2,1600,2400,253300,,52525000,17520000,35005000,
2268.9,-64100,-1389645000,2068035000,3457680000,5632045000,50140666.7,122653555.6,-0.5,5626.7,108.9,5.3,2100,1700,37400000,22000,"2023-02-24T14:10:00.000Z",1677247800000,22000,22000,22000,84,16,0,0.9,0.1,,0.2,400,2500,255800,,55000000,46200000,8800000,
2268.9,-84100,-1821780000,2124100000,3945880000,6176310000,50140666.7,122653555.6,6,5626.7,108.9,0.1,2600,-20000,-432135000,21550,"2023-02-24T14:15:00.000Z",1677248100000,21900,21500,21900,10.3,89.7,0,1.1,4,,8.7,22600,25200,281000,,544265000,56065000,488200000,
2268.9,-94200,-2040055000,2208225000,4248280000,6562835000,50140666.7,122653555.6,3,5626.7,108.9,0.3,3900,-10100,-218275000,21600,"2023-02-24T14:20:00.000Z",1677248400000,21600,21550,21550,21.8,78.2,0,1.7,2.5,,3.6,14000,17900,298900,,386525000,84125000,302400000,
2268.9,-93200,-2018230000,2256330000,4274560000,6637220000,50140666.7,122653555.6,-0.3,5626.7,108.9,1.8,2200,1000,21825000,21900,"2023-02-24T14:25:00.000Z",1677248700000,21900,21850,21850,64.7,35.3,0,1,0.2,,0.5,1200,3400,302300,,74385000,48105000,26280000,
2268.9,-151100,-3263080000,2256330000,5519410000,7882070000,50140666.7,122653555.6,17.2,5626.7,108.9,0,,-57900,-1244850000,21500,"2023-02-24T14:45:00.000Z",1677249900000,21500,21500,21500,0,100,0,,10.3,,Infinity,57900,57900,360200,,1244850000,,1244850000,
