"abu","acum_busd","acum_busd_val","acum_val_bu","acum_val_sd","acum_val","avg_val_bu","avg_val_sd","rbusd","asd","auk","bs","bu","bu-sd","bu-sd_val","c","date","datetime","h","l","o","pbu","psd","puk","rbu","rsd","ruk","sb","sd","sum_vol","total_vol","uk","val","val_bu","val_sd","val_uk"
1243.5,-1300,-27140000,20900000,48040000,71030000,25539347.8,42522173.9,1.6,2078.3,213,0.4,1000,-1300,-27140000,20900,"2023-02-24T09:00:00.000Z",1677229200000,20900,20600,20600,29.4,67.6,2.9,0.8,1.1,0.5,2.3,2300,3400,3400,100,71030000,20900000,48040000,2090000
1243.5,-1200,-25060000,22980000,48040000,73110000,25539347.8,42522173.9,-0.1,2078.3,213,Infinity,100,100,2080000,20800,"2023-02-24T09:10:00.000Z",1677229800000,20800,20800,20800,100,0,0,0.1,,,0,,100,3500,,2080000,2080000,,
1243.5,-300,-6340000,41700000,48040000,91830000,25539347.8,42522173.9,-1.1,2078.3,213,Infinity,900,900,18720000,20800,"2023-02-24T09:15:00.000Z",1677230100000,20800,20800,20800,100,0,0,0.7,,,0,,900,4400,,18720000,18720000,,
1243.5,-100,-2200000,45840000,48040000,100110000,25539347.8,42522173.9,-0.2,2078.3,213,Infinity,200,200,4140000,20700,"2023-02-24T09:30:00.000Z",1677231000000,20700,20700,20700,50,0,50,0.2,,0.9,0,,400,4800,200,8280000,4140000,,4140000
1243.5,900,18500000,66540000,48040000,120810000,25539347.8,42522173.9,-1.2,2078.3,213,Infinity,1000,1000,20700000,20700,"2023-02-24T09:35:00.000Z",1677231300000,20700,20700,20700,100,0,0,0.8,,,0,,1000,5800,,20700000,20700000,,
1243.5,1100,22640000,89310000,66670000,162210000,25539347.8,42522173.9,-0.2,2078.3,213,1.2,1100,200,4140000,20700,"2023-02-24T09:40:00.000Z",1677231600000,20700,20700,20700,55,45,0,0.9,0.4,,0.8,900,2000,7800,,41400000,22770000,18630000,
1243.5,1800,37200000,103870000,66670000,176770000,25539347.8,42522173.9,-0.9,2078.3,213,Infinity,700,700,14560000,20800,"2023-02-24T09:45:00.000Z",1677231900000,20800,20800,20800,100,0,0,0.6,,,0,,700,8500,,14560000,14560000,,
1243.5,-2200,-45600000,110080000,155680000,271990000,25539347.8,42522173.9,4.9,2078.3,213,0.1,300,-4000,-82800000,20700,"2023-02-24T09:50:00.000Z",1677232200000,20700,20700,20700,6.5,93.5,0,0.2,2.1,,14.3,4300,4600,13100,,95220000,6210000,89010000,
1243.5,-2700,-55850000,120430000,176280000,302940000,25539347.8,42522173.9,0.6,2078.3,213,0.5,500,-500,-10250000,20600,"2023-02-24T09:55:00.000Z",1677232500000,20700,20600,20700,33.3,66.7,0,0.4,0.5,,2,1000,1500,14600,,30950000,10350000,20600000,
1243.5,-2300,-47570000,128710000,176280000,311220000,25539347.8,42522173.9,-0.5,2078.3,213,Infinity,400,400,8280000,20700,"2023-02-24T10:05:00.000Z",1677233100000,20700,20700,20700,100,0,0,0.3,,,0,,400,15000,,8280000,8280000,,
1243.5,-4300,-88770000,128710000,217480000,352420000,25539347.8,42522173.9,2.4,2078.3,213,0,,-2000,-41200000,20600,"2023-02-24T10:10:00.000Z",1677233400000,20600,20600,20600,0,100,0,,1,,Infinity,2000,2000,17000,,41200000,,41200000,
1243.5,-4900,-101130000,128710000,229840000,364780000,25539347.8,42522173.9,0.7,2078.3,213,0,,-600,-12360000,20600,"2023-02-24T10:15:00.000Z",1677233700000,20600,20600,20600,0,100,0,,0.3,,Infinity,600,600,17600,,12360000,,12360000,
1243.5,-6400,-131830000,143130000,274960000,424320000,25539347.8,42522173.9,1.8,2078.3,213,0.3,700,-1500,-30700000,20600,"2023-02-24T10:20:00.000Z",1677234000000,20600,20500,20600,24.1,75.9,0,0.6,1.1,,3.1,2200,2900,20500,,59540000,14420000,45120000,
1243.5,-6600,-135950000,143130000,279080000,428440000,25539347.8,42522173.9,0.2,2078.3,213,0,,-200,-4120000,20600,"2023-02-24T10:25:00.000Z",1677234300000,20600,20600,20600,0,100,0,,0.1,,Infinity,200,200,20700,,4120000,,4120000,
1243.5,-7600,-156450000,143130000,299580000,448940000,25539347.8,42522173.9,1.2,2078.3,213,0,,-1000,-20500000,20500,"2023-02-24T10:30:00.000Z",1677234600000,20500,20500,20500,0,100,0,,0.5,,Infinity,1000,1000,21700,,20500000,,20500000,
1243.5,-7600,-156450000,143130000,299580000,469540000,25539347.8,42522173.9,0,2078.3,213,NaN,,0,0,20600,"2023-02-24T10:35:00.000Z",1677234900000,20600,20600,20600,0,0,100,,,4.7,NaN,,1000,22700,1000,20600000,,,20600000
1243.5,-7200,-148210000,151370000,299580000,494260000,25539347.8,42522173.9,-0.5,2078.3,213,Infinity,400,400,8240000,20600,"2023-02-24T10:45:00.000Z",1677235500000,20600,20600,20600,33.3,0,66.7,0.3,,3.8,0,,1200,23900,800,24720000,8240000,,16480000
1243.5,-6100,-125550000,174030000,299580000,516920000,25539347.8,42522173.9,-1.3,2078.3,213,Infinity,1100,1100,22660000,20600,"2023-02-24T10:50:00.000Z",1677235800000,20600,20600,20600,100,0,0,0.9,,,0,,1100,25000,,22660000,22660000,,
1243.5,-4900,-100830000,198750000,299580000,541640000,25539347.8,42522173.9,-1.5,2078.3,213,Infinity,1200,1200,24720000,20600,"2023-02-24T10:55:00.000Z",1677236100000,20600,20600,20600,100,0,0,1,,,0,,1200,26200,,24720000,24720000,,
1243.5,-10700,-219700000,209000000,428700000,681010000,25539347.8,42522173.9,7,2078.3,213,0.1,500,-5800,-118870000,20400,"2023-02-24T11:05:00.000Z",1677236700000,20500,20400,20500,7.4,92.6,0,0.4,3,,12.6,6300,6800,33000,,139370000,10250000,129120000,
1243.5,-14400,-295150000,215150000,510300000,783110000,25539347.8,42522173.9,4.4,2078.3,213,0.1,300,-3700,-75450000,20400,"2023-02-24T11:15:00.000Z",1677237300000,20500,20400,20500,6,80,14,0.2,1.9,3.3,13.3,4000,5000,38000,700,102100000,6150000,81600000,14350000
1243.5,-14200,-291070000,223310000,514380000,795350000,25539347.8,42522173.9,-0.2,2078.3,213,2,400,200,4080000,20400,"2023-02-24T11:20:00.000Z",1677237600000,20400,20400,20400,66.7,33.3,0,0.3,0.1,,0.5,200,600,38600,,12240000,8160000,4080000,
1243.5,-15200,-311370000,223310000,534680000,815650000,25539347.8,42522173.9,1.2,2078.3,213,0,,-1000,-20300000,20300,"2023-02-24T11:25:00.000Z",1677237900000,20300,20300,20300,0,100,0,,0.5,,Infinity,1000,1000,39600,,20300000,,20300000,
1243.5,-24000,-489220000,229410000,718630000,1005700000,25539347.8,42522173.9,10.5,2078.3,213,0,300,-8800,-177850000,20300,"2023-02-24T13:00:00.000Z",1677243600000,20400,20200,20400,3.2,96.8,0,0.2,4.4,,30.3,9100,9400,49000,,190050000,6100000,183950000,
1243.5,-25500,-519500000,233470000,752970000,1044100000,25539347.8,42522173.9,1.8,2078.3,213,0.1,200,-1500,-30280000,20300,"2023-02-24T13:05:00.000Z",1677243900000,20300,20200,20200,10.5,89.5,0,0.2,0.8,,8.5,1700,1900,50900,,38400000,4060000,34340000,
1243.5,-26300,-535730000,235500000,771230000,1145590000,25539347.8,42522173.9,1,2078.3,213,0.1,100,-800,-16230000,20300,"2023-02-24T13:10:00.000Z",1677244200000,20300,20200,20300,2,18,80,0.1,0.4,18.8,9,900,5000,55900,4000,101490000,2030000,18260000,81200000
1243.5,-23300,-474530000,296700000,771230000,1206790000,25539347.8,42522173.9,-3.6,2078.3,213,Infinity,3000,3000,61200000,20400,"2023-02-24T13:15:00.000Z",1677244500000,20400,20400,20400,100,0,0,2.4,,,0,,3000,58900,,61200000,61200000,,
1243.5,-18200,-370280000,400950000,771230000,1311040000,25539347.8,42522173.9,-6.1,2078.3,213,Infinity,5100,5100,104250000,20500,"2023-02-24T13:20:00.000Z",1677244800000,20500,20400,20400,100,0,0,4.1,,,0,,5100,64000,,104250000,104250000,,
1243.5,-18600,-378440000,400950000,779390000,1319200000,25539347.8,42522173.9,0.5,2078.3,213,0,,-400,-8160000,20400,"2023-02-24T13:25:00.000Z",1677245100000,20400,20400,20400,0,100,0,,0.2,,Infinity,400,400,64400,,8160000,,8160000,
1243.5,-23100,-470240000,400950000,871190000,1411000000,25539347.8,42522173.9,5.4,2078.3,213,0,,-4500,-91800000,20400,"2023-02-24T13:30:00.000Z",1677245400000,20400,20400,20400,0,100,0,,2.2,,Infinity,4500,4500,68900,,91800000,,91800000,
1243.5,-23200,-472280000,400950000,873230000,1413040000,25539347.8,42522173.9,0.1,2078.3,213,0,,-100,-2040000,20400,"2023-02-24T13:40:00.000Z",1677246000000,20400,20400,20400,0,100,0,,0,,Infinity,100,100,69000,,2040000,,2040000,
1243.5,-22300,-453830000,446050000,899880000,1484790000,25539347.8,42522173.9,-1.1,2078.3,213,1.7,2200,900,18450000,20500,"2023-02-24T13:45:00.000Z",1677246300000,20500,20500,20500,62.9,37.1,0,1.8,0.6,,0.6,1300,3500,72500,,71750000,45100000,26650000,
1243.5,-25300,-515330000,446050000,961380000,1546290000,25539347.8,42522173.9,3.6,2078.3,213,0,,-3000,-61500000,20500,"2023-02-24T13:50:00.000Z",1677246600000,20500,20500,20500,0,100,0,,1.4,,Infinity,3000,3000,75500,,61500000,,61500000,
1243.5,-23400,-476180000,493430000,969610000,1601900000,25539347.8,42522173.9,-2.3,2078.3,213,5.8,2300,1900,39150000,20600,"2023-02-24T13:55:00.000Z",1677246900000,20600,20500,20500,85.2,14.8,0,1.8,0.2,,0.2,400,2700,78200,,55610000,47380000,8230000,
1243.5,-19700,-398840000,620210000,1019050000,1778120000,25539347.8,42522173.9,-4.6,2078.3,213,2.5,6100,3700,77340000,20800,"2023-02-24T14:00:00.000Z",1677247200000,20800,20600,20600,71.8,28.2,0,4.9,1.2,,0.4,2400,8500,86700,,176220000,126780000,49440000,
1243.5,-23300,-472900000,640910000,1113810000,1893580000,25539347.8,42522173.9,4.4,2078.3,213,0.2,1000,-3600,-74060000,20600,"2023-02-24T14:05:00.000Z",1677247500000,20700,20600,20700,17.9,82.1,0,0.8,2.2,,4.6,4600,5600,92300,,115460000,20700000,94760000,
1243.5,-23900,-485260000,640910000,1126170000,1905940000,25539347.8,42522173.9,0.7,2078.3,213,0,,-600,-12360000,20600,"2023-02-24T14:10:00.000Z",1677247800000,20600,20600,20600,0,100,0,,0.3,,Infinity,600,600,92900,,12360000,,12360000,
1243.5,-34700,-706170000,640910000,1347080000,2188350000,25539347.8,42522173.9,13,2078.3,213,0,,-10800,-220910000,20400,"2023-02-24T14:15:00.000Z",1677248100000,20500,20400,20500,0,78.3,21.7,,5.2,14.1,Infinity,10800,13800,106700,3000,282410000,,220910000,61500000
1243.5,-37200,-757070000,700070000,1457140000,2357570000,25539347.8,42522173.9,3,2078.3,213,0.5,2900,-2500,-50900000,20400,"2023-02-24T14:20:00.000Z",1677248400000,20400,20300,20400,34.9,65.1,0,2.3,2.6,,1.9,5400,8300,115000,,169220000,59160000,110060000,
1243.5,-37900,-771350000,716530000,1487880000,2404770000,25539347.8,42522173.9,0.8,2078.3,213,0.5,800,-700,-14280000,20600,"2023-02-24T14:25:00.000Z",1677248700000,20600,20400,20400,34.8,65.2,0,0.6,0.7,,1.9,1500,2300,117300,,47200000,16460000,30740000,
1243.5,-39000,-793810000,735070000,1528880000,2464310000,25539347.8,42522173.9,1.3,2078.3,213,0.5,900,-1100,-22460000,20500,"2023-02-24T14:30:00.000Z",1677249000000,20600,20500,20500,31,69,0,0.7,1,,2.2,2000,2900,120200,,59540000,18540000,41000000,
1243.5,-41900,-853260000,735070000,1588330000,2523760000,25539347.8,42522173.9,3.5,2078.3,213,0,,-2900,-59450000,20500,"2023-02-24T14:35:00.000Z",1677249300000,20500,20500,20500,0,100,0,,1.4,,Infinity,2900,2900,123100,,59450000,,59450000,
1243.5,-28100,-571280000,1072310000,1643590000,2916260000,25539347.8,42522173.9,-16.6,2078.3,213,6.1,16500,13800,281980000,20600,"2023-02-24T14:40:00.000Z",1677249600000,20600,20400,20500,85.9,14.1,0,13.3,1.3,,0.2,2700,19200,142300,,392500000,337240000,55260000,
1243.5,-30800,-626180000,1172760000,1798940000,3172060000,25539347.8,42522173.9,3.2,2078.3,213,0.6,4900,-2700,-54900000,20400,"2023-02-24T14:45:00.000Z",1677249900000,20500,20400,20500,39.2,60.8,0,3.9,3.7,,1.6,7600,12500,154800,,255800000,100450000,155350000,
1243.5,-33300,-677170000,1174810000,1851980000,3227150000,25539347.8,42522173.9,3,2078.3,213,0,100,-2500,-50990000,20400,"2023-02-24T14:50:00.000Z",1677250200000,20500,20400,20400,3.7,96.3,0,0.1,1.3,,26,2600,2700,157500,,55090000,2050000,53040000,
1243.5,-38400,-781210000,1174810000,1956020000,3331190000,25539347.8,42522173.9,6.1,2078.3,213,0,,-5100,-104040000,20400,"2023-02-24T14:55:00.000Z",1677250500000,20400,20400,20400,0,100,0,,2.5,,Infinity,5100,5100,162600,,104040000,,104040000,
