"abu","acum_busd","acum_busd_val","acum_val_bu","acum_val_sd","acum_val","avg_val_bu","avg_val_sd","rbusd","asd","auk","bs","bu","bu-sd","bu-sd_val","c","date","datetime","h","l","o","pbu","psd","puk","rbu","rsd","ruk","sb","sd","sum_vol","total_vol","uk","val","val_bu","val_sd","val_uk"
8220.9,0,0,2450000,2450000,4900000,42555627.9,5007209.3,0,955.8,93,1,500,0,0,4.9,"2023-01-19T09:16:00.000Z",1674119760000,4.9,4.9,4.9,50,50,0,0.1,0.5,,1,500,1000,1000,,4900000,2450000,2450000,
8220.9,400,1960000,17150000,15190000.000000002,32340000,42555627.9,5007209.3,0.1,955.8,93,1.2,3000,400,1960000,4.9,"2023-01-19T09:20:00.000Z",1674120000000,4.9,4.9,4.9,53.6,46.4,0,0.4,2.7,,0.9,2600,5600,6600,,27440000.000000004,14700000.000000002,12740000.000000002,
8220.9,500,1960500,17150500,15190000.000000002,32340500,42555627.9,5007209.3,0,955.8,93,Infinity,100,100,500,5,"2023-01-19T09:22:00.000Z",1674120120000,5,5,5,100,0,0,0,,,0,,100,6700,,500,500,,
8220.9,5700,1986500,17176500,15190000.000000002,32366500,42555627.9,5007209.3,0,955.8,93,Infinity,5200,5200,26000,5,"2023-01-19T09:30:00.000Z",1674120600000,5,5,5,100,0,0,0.6,,,0,,5200,11900,,26000,26000,,
8220.9,6400,1990000,17180000,15190000.000000002,32370000,42555627.9,5007209.3,0,955.8,93,Infinity,700,700,3500,5,"2023-01-19T09:32:00.000Z",1674120720000,5,5,5,100,0,0,0.1,,,0,,700,12600,,3500,3500,,
8220.9,6800,1992000,17182000,15190000.000000002,32372000,42555627.9,5007209.3,0,955.8,93,Infinity,400,400,2000,5,"2023-01-19T09:36:00.000Z",1674120960000,5,5,5,100,0,0,0,,,0,,400,13000,,2000,2000,,
8220.9,13900,38202000,53392000,15190000.000000002,68582000,42555627.9,5007209.3,1,955.8,93,Infinity,7100,7100,36210000,5.1,"2023-01-19T09:38:00.000Z",1674121080000,5.1,5.1,5.1,100,0,0,0.9,,,0,,7100,20100,,36210000,36210000,,
8220.9,48000,216032000,231742000,15710000.000000002,247452000,42555627.9,5007209.3,4.7,955.8,93,342,34200,34100,177830000,5.3,"2023-01-19T09:40:00.000Z",1674121200000,5.3,5.2,5.2,99.7,0.3,0,4.2,0.1,,0,100,34300,54400,,178870000,178350000,520000,
8220.9,49500,224032000,242342000,18310000,260652000,42555627.9,5007209.3,0.2,955.8,93,4,2000,1500,8000000,5.2,"2023-01-19T09:46:00.000Z",1674121560000,5.3,5.2,5.3,80,20,0,0.2,0.5,,0.3,500,2500,56900,,13200000,10600000,2600000,
8220.9,50500,229332000,247642000,18310000,265952000,42555627.9,5007209.3,0.1,955.8,93,Infinity,1000,1000,5300000,5.3,"2023-01-19T09:48:00.000Z",1674121680000,5.3,5.3,5.3,100,0,0,0.1,,,0,,1000,57900,,5300000,5300000,,
8220.9,50600,229862000,248172000,18310000,266482000,42555627.9,5007209.3,0,955.8,93,Infinity,100,100,530000,5.3,"2023-01-19T09:52:00.000Z",1674121920000,5.3,5.3,5.3,100,0,0,0,,,0,,100,58000,,530000,530000,,
8220.9,60600,282862000,301172000,18310000,319482000,42555627.9,5007209.3,1.4,955.8,93,Infinity,10000,10000,53000000,5.3,"2023-01-19T09:54:00.000Z",1674122040000,5.3,5.3,5.3,100,0,0,1.2,,,0,,10000,68000,,53000000,53000000,,
8220.9,61600,288162000,306472000,18310000,324782000,42555627.9,5007209.3,0.1,955.8,93,Infinity,1000,1000,5300000,5.3,"2023-01-19T09:56:00.000Z",1674122160000,5.3,5.3,5.3,100,0,0,0.1,,,0,,1000,69000,,5300000,5300000,,
8220.9,62300,291902000,311772000,19870000,331642000,42555627.9,5007209.3,0.1,955.8,93,3.3,1000,700,3740000,5.2,"2023-01-19T09:58:00.000Z",1674122280000,5.3,5.2,5.3,76.9,23.1,0,0.1,0.3,,0.3,300,1300,70300,,6860000,5300000,1560000,
8220.9,62000,290362000,312832000,22470000,335302000,42555627.9,5007209.3,0,955.8,93,0.4,200,-300,-1540000,5.3,"2023-01-19T10:02:00.000Z",1674122520000,5.3,5.2,5.2,28.6,71.4,0,0,0.5,,2.5,500,700,71000,,3660000,1060000,2600000,
8220.9,62200,291422000,313892000,22470000,336362000,42555627.9,5007209.3,0,955.8,93,Infinity,200,200,1060000,5.3,"2023-01-19T10:04:00.000Z",1674122640000,5.3,5.3,5.3,100,0,0,0,,,0,,200,71200,,1060000,1060000,,
8220.9,79600,383642000,406112000,22470000,428582000,42555627.9,5007209.3,2.5,955.8,93,Infinity,17400,17400,92220000,5.3,"2023-01-19T10:08:00.000Z",1674122880000,5.3,5.3,5.3,100,0,0,2.1,,,0,,17400,88600,,92220000,92220000,,
8220.9,75700,363372000,406642000,43270000,449912000,42555627.9,5007209.3,0.5,955.8,93,0,100,-3900,-20270000,5.2,"2023-01-19T10:16:00.000Z",1674123360000,5.3,5.2,5.3,2.4,97.6,0,0,4.2,,40,4000,4100,92700,,21330000,530000,20800000,
8220.9,73500,351932000,406642000,54710000,461352000,42555627.9,5007209.3,0.3,955.8,93,0,,-2200,-11440000,5.2,"2023-01-19T10:18:00.000Z",1674123480000,5.2,5.2,5.2,0,100,0,,2.3,,Infinity,2200,2200,94900,,11440000,,11440000,
8220.9,81800,395092000,455002000,59910000,514912000,42555627.9,5007209.3,1.1,955.8,93,9.3,9300,8300,43160000,5.2,"2023-01-19T10:22:00.000Z",1674123720000,5.2,5.2,5.2,90.3,9.7,0,1.1,1,,0.1,1000,10300,105200,,53560000,48360000,5200000,
8220.9,82500,398732000,458642000,59910000,518552000,42555627.9,5007209.3,0.1,955.8,93,Infinity,700,700,3640000,5.2,"2023-01-19T10:26:00.000Z",1674123960000,5.2,5.2,5.2,100,0,0,0.1,,,0,,700,105900,,3640000,3640000,,
8220.9,82900,400812000,460722000,59910000,520632000,42555627.9,5007209.3,0.1,955.8,93,Infinity,400,400,2080000,5.2,"2023-01-19T10:28:00.000Z",1674124080000,5.2,5.2,5.2,100,0,0,0,,,0,,400,106300,,2080000,2080000,,
8220.9,87600,425252000,485162000,59910000,545072000,42555627.9,5007209.3,0.7,955.8,93,Infinity,4700,4700,24440000,5.2,"2023-01-19T10:32:00.000Z",1674124320000,5.2,5.2,5.2,100,0,0,0.6,,,0,,4700,111000,,24440000,24440000,,
8220.9,100600,492852000,552762000,59910000,612672000,42555627.9,5007209.3,1.8,955.8,93,Infinity,13000,13000,67600000,5.2,"2023-01-19T10:48:00.000Z",1674125280000,5.2,5.2,5.2,100,0,0,1.6,,,0,,13000,124000,,67600000,67600000,,
8220.9,112700,555772000,615682000,59910000,675592000,42555627.9,5007209.3,1.7,955.8,93,Infinity,12100,12100,62920000,5.2,"2023-01-19T10:50:00.000Z",1674125400000,5.2,5.2,5.2,100,0,0,1.5,,,0,,12100,136100,,62920000,62920000,,
8220.9,112900,556812000,616722000,59910000,676632000,42555627.9,5007209.3,0,955.8,93,Infinity,200,200,1040000,5.2,"2023-01-19T10:52:00.000Z",1674125520000,5.2,5.2,5.2,100,0,0,0,,,0,,200,136300,,1040000,1040000,,
8220.9,112800,556292000,616722000,60430000,677152000,42555627.9,5007209.3,0,955.8,93,0,,-100,-520000,5.2,"2023-01-19T10:56:00.000Z",1674125760000,5.2,5.2,5.2,0,100,0,,0.1,,Infinity,100,100,136400,,520000,,520000,
8220.9,110800,545892000,616722000,70830000,687552000,42555627.9,5007209.3,0.3,955.8,93,0,,-2000,-10400000,5.2,"2023-01-19T10:58:00.000Z",1674125880000,5.2,5.2,5.2,0,100,0,,2.1,,Infinity,2000,2000,138400,,10400000,,10400000,
8220.9,110700,545372000,616722000,71350000,688072000,42555627.9,5007209.3,0,955.8,93,0,,-100,-520000,5.2,"2023-01-19T11:06:00.000Z",1674126360000,5.2,5.2,5.2,0,100,0,,0.1,,Infinity,100,100,138500,,520000,,520000,
8220.9,109700,540172000,616722000,76550000,693272000,42555627.9,5007209.3,0.1,955.8,93,0,,-1000,-5200000,5.2,"2023-01-19T11:12:00.000Z",1674126720000,5.2,5.2,5.2,0,100,0,,1,,Infinity,1000,1000,139500,,5200000,,5200000,
8220.9,158800,800502000,882252000,81750000,964002000,42555627.9,5007209.3,6.9,955.8,93,50.1,50100,49100,260330000,5.3,"2023-01-19T11:20:00.000Z",1674127200000,5.3,5.2,5.2,98,2,0,6.1,1,,0,1000,51100,190600,,270730000,265530000,5200000,
8220.9,159800,805802000,887552000,81750000,969302000,42555627.9,5007209.3,0.1,955.8,93,Infinity,1000,1000,5300000,5.3,"2023-01-19T11:22:00.000Z",1674127320000,5.3,5.3,5.3,100,0,0,0.1,,,0,,1000,191600,,5300000,5300000,,
8220.9,184800,938302000,1020052000,81750000,1101802000,42555627.9,5007209.3,3.5,955.8,93,Infinity,25000,25000,132500000,5.3,"2023-01-19T11:24:00.000Z",1674127440000,5.3,5.3,5.3,100,0,0,3,,,0,,25000,216600,,132500000,132500000,,
8220.9,336200,1740722000,1829892000,89170000,1919062000,42555627.9,5007209.3,21.4,955.8,93,109.1,152800,151400,802420000,5.3,"2023-01-19T11:26:00.000Z",1674127560000,5.3,5.3,5.3,99.1,0.9,0,18.6,1.5,,0,1400,154200,370800,,817260000,809840000,7420000,
8220.9,326200,1687722000,1829892000,142170000,1972062000,42555627.9,5007209.3,1.4,955.8,93,0,,-10000,-53000000,5.3,"2023-01-19T13:00:00.000Z",1674133200000,5.3,5.3,5.3,0,100,0,,10.5,,Infinity,10000,10000,380800,,53000000,,53000000,
8220.9,325500,1684012000,1829892000,145880000,1975772000,42555627.9,5007209.3,0.1,955.8,93,0,,-700,-3710000,5.3,"2023-01-19T13:06:00.000Z",1674133560000,5.3,5.3,5.3,0,100,0,,0.7,,Infinity,700,700,381500,,3710000,,3710000,
8220.9,324800,1680302000,1829892000,149590000,1979482000,42555627.9,5007209.3,0.1,955.8,93,0,,-700,-3710000,5.3,"2023-01-19T13:08:00.000Z",1674133680000,5.3,5.3,5.3,0,100,0,,0.7,,Infinity,700,700,382200,,3710000,,3710000,
8220.9,323800,1675002000,1829892000,154890000,1984782000,42555627.9,5007209.3,0.1,955.8,93,0,,-1000,-5300000,5.3,"2023-01-19T13:10:00.000Z",1674133800000,5.3,5.3,5.3,0,100,0,,1,,Infinity,1000,1000,383200,,5300000,,5300000,
8220.9,320700,1658572000,1829892000,171320000,2001212000,42555627.9,5007209.3,0.4,955.8,93,0,,-3100,-16430000,5.3,"2023-01-19T13:12:00.000Z",1674133920000,5.3,5.3,5.3,0,100,0,,3.2,,Infinity,3100,3100,386300,,16430000,,16430000,
8220.9,320500,1657512000,1829892000,172380000,2002272000,42555627.9,5007209.3,0,955.8,93,0,,-200,-1060000,5.3,"2023-01-19T13:46:00.000Z",1674135960000,5.3,5.3,5.3,0,100,0,,0.2,,Infinity,200,200,386500,,1060000,,1060000,
8220.9,316400,1635782000,1829892000,194110000,2024002000,42555627.9,5007209.3,0.6,955.8,93,0,,-4100,-21730000,5.3,"2023-01-19T13:48:00.000Z",1674136080000,5.3,5.3,5.3,0,100,0,,4.3,,Infinity,4100,4100,390600,,21730000,,21730000,
8220.9,312400,1614582000,1829892000,215310000,2045202000,42555627.9,5007209.3,0.6,955.8,93,0,,-4000,-21200000,5.3,"2023-01-19T13:52:00.000Z",1674136320000,5.3,5.3,5.3,0,100,0,,4.2,,Infinity,4000,4000,394600,,21200000,,21200000,
8220.9,312400,1614582000,1829892000,215310000,2066402000,42555627.9,5007209.3,0,955.8,93,NaN,,0,0,5.3,"2023-01-19T14:44:00.000Z",1674139440000,5.3,5.3,5.3,0,0,100,,,43,NaN,,4000,398600,4000,21200000,,,21200000
