"abu","acum_busd","acum_busd_val","acum_val_bu","acum_val_sd","acum_val","avg_val_bu","avg_val_sd","rbusd","asd","auk","bs","bu","bu-sd","bu-sd_val","c","date","datetime","h","l","o","pbu","psd","puk","rbu","rsd","ruk","sb","sd","sum_vol","total_vol","uk","val","val_bu","val_sd","val_uk"
423.3,-500,-6300000,0,6300000,6300000,5263720.9,17985348.8,0.5,1455.8,79.1,0,,-500,-6300000,12.6,"2023-02-10T09:34:00.000Z",1676021640000,12.6,12.6,12.6,0,100,0,,0.3,,Infinity,500,500,500,,6300000,,6300000,
423.3,100,1260000,7560000,6300000,13860000,5263720.9,17985348.8,0.6,1455.8,79.1,Infinity,600,600,7560000,12.6,"2023-02-10T09:36:00.000Z",1676021760000,12.6,12.6,12.6,100,0,0,1.4,,,0,,600,1100,,7560000,7560000,,
423.3,-300,-3780000,7560000,11340000,18900000,5263720.9,17985348.8,0.4,1455.8,79.1,0,,-400,-5040000,12.6,"2023-02-10T09:46:00.000Z",1676022360000,12.6,12.6,12.6,0,100,0,,0.3,,Infinity,400,400,1500,,5040000,,5040000,
423.3,-600,-7560000,7560000,15120000,22680000,5263720.9,17985348.8,0.3,1455.8,79.1,0,,-300,-3780000,12.6,"2023-02-10T09:52:00.000Z",1676022720000,12.6,12.6,12.6,0,100,0,,0.2,,Infinity,300,300,1800,,3780000,,3780000,
423.3,-900,-11310000,7560000,18870000,26430000,5263720.9,17985348.8,0.3,1455.8,79.1,0,,-300,-3750000,12.5,"2023-02-10T09:54:00.000Z",1676022840000,12.5,12.5,12.5,0,100,0,,0.2,,Infinity,300,300,2100,,3750000,,3750000,
423.3,-2900,-36310000,7560000,43870000,51430000,5263720.9,17985348.8,2,1455.8,79.1,0,,-2000,-25000000,12.5,"2023-02-10T09:56:00.000Z",1676022960000,12.5,12.5,12.5,0,100,0,,1.4,,Infinity,2000,2000,4100,,25000000,,25000000,
423.3,-1300,-16310000,27560000,43870000,71430000,5263720.9,17985348.8,1.6,1455.8,79.1,Infinity,1600,1600,20000000,12.5,"2023-02-10T09:58:00.000Z",1676023080000,12.5,12.5,12.5,100,0,0,3.8,,,0,,1600,5700,,20000000,20000000,,
423.3,0,210000,61580000,61370000,122950000,5263720.9,17985348.8,1.3,1455.8,79.1,1.9,2700,1300,16520000,12.6,"2023-02-10T10:00:00.000Z",1676023200000,12.6,12.5,12.5,65.9,34.1,0,6.4,1,,0.5,1400,4100,9800,,51520000,34020000,17500000,
423.3,-1000,-12390000,61580000,73970000,135550000,5263720.9,17985348.8,1,1455.8,79.1,0,,-1000,-12600000,12.6,"2023-02-10T10:02:00.000Z",1676023320000,12.6,12.6,12.6,0,100,0,,0.7,,Infinity,1000,1000,10800,,12600000,,12600000,
423.3,-2000,-24990000,61580000,86570000,148150000,5263720.9,17985348.8,1,1455.8,79.1,0,,-1000,-12600000,12.6,"2023-02-10T10:04:00.000Z",1676023440000,12.6,12.6,12.6,0,100,0,,0.7,,Infinity,1000,1000,11800,,12600000,,12600000,
423.3,-1900,-23720000,62850000,86570000,149420000,5263720.9,17985348.8,0.1,1455.8,79.1,Infinity,100,100,1270000,12.7,"2023-02-10T10:06:00.000Z",1676023560000,12.7,12.7,12.7,100,0,0,0.2,,,0,,100,11900,,1270000,1270000,,
423.3,-1600,-19910000,66660000,86570000,153230000,5263720.9,17985348.8,0.3,1455.8,79.1,Infinity,300,300,3810000,12.7,"2023-02-10T10:10:00.000Z",1676023800000,12.7,12.7,12.7,100,0,0,0.7,,,0,,300,12200,,3810000,3810000,,
423.3,-3600,-45110000,66660000,111770000,178430000,5263720.9,17985348.8,2,1455.8,79.1,0,,-2000,-25200000,12.6,"2023-02-10T10:20:00.000Z",1676024400000,12.6,12.6,12.6,0,100,0,,1.4,,Infinity,2000,2000,14200,,25200000,,25200000,
423.3,-5600,-70310000,66660000,136970000,203630000,5263720.9,17985348.8,2,1455.8,79.1,0,,-2000,-25200000,12.6,"2023-02-10T10:36:00.000Z",1676025360000,12.6,12.6,12.6,0,100,0,,1.4,,Infinity,2000,2000,16200,,25200000,,25200000,
423.3,-5500,-69040000,67930000,136970000,208680000,5263720.9,17985348.8,0.1,1455.8,79.1,Infinity,100,100,1270000,12.7,"2023-02-10T10:38:00.000Z",1676025480000,12.7,12.6,12.6,25,0,75,0.2,,3.8,0,,400,16600,300,5050000,1270000,,3780000
423.3,-5500,-69040000,67930000,136970000,213720000,5263720.9,17985348.8,0,1455.8,79.1,NaN,,0,0,12.6,"2023-02-10T10:40:00.000Z",1676025600000,12.6,12.6,12.6,0,0,100,,,5.1,NaN,,400,17000,400,5040000,,,5040000
423.3,-6500,-81540000,67930000,149470000,226220000,5263720.9,17985348.8,1,1455.8,79.1,0,,-1000,-12500000,12.5,"2023-02-10T10:58:00.000Z",1676026680000,12.5,12.5,12.5,0,100,0,,0.7,,Infinity,1000,1000,18000,,12500000,,12500000,
423.3,-7700,-96540000,67930000,164470000,241220000,5263720.9,17985348.8,1.2,1455.8,79.1,0,,-1200,-15000000,12.5,"2023-02-10T11:04:00.000Z",1676027040000,12.5,12.5,12.5,0,100,0,,0.8,,Infinity,1200,1200,19200,,15000000,,15000000,
423.3,-7700,-96540000,67930000,164470000,242470000,5263720.9,17985348.8,0,1455.8,79.1,NaN,,0,0,12.5,"2023-02-10T11:12:00.000Z",1676027520000,12.5,12.5,12.5,0,0,100,,,1.3,NaN,,100,19300,100,1250000,,,1250000
423.3,-8200,-102790000,67930000,170720000,248720000,5263720.9,17985348.8,0.5,1455.8,79.1,0,,-500,-6250000,12.5,"2023-02-10T11:24:00.000Z",1676028240000,12.5,12.5,12.5,0,100,0,,0.3,,Infinity,500,500,19800,,6250000,,6250000,
423.3,-8200,-102790000,67930000,170720000,254970000,5263720.9,17985348.8,0,1455.8,79.1,NaN,,0,0,12.5,"2023-02-10T11:26:00.000Z",1676028360000,12.5,12.5,12.5,0,0,100,,,6.3,NaN,,500,20300,500,6250000,,,6250000
423.3,-8400,-105270000,67930000,173200000,257450000,5263720.9,17985348.8,0.2,1455.8,79.1,0,,-200,-2480000,12.4,"2023-02-10T13:00:00.000Z",1676034000000,12.4,12.4,12.4,0,100,0,,0.1,,Infinity,200,200,20500,,2480000,,2480000,
423.3,-8400,-105270000,67930000,173200000,272450000,5263720.9,17985348.8,0,1455.8,79.1,NaN,,0,0,12.5,"2023-02-10T13:08:00.000Z",1676034480000,12.5,12.5,12.5,0,0,100,,,15.2,NaN,,1200,21700,1200,15000000,,,15000000
423.3,-8000,-100270000,72930000,173200000,277450000,5263720.9,17985348.8,0.4,1455.8,79.1,Infinity,400,400,5000000,12.5,"2023-02-10T13:14:00.000Z",1676034840000,12.5,12.5,12.5,100,0,0,0.9,,,0,,400,22100,,5000000,5000000,,
423.3,-7900,-99020000,74180000,173200000,278700000,5263720.9,17985348.8,0.1,1455.8,79.1,Infinity,100,100,1250000,12.5,"2023-02-10T13:20:00.000Z",1676035200000,12.5,12.5,12.5,100,0,0,0.2,,,0,,100,22200,,1250000,1250000,,
423.3,-20000,-248160000,96320000,344480000,472120000,5263720.9,17985348.8,11.7,1455.8,79.1,0.1,1800,-12100,-149140000,12.3,"2023-02-10T13:24:00.000Z",1676035440000,12.4,12.3,12.4,11.5,88.5,0,4.3,9.5,,7.7,13900,15700,37900,,193420000,22140000,171280000,
423.3,-25000,-309660000,96320000,405980000,533620000,5263720.9,17985348.8,4.8,1455.8,79.1,0,,-5000,-61500000,12.3,"2023-02-10T13:28:00.000Z",1676035680000,12.3,12.3,12.3,0,100,0,,3.4,,Infinity,5000,5000,42900,,61500000,,61500000,
423.3,-22500,-278610000,133520000,412130000,576970000,5263720.9,17985348.8,2.4,1455.8,79.1,6,3000,2500,31050000,12.4,"2023-02-10T13:30:00.000Z",1676035800000,12.4,12.3,12.3,85.7,14.3,0,7.1,0.3,,0.2,500,3500,46400,,43350000,37200000,6150000,
423.3,-21500,-266210000,145920000,412130000,589370000,5263720.9,17985348.8,1,1455.8,79.1,Infinity,1000,1000,12400000,12.4,"2023-02-10T13:32:00.000Z",1676035920000,12.4,12.4,12.4,100,0,0,2.4,,,0,,1000,47400,,12400000,12400000,,
423.3,-19500,-241010000,171120000,412130000,614570000,5263720.9,17985348.8,2,1455.8,79.1,Infinity,2000,2000,25200000,12.6,"2023-02-10T13:36:00.000Z",1676036160000,12.6,12.6,12.6,100,0,0,4.7,,,0,,2000,49400,,25200000,25200000,,
423.3,-21000,-259760000,171120000,430880000,633320000,5263720.9,17985348.8,1.5,1455.8,79.1,0,,-1500,-18750000,12.5,"2023-02-10T14:00:00.000Z",1676037600000,12.5,12.5,12.5,0,100,0,,1,,Infinity,1500,1500,50900,,18750000,,18750000,
423.3,-22400,-277060000,178620000,455680000,665620000,5263720.9,17985348.8,1.4,1455.8,79.1,0.3,600,-1400,-17300000,12.4,"2023-02-10T14:02:00.000Z",1676037720000,12.5,12.4,12.5,23.1,76.9,0,1.4,1.4,,3.3,2000,2600,53500,,32300000,7500000,24800000,
423.3,-23400,-289460000,178620000,468080000,684220000,5263720.9,17985348.8,1,1455.8,79.1,0,,-1000,-12400000,12.4,"2023-02-10T14:04:00.000Z",1676037840000,12.4,12.4,12.4,0,66.7,33.3,,0.7,6.3,Infinity,1000,1500,55000,500,18600000,,12400000,6200000
423.3,-23300,-288210000,179870000,468080000,685470000,5263720.9,17985348.8,0.1,1455.8,79.1,Infinity,100,100,1250000,12.5,"2023-02-10T14:06:00.000Z",1676037960000,12.5,12.5,12.5,100,0,0,0.2,,,0,,100,55100,,1250000,1250000,,
423.3,-26300,-325410000,179870000,505280000,722670000,5263720.9,17985348.8,2.9,1455.8,79.1,0,,-3000,-37200000,12.4,"2023-02-10T14:08:00.000Z",1676038080000,12.4,12.4,12.4,0,100,0,,2.1,,Infinity,3000,3000,58100,,37200000,,37200000,
423.3,-27100,-335330000,179870000,515200000,732590000,5263720.9,17985348.8,0.8,1455.8,79.1,0,,-800,-9920000,12.4,"2023-02-10T14:10:00.000Z",1676038200000,12.4,12.4,12.4,0,100,0,,0.5,,Infinity,800,800,58900,,9920000,,9920000,
423.3,-31200,-385810000,184810000,570620000,792950000,5263720.9,17985348.8,4,1455.8,79.1,0.1,400,-4100,-50480000,12.4,"2023-02-10T14:12:00.000Z",1676038320000,12.4,12.3,12.4,8.2,91.8,0,0.9,3.1,,11.3,4500,4900,63800,,60360000,4940000,55420000,
423.3,-32100,-396870000,189740000,586610000,813870000,5263720.9,17985348.8,0.9,1455.8,79.1,0.3,400,-900,-11060000.000000002,12.3,"2023-02-10T14:16:00.000Z",1676038560000,12.4,12.3,12.4,23.5,76.5,0,0.9,0.9,,3.3,1300,1700,65500,,20920000,4930000,15990000.000000002,
423.3,-41100,-506670000,189740000,696410000,923670000,5263720.9,17985348.8,8.6,1455.8,79.1,0,,-9000,-109800000,12.2,"2023-02-10T14:18:00.000Z",1676038680000,12.2,12.2,12.2,0,100,0,,6.2,,Infinity,9000,9000,74500,,109800000,,109800000,
423.3,-38100,-470070000,226340000,696410000,960270000,5263720.9,17985348.8,2.9,1455.8,79.1,Infinity,3000,3000,36600000,12.2,"2023-02-10T14:20:00.000Z",1676038800000,12.2,12.2,12.2,100,0,0,7.1,,,0,,3000,77500,,36600000,36600000,,
423.3,-38100,-470070000,226340000,696410000,965190000,5263720.9,17985348.8,0,1455.8,79.1,NaN,,0,0,12.3,"2023-02-10T14:22:00.000Z",1676038920000,12.3,12.3,12.3,0,0,100,,,5.1,NaN,,400,77900,400,4920000,,,4920000
423.3,-39100,-482370000,226340000,708710000,977490000,5263720.9,17985348.8,1,1455.8,79.1,0,,-1000,-12300000,12.3,"2023-02-10T14:28:00.000Z",1676039280000,12.3,12.3,12.3,0,100,0,,0.7,,Infinity,1000,1000,78900,,12300000,,12300000,
423.3,-44400,-547030000,226340000,773370000,1042150000,5263720.9,17985348.8,5.1,1455.8,79.1,0,,-5300,-64659999.99999999,12.2,"2023-02-10T14:44:00.000Z",1676040240000,12.2,12.2,12.2,0,100,0,,3.6,,Infinity,5300,5300,84200,,64659999.99999999,,64659999.99999999,
