"abu","acum_busd","acum_busd_val","acum_val_bu","acum_val_sd","acum_val","avg_val_bu","avg_val_sd","rbusd","asd","auk","bs","bu","bu-sd","bu-sd_val","c","date","datetime","h","l","o","pbu","psd","puk","rbu","rsd","ruk","sb","sd","sum_vol","total_vol","uk","val","val_bu","val_sd","val_uk"
7000,0,0,0,0,1920000,68356818.2,21268560.6,0,2200,809.1,NaN,,0,0,9.6,"2023-02-10T09:14:00.000Z",1676020440000,9.6,9.6,9.6,0,0,100,,,0.2,NaN,,200,200,200,1920000,,,1920000
7000,-1200,-11460000,0,11460000,13380000,68356818.2,21268560.6,0.2,2200,809.1,0,,-1200,-11460000,9.55,"2023-02-10T09:20:00.000Z",1676020800000,9.55,9.55,9.55,0,100,0,,0.5,,Infinity,1200,1200,1400,,11460000,,11460000,
7000,50800,491770000,542230000,50460000,594610000,68356818.2,21268560.6,10.7,2200,809.1,14,56000,52000,503230000,9.75,"2023-02-10T09:22:00.000Z",1676020920000,9.75,9.63,9.63,93.3,6.7,0,8,1.8,,0.1,4000,60000,61400,,581230000,542230000,39000000,
7000,57800,560200000,674360000,114160000,790440000,68356818.2,21268560.6,1.5,2200,809.1,2.1,13500,7000,68430000,9.8,"2023-02-10T09:24:00.000Z",1676021040000,9.8,9.75,9.75,67.5,32.5,0,1.9,3,,0.5,6500,20000,81400,,195830000,132130000,63700000.00000001,
7000,78200,759865000,874025000,114160000,990105000,68356818.2,21268560.6,4.2,2200,809.1,Infinity,20400,20400,199665000,9.75,"2023-02-10T09:26:00.000Z",1676021160000,9.8,9.75,9.75,100,0,0,2.9,,,0,,20400,101800,,199665000,199665000,,
7000,90400,879295000,993455000,114160000,1109535000,68356818.2,21268560.6,2.5,2200,809.1,Infinity,12200,12200,119429999.99999999,9.79,"2023-02-10T09:30:00.000Z",1676021400000,9.79,9.75,9.75,100,0,0,1.7,,,0,,12200,114000,,119429999.99999999,119429999.99999999,,
7000,94300,917125000,1038075000,120950000,1160945000,68356818.2,21268560.6,0.8,2200,809.1,6.6,4600,3900,37830000,9.7,"2023-02-10T09:32:00.000Z",1676021520000,9.7,9.7,9.7,86.8,13.2,0,0.7,0.3,,0.2,700,5300,119300,,51410000,44620000,6789999.999999999,
7000,101800,989875000,1110825000,120950000,1233695000,68356818.2,21268560.6,1.5,2200,809.1,Infinity,7500,7500,72750000,9.7,"2023-02-10T09:42:00.000Z",1676022120000,9.7,9.7,9.7,100,0,0,1.1,,,0,,7500,126800,,72750000,72750000,,
7000,102200,993755000,1114705000,120950000,1237575000,68356818.2,21268560.6,0.1,2200,809.1,Infinity,400,400,3879999.9999999995,9.7,"2023-02-10T09:52:00.000Z",1676022720000,9.7,9.7,9.7,100,0,0,0.1,,,0,,400,127200,,3879999.9999999995,3879999.9999999995,,
7000,115100,1119528000,1240478000,120950000,1363348000,68356818.2,21268560.6,2.7,2200,809.1,Infinity,12900,12900,125773000,9.75,"2023-02-10T09:54:00.000Z",1676022840000,9.75,9.73,9.73,100,0,0,1.8,,,0,,12900,140100,,125773000,125773000,,
7000,116000,1128305000,1250228000,121923000,1374071000,68356818.2,21268560.6,0.2,2200,809.1,10,1000,900,8777000,9.73,"2023-02-10T09:56:00.000Z",1676022960000,9.75,9.73,9.75,90.9,9.1,0,0.1,0,,0.1,100,1100,141200,,10723000,9750000,973000,
7000,116200,1130255000,1252178000,121923000,1376021000,68356818.2,21268560.6,0,2200,809.1,Infinity,200,200,1950000,9.75,"2023-02-10T09:58:00.000Z",1676023080000,9.75,9.75,9.75,100,0,0,0,,,0,,200,141400,,1950000,1950000,,
7000,116300,1131230000,1253153000,121923000,1376996000,68356818.2,21268560.6,0,2200,809.1,Infinity,100,100,975000,9.75,"2023-02-10T10:00:00.000Z",1676023200000,9.75,9.75,9.75,100,0,0,0,,,0,,100,141500,,975000,975000,,
7000,115800,1126355000,1253153000,126798000,1381871000,68356818.2,21268560.6,0.1,2200,809.1,0,,-500,-4875000,9.75,"2023-02-10T10:02:00.000Z",1676023320000,9.75,9.75,9.75,0,100,0,,0.2,,Infinity,500,500,142000,,4875000,,4875000,
7000,114800,1116605000,1253153000,136548000,1391621000,68356818.2,21268560.6,0.2,2200,809.1,0,,-1000,-9750000,9.75,"2023-02-10T10:04:00.000Z",1676023440000,9.75,9.75,9.75,0,100,0,,0.5,,Infinity,1000,1000,143000,,9750000,,9750000,
7000,115800,1126375000,1262923000,136548000,1401391000,68356818.2,21268560.6,0.2,2200,809.1,Infinity,1000,1000,9770000,9.77,"2023-02-10T10:06:00.000Z",1676023560000,9.77,9.77,9.77,100,0,0,0.1,,,0,,1000,144000,,9770000,9770000,,
7000,115900,1127352000,1263900000,136548000,1402368000,68356818.2,21268560.6,0,2200,809.1,Infinity,100,100,977000,9.77,"2023-02-10T10:08:00.000Z",1676023680000,9.77,9.77,9.77,100,0,0,0,,,0,,100,144100,,977000,977000,,
7000,116700,1135168000,1272693000,137525000,1412138000,68356818.2,21268560.6,0.2,2200,809.1,9,900,800,7816000,9.77,"2023-02-10T10:14:00.000Z",1676024040000,9.77,9.77,9.77,90,10,0,0.1,0,,0.1,100,1000,145100,,9770000,8793000,977000,
7000,136700,1330868000,1468393000,137525000,1607838000,68356818.2,21268560.6,4.2,2200,809.1,Infinity,20000,20000,195700000,9.79,"2023-02-10T10:16:00.000Z",1676024160000,9.79,9.78,9.78,100,0,0,2.9,,,0,,20000,165100,,195700000,195700000,,
7000,146400,1425930000,1569329000,143399000,1714648000,68356818.2,21268560.6,2,2200,809.1,17.2,10300,9700,95062000,9.8,"2023-02-10T10:18:00.000Z",1676024280000,9.8,9.79,9.8,94.5,5.5,0,1.5,0.3,,0.1,600,10900,176000,,106810000,100936000,5873999.999999999,
7000,171700,1673976000,1817375000,143399000,1962694000,68356818.2,21268560.6,5.3,2200,809.1,Infinity,25300,25300,248046000,9.84,"2023-02-10T10:20:00.000Z",1676024400000,9.85,9.8,9.8,100,0,0,3.6,,,0,,25300,201300,,248046000,248046000,,
7000,170500,1662157000,1856735000,194578000,2053233000,68356818.2,21268560.6,0.3,2200,809.1,0.8,4000,-1200,-11819000,9.85,"2023-02-10T10:24:00.000Z",1676024640000,9.85,9.84,9.84,43.5,56.5,0,0.6,2.4,,1.3,5200,9200,210500,,90539000,39360000,51179000,
7000,178900,1744897000,1947355000,202458000,2151733000,68356818.2,21268560.6,1.8,2200,809.1,11.5,9200,8400,82740000,9.85,"2023-02-10T10:26:00.000Z",1676024760000,9.85,9.85,9.85,92,8,0,1.3,0.4,,0.1,800,10000,220500,,98500000,90620000,7880000,
7000,186700,1822147000,2032485000,210338000,2244743000,68356818.2,21268560.6,1.6,2200,809.1,10.8,8600,7800,77250000,9.9,"2023-02-10T10:28:00.000Z",1676024880000,9.9,9.85,9.85,91.5,8.5,0,1.2,0.4,,0.1,800,9400,229900,,93010000,85130000,7880000,
7000,187800,1832886000,2063877000,230991000,2296788000,68356818.2,21268560.6,0.2,2200,809.1,1.5,3200,1100,10739000,9.81,"2023-02-10T10:30:00.000Z",1676025000000,9.85,9.81,9.85,60.4,39.6,0,0.5,1,,0.7,2100,5300,235200,,52045000,31392000,20653000,
7000,186800,1823076000,2063877000,240801000,2306598000,68356818.2,21268560.6,0.2,2200,809.1,0,,-1000,-9810000,9.81,"2023-02-10T10:32:00.000Z",1676025120000,9.81,9.81,9.81,0,100,0,,0.5,,Infinity,1000,1000,236200,,9810000,,9810000,
7000,183800,1793646000,2063877000,270231000,2336028000,68356818.2,21268560.6,0.6,2200,809.1,0,,-3000,-29430000,9.81,"2023-02-10T10:36:00.000Z",1676025360000,9.81,9.81,9.81,0,100,0,,1.4,,Infinity,3000,3000,239200,,29430000,,29430000,
7000,185300,1808361000,2078592000,270231000,2350743000,68356818.2,21268560.6,0.3,2200,809.1,Infinity,1500,1500,14715000,9.81,"2023-02-10T10:40:00.000Z",1676025600000,9.81,9.81,9.81,100,0,0,0.2,,,0,,1500,240700,,14715000,14715000,,
7000,185300,1808371000,2088412000,280041000,2370373000,68356818.2,21268560.6,0,2200,809.1,1,1000,0,10000,9.82,"2023-02-10T10:44:00.000Z",1676025840000,9.82,9.81,9.81,50,50,0,0.1,0.5,,1,1000,2000,242700,,19630000,9820000,9810000,
7000,186000,1815245000,2095286000,280041000,2377247000,68356818.2,21268560.6,0.1,2200,809.1,Infinity,700,700,6874000,9.82,"2023-02-10T10:48:00.000Z",1676026080000,9.82,9.82,9.82,100,0,0,0.1,,,0,,700,243400,,6874000,6874000,,
7000,183500,1790695000,2095286000,304591000,2401797000,68356818.2,21268560.6,0.5,2200,809.1,0,,-2500,-24550000,9.82,"2023-02-10T10:52:00.000Z",1676026320000,9.82,9.82,9.82,0,100,0,,1.1,,Infinity,2500,2500,245900,,24550000,,24550000,
7000,181800,1774003000,2097252000,323249000,2422421000,68356818.2,21268560.6,0.4,2200,809.1,0.1,200,-1700,-16692000,9.82,"2023-02-10T10:54:00.000Z",1676026440000,9.83,9.82,9.83,9.5,90.5,0,0,0.9,,9.5,1900,2100,248000,,20624000,1966000,18658000,
7000,181900,1774985000,2098234000,323249000,2423403000,68356818.2,21268560.6,0,2200,809.1,Infinity,100,100,982000,9.82,"2023-02-10T10:56:00.000Z",1676026560000,9.82,9.82,9.82,100,0,0,0,,,0,,100,248100,,982000,982000,,
7000,181300,1769105000,2098234000,329129000,2429283000,68356818.2,21268560.6,0.1,2200,809.1,0,,-600,-5880000,9.8,"2023-02-10T10:58:00.000Z",1676026680000,9.8,9.8,9.8,0,100,0,,0.3,,Infinity,600,600,248700,,5880000,,5880000,
7000,180400,1760285000,2098234000,337949000,2438103000,68356818.2,21268560.6,0.2,2200,809.1,0,,-900,-8820000,9.8,"2023-02-10T11:00:00.000Z",1676026800000,9.8,9.8,9.8,0,100,0,,0.4,,Infinity,900,900,249600,,8820000,,8820000,
7000,179400,1750505000,2098234000,347729000,2447883000,68356818.2,21268560.6,0.2,2200,809.1,0,,-1000,-9780000,9.78,"2023-02-10T11:02:00.000Z",1676026920000,9.78,9.78,9.78,0,100,0,,0.5,,Infinity,1000,1000,250600,,9780000,,9780000,
7000,223700,2185446000,2533175000,347729000,2882824000,68356818.2,21268560.6,9.2,2200,809.1,Infinity,44300,44300,434941000,9.82,"2023-02-10T11:06:00.000Z",1676027160000,9.82,9.79,9.79,100,0,0,6.3,,,0,,44300,294900,,434941000,434941000,,
7000,223600,2184467000,2533175000,348708000,2883803000,68356818.2,21268560.6,0,2200,809.1,0,,-100,-978999.9999999999,9.79,"2023-02-10T11:08:00.000Z",1676027280000,9.79,9.79,9.79,0,100,0,,0,,Infinity,100,100,295000,,978999.9999999999,,978999.9999999999,
7000,222600,2174677000,2533175000,358498000,2893593000,68356818.2,21268560.6,0.2,2200,809.1,0,,-1000,-9790000,9.79,"2023-02-10T11:16:00.000Z",1676027760000,9.79,9.79,9.79,0,100,0,,0.5,,Infinity,1000,1000,296000,,9790000,,9790000,
7000,221200,2160971000,2533175000,372204000,2907299000,68356818.2,21268560.6,0.3,2200,809.1,0,,-1400,-13706000,9.79,"2023-02-10T11:18:00.000Z",1676027880000,9.79,9.79,9.79,0,100,0,,0.6,,Infinity,1400,1400,297400,,13706000,,13706000,
7000,223000,2178489000,2578025000,399536000,2979481000,68356818.2,21268560.6,0.4,2200,809.1,1.6,4600,1800,17518000,9.71,"2023-02-10T13:00:00.000Z",1676034000000,9.78,9.71,9.78,62.2,37.8,0,0.7,1.3,,0.6,2800,7400,304800,,72182000,44850000,27332000,
7000,203500,1990545000,2578025000,587480000,3167425000,68356818.2,21268560.6,4,2200,809.1,0,,-19500,-187944000,9.62,"2023-02-10T13:04:00.000Z",1676034240000,9.7,9.62,9.7,0,100,0,,8.9,,Infinity,19500,19500,324300,,187944000,,187944000,
7000,126300,1249155000,2578025000,1328870000,3908815000,68356818.2,21268560.6,15.7,2200,809.1,0,,-77200,-741390000,9.6,"2023-02-10T13:06:00.000Z",1676034360000,9.63,9.6,9.63,0,100,0,,35.1,,Infinity,77200,77200,401500,,741390000,,741390000,
7000,221500,2176405000,3505275000,1328870000,4836065000,68356818.2,21268560.6,19.7,2200,809.1,Infinity,95200,95200,927250000,9.75,"2023-02-10T13:08:00.000Z",1676034480000,9.75,9.74,9.74,100,0,0,13.6,,,0,,95200,496700,,927250000,927250000,,
7000,273900,2688811000,4017681000,1328870000,5851144000,68356818.2,21268560.6,10.9,2200,809.1,Infinity,52400,52400,512406000,9.61,"2023-02-10T13:10:00.000Z",1676034600000,9.78,9.61,9.75,50,0,50,7.5,,64.6,0,,104700,601400,52300,1015079000,512406000,,502673000
7000,271900,2669291000,4017681000,1348390000,5870664000,68356818.2,21268560.6,0.4,2200,809.1,0,,-2000,-19520000,9.76,"2023-02-10T13:12:00.000Z",1676034720000,9.76,9.76,9.76,0,100,0,,0.9,,Infinity,2000,2000,603400,,19520000,,19520000,
7000,280300,2751443000,4099833000,1348390000,5952816000,68356818.2,21268560.6,1.7,2200,809.1,Infinity,8400,8400,82152000,9.78,"2023-02-10T13:14:00.000Z",1676034840000,9.78,9.78,9.78,100,0,0,1.2,,,0,,8400,611800,,82152000,82152000,,
7000,279500,2743699000,4099833000,1356134000,5960560000,68356818.2,21268560.6,0.2,2200,809.1,0,,-800,-7744000,9.68,"2023-02-10T13:24:00.000Z",1676035440000,9.68,9.68,9.68,0,100,0,,0.4,,Infinity,800,800,612600,,7744000,,7744000,
7000,279100,2739827000,4099833000,1360006000,5964432000,68356818.2,21268560.6,0.1,2200,809.1,0,,-400,-3872000,9.68,"2023-02-10T13:26:00.000Z",1676035560000,9.68,9.68,9.68,0,100,0,,0.2,,Infinity,400,400,613000,,3872000,,3872000,
7000,282700,2774715000,4134721000,1360006000,5999320000,68356818.2,21268560.6,0.7,2200,809.1,Infinity,3600,3600,34888000,9.7,"2023-02-10T13:28:00.000Z",1676035680000,9.7,9.68,9.68,100,0,0,0.5,,,0,,3600,616600,,34888000,34888000,,
7000,282800,2775697000,4145423000,1369726000,6019742000,68356818.2,21268560.6,0,2200,809.1,1.1,1100,100,982000,9.73,"2023-02-10T13:32:00.000Z",1676035920000,9.73,9.72,9.72,52.4,47.6,0,0.2,0.5,,0.9,1000,2100,618700,,20422000,10702000,9720000,
7000,286600,2812731000,4184403000,1371672000,6060668000,68356818.2,21268560.6,0.8,2200,809.1,20,4000,3800,37034000,9.76,"2023-02-10T13:34:00.000Z",1676036040000,9.76,9.73,9.73,95.2,4.8,0,0.6,0.1,,0.1,200,4200,622900,,40926000,38980000,1946000,
7000,287300,2819542000,4191214000,1371672000,6067479000,68356818.2,21268560.6,0.1,2200,809.1,Infinity,700,700,6811000,9.73,"2023-02-10T13:44:00.000Z",1676036640000,9.73,9.73,9.73,100,0,0,0.1,,,0,,700,623600,,6811000,6811000,,
7000,286800,2814677000,4191214000,1376537000,6072344000,68356818.2,21268560.6,0.1,2200,809.1,0,,-500,-4865000,9.73,"2023-02-10T13:50:00.000Z",1676037000000,9.73,9.73,9.73,0,100,0,,0.2,,Infinity,500,500,624100,,4865000,,4865000,
7000,288800,2834217000,4210754000,1376537000,6091884000,68356818.2,21268560.6,0.4,2200,809.1,Infinity,2000,2000,19540000,9.77,"2023-02-10T13:52:00.000Z",1676037120000,9.77,9.77,9.77,100,0,0,0.3,,,0,,2000,626100,,19540000,19540000,,
7000,290100,2846918000,4223455000,1376537000,6104585000,68356818.2,21268560.6,0.3,2200,809.1,Infinity,1300,1300,12701000,9.77,"2023-02-10T14:04:00.000Z",1676037840000,9.77,9.77,9.77,100,0,0,0.2,,,0,,1300,627400,,12701000,12701000,,
7000,296600,2910488000,4287025000,1376537000,6168155000,68356818.2,21268560.6,1.4,2200,809.1,Infinity,6500,6500,63570000,9.78,"2023-02-10T14:06:00.000Z",1676037960000,9.78,9.78,9.78,100,0,0,0.9,,,0,,6500,633900,,63570000,63570000,,
7000,295800,2902720000,4287025000,1384305000,6184716000,68356818.2,21268560.6,0.2,2200,809.1,0,,-800,-7768000.000000001,9.71,"2023-02-10T14:08:00.000Z",1676038080000,9.77,9.71,9.77,0,47.1,52.9,,0.4,1.1,Infinity,800,1700,635600,900,16561000,,7768000.000000001,8793000
7000,295900,2903698000,4288003000,1384305000,6185694000,68356818.2,21268560.6,0,2200,809.1,Infinity,100,100,977999.9999999999,9.78,"2023-02-10T14:10:00.000Z",1676038200000,9.78,9.78,9.78,100,0,0,0,,,0,,100,635700,,977999.9999999999,977999.9999999999,,
7000,294900,2893988000,4288003000,1394015000,6195404000,68356818.2,21268560.6,0.2,2200,809.1,0,,-1000,-9710000,9.71,"2023-02-10T14:16:00.000Z",1676038560000,9.71,9.71,9.71,0,100,0,,0.5,,Infinity,1000,1000,636700,,9710000,,9710000,
7000,294700,2892046000,4288003000,1395957000,6197346000,68356818.2,21268560.6,0,2200,809.1,0,,-200,-1942000.0000000002,9.71,"2023-02-10T14:18:00.000Z",1676038680000,9.71,9.71,9.71,0,100,0,,0.1,,Infinity,200,200,636900,,1942000.0000000002,,1942000.0000000002,
7000,293900,2884278000,4288003000,1403725000,6205114000,68356818.2,21268560.6,0.2,2200,809.1,0,,-800,-7768000,9.71,"2023-02-10T14:22:00.000Z",1676038920000,9.71,9.71,9.71,0,100,0,,0.4,,Infinity,800,800,637700,,7768000,,7768000,
7000,294100,2886220000,4289945000,1403725000,6207056000,68356818.2,21268560.6,0,2200,809.1,Infinity,200,200,1942000.0000000002,9.71,"2023-02-10T14:24:00.000Z",1676039040000,9.71,9.71,9.71,100,0,0,0,,,0,,200,637900,,1942000.0000000002,1942000.0000000002,,
7000,295100,2895990000,4299715000,1403725000,6216826000,68356818.2,21268560.6,0.2,2200,809.1,Infinity,1000,1000,9770000,9.77,"2023-02-10T14:26:00.000Z",1676039160000,9.77,9.77,9.77,100,0,0,0.1,,,0,,1000,638900,,9770000,9770000,,
7000,302400,2966993000,4370718000,1403725000,6287829000,68356818.2,21268560.6,1.5,2200,809.1,Infinity,7300,7300,71003000,9.71,"2023-02-10T14:28:00.000Z",1676039280000,9.77,9.71,9.77,100,0,0,1,,,0,,7300,646200,,71003000,71003000,,
7000,316800,3107825000,4511550000,1403725000,6428661000,68356818.2,21268560.6,3,2200,809.1,Infinity,14400,14400,140832000,9.78,"2023-02-10T14:44:00.000Z",1676040240000,9.78,9.78,9.78,100,0,0,2.1,,,0,,14400,660600,,140832000,140832000,,
