"abu","acum_busd","acum_busd_val","acum_val_bu","acum_val_sd","acum_val","avg_val_bu","avg_val_sd","rbusd","asd","auk","bs","bu","bu-sd","bu-sd_val","c","date","datetime","h","l","o","pbu","psd","puk","rbu","rsd","ruk","sb","sd","sum_vol","total_vol","uk","val","val_bu","val_sd","val_uk"
657.9,-1100,-12705000,0,12705000,12705000,7614298.2,7906228.1,43.5,684.2,0,0,,-1100,-12705000,11.55,"2023-02-06T09:14:00.000Z",1675674840000,11.55,11.55,11.55,0,100,0,,1.6,,Infinity,1100,1100,1100,,12705000,,12705000,
657.9,-3800,-43890000,0,43890000,43890000,7614298.2,7906228.1,106.8,684.2,0,0,,-2700,-31185000,11.55,"2023-02-06T09:20:00.000Z",1675675200000,11.55,11.55,11.55,0,100,0,,3.9,,Infinity,2700,2700,3800,,31185000,,31185000,
657.9,-3500,-40410000,3480000,43890000,47370000,7614298.2,7906228.1,11.9,684.2,0,Infinity,300,300,3480000,11.6,"2023-02-06T09:34:00.000Z",1675676040000,11.6,11.6,11.6,100,0,0,0.5,,,0,,300,4100,,3480000,3480000,,
657.9,-3300,-38060000,5830000,43890000,49720000,7614298.2,7906228.1,8,684.2,0,Infinity,200,200,2350000,11.75,"2023-02-06T09:40:00.000Z",1675676400000,11.75,11.75,11.75,100,0,0,0.3,,,0,,200,4300,,2350000,2350000,,
657.9,-3600,-41570000,5830000,47400000,53230000,7614298.2,7906228.1,12,684.2,0,0,,-300,-3510000,11.7,"2023-02-06T09:42:00.000Z",1675676520000,11.7,11.7,11.7,0,100,0,,0.4,,Infinity,300,300,4600,,3510000,,3510000,
657.9,-3800,-43900000,5830000,49730000,55560000,7614298.2,7906228.1,8,684.2,0,0,,-200,-2330000,11.65,"2023-02-06T09:44:00.000Z",1675676640000,11.65,11.65,11.65,0,100,0,,0.3,,Infinity,200,200,4800,,2330000,,2330000,
657.9,-1800,-20500000,29230000,49730000,78960000,7614298.2,7906228.1,80.2,684.2,0,Infinity,2000,2000,23400000,11.7,"2023-02-06T09:56:00.000Z",1675677360000,11.7,11.7,11.7,100,0,0,3,,,0,,2000,6800,,23400000,23400000,,
657.9,-1900,-21665000,29230000,50895000,80125000,7614298.2,7906228.1,4,684.2,0,0,,-100,-1165000,11.65,"2023-02-06T10:00:00.000Z",1675677600000,11.65,11.65,11.65,0,100,0,,0.1,,Infinity,100,100,6900,,1165000,,1165000,
657.9,-7400,-85740000,29230000,114970000,144200000,7614298.2,7906228.1,219.5,684.2,0,0,,-5500,-64075000,11.65,"2023-02-06T10:02:00.000Z",1675677720000,11.65,11.65,11.65,0,100,0,,8,,Infinity,5500,5500,12400,,64075000,,64075000,
657.9,-3800,-43800000,71170000,114970000,186140000,7614298.2,7906228.1,143.7,684.2,0,Infinity,3600,3600,41940000,11.65,"2023-02-06T10:06:00.000Z",1675677960000,11.65,11.65,11.65,100,0,0,5.5,,,0,,3600,16000,,41940000,41940000,,
657.9,-4200,-48460000,71170000,119630000,190800000,7614298.2,7906228.1,16,684.2,0,0,,-400,-4660000,11.65,"2023-02-06T10:08:00.000Z",1675678080000,11.65,11.65,11.65,0,100,0,,0.6,,Infinity,400,400,16400,,4660000,,4660000,
657.9,-4800,-55420000,71170000,126590000,197760000,7614298.2,7906228.1,23.8,684.2,0,0,,-600,-6960000,11.6,"2023-02-06T10:16:00.000Z",1675678560000,11.6,11.6,11.6,0,100,0,,0.9,,Infinity,600,600,17000,,6960000,,6960000,
657.9,-6300,-72820000,71170000,143990000,215160000,7614298.2,7906228.1,59.6,684.2,0,0,,-1500,-17400000,11.6,"2023-02-06T10:24:00.000Z",1675679040000,11.6,11.6,11.6,0,100,0,,2.2,,Infinity,1500,1500,18500,,17400000,,17400000,
657.9,-6100,-70500000,73490000,143990000,217480000,7614298.2,7906228.1,7.9,684.2,0,Infinity,200,200,2320000,11.6,"2023-02-06T10:38:00.000Z",1675679880000,11.6,11.6,11.6,100,0,0,0.3,,,0,,200,18700,,2320000,2320000,,
657.9,-6000,-69340000,74650000,143990000,218640000,7614298.2,7906228.1,4,684.2,0,Infinity,100,100,1160000,11.6,"2023-02-06T10:40:00.000Z",1675680000000,11.6,11.6,11.6,100,0,0,0.2,,,0,,100,18800,,1160000,1160000,,
657.9,-4400,-50780000,93210000,143990000,237200000,7614298.2,7906228.1,63.6,684.2,0,Infinity,1600,1600,18560000,11.6,"2023-02-06T10:46:00.000Z",1675680360000,11.6,11.6,11.6,100,0,0,2.4,,,0,,1600,20400,,18560000,18560000,,
657.9,-3000,-34515000,115250000,149765000,265015000,7614298.2,7906228.1,55.7,684.2,0,3.8,1900,1400,16265000,11.6,"2023-02-06T10:48:00.000Z",1675680480000,11.6,11.55,11.55,79.2,20.8,0,2.9,0.7,,0.3,500,2400,22800,,27815000,22040000,5775000,
657.9,-3000,-34515000,116410000,150925000,267335000,7614298.2,7906228.1,0,684.2,0,1,100,0,0,11.6,"2023-02-06T10:50:00.000Z",1675680600000,11.6,11.6,11.6,50,50,0,0.2,0.1,,1,100,200,23000,,2320000,1160000,1160000,
657.9,-4000,-46115000,116410000,162525000,278935000,7614298.2,7906228.1,39.7,684.2,0,0,,-1000,-11600000,11.6,"2023-02-06T11:00:00.000Z",1675681200000,11.6,11.6,11.6,0,100,0,,1.5,,Infinity,1000,1000,24000,,11600000,,11600000,
657.9,-3900,-44955000,117570000,162525000,280095000,7614298.2,7906228.1,4,684.2,0,Infinity,100,100,1160000,11.6,"2023-02-06T11:02:00.000Z",1675681320000,11.6,11.6,11.6,100,0,0,0.2,,,0,,100,24100,,1160000,1160000,,
657.9,-2900,-33355000,129170000,162525000,291695000,7614298.2,7906228.1,39.7,684.2,0,Infinity,1000,1000,11600000,11.6,"2023-02-06T11:04:00.000Z",1675681440000,11.6,11.6,11.6,100,0,0,1.5,,,0,,1000,25100,,11600000,11600000,,
657.9,-1300,-14795000,147730000,162525000,310255000,7614298.2,7906228.1,63.6,684.2,0,Infinity,1600,1600,18560000,11.6,"2023-02-06T11:10:00.000Z",1675681800000,11.6,11.6,11.6,100,0,0,2.4,,,0,,1600,26700,,18560000,18560000,,
657.9,-1200,-13635000,148890000,162525000,311415000,7614298.2,7906228.1,4,684.2,0,Infinity,100,100,1160000,11.6,"2023-02-06T11:12:00.000Z",1675681920000,11.6,11.6,11.6,100,0,0,0.2,,,0,,100,26800,,1160000,1160000,,
657.9,-200,-2035000,160490000,162525000,323015000,7614298.2,7906228.1,39.7,684.2,0,Infinity,1000,1000,11600000,11.6,"2023-02-06T11:14:00.000Z",1675682040000,11.6,11.6,11.6,100,0,0,1.5,,,0,,1000,27800,,11600000,11600000,,
657.9,900,10725000,173250000,162525000,335775000,7614298.2,7906228.1,43.7,684.2,0,Infinity,1100,1100,12760000,11.6,"2023-02-06T11:22:00.000Z",1675682520000,11.6,11.6,11.6,100,0,0,1.7,,,0,,1100,28900,,12760000,12760000,,
657.9,700,8405000,173250000,164845000,338095000,7614298.2,7906228.1,7.9,684.2,0,0,,-200,-2320000,11.6,"2023-02-06T11:24:00.000Z",1675682640000,11.6,11.6,11.6,0,100,0,,0.3,,Infinity,200,200,29100,,2320000,,2320000,
657.9,1900,22330000,188330000,166000000,354330000,7614298.2,7906228.1,47.7,684.2,0,13,1300,1200,13925000,11.6,"2023-02-06T13:00:00.000Z",1675688400000,11.6,11.55,11.55,92.9,7.1,0,2,0.1,,0.1,100,1400,30500,,16235000,15080000,1155000,
657.9,1400,16530000,190650000,174120000,364770000,7614298.2,7906228.1,19.9,684.2,0,0.3,200,-500,-5800000,11.6,"2023-02-06T13:02:00.000Z",1675688520000,11.6,11.6,11.6,22.2,77.8,0,0.3,1,,3.5,700,900,31400,,10440000,2320000,8120000,
657.9,3600,42050000,216170000,174120000,390290000,7614298.2,7906228.1,87.4,684.2,0,Infinity,2200,2200,25520000,11.6,"2023-02-06T13:06:00.000Z",1675688760000,11.6,11.6,11.6,100,0,0,3.3,,,0,,2200,33600,,25520000,25520000,,
657.9,6700,78010000,252130000,174120000,426250000,7614298.2,7906228.1,123.2,684.2,0,Infinity,3100,3100,35960000,11.6,"2023-02-06T13:10:00.000Z",1675689000000,11.6,11.6,11.6,100,0,0,4.7,,,0,,3100,36700,,35960000,35960000,,
657.9,6000,69890000,252130000,182240000,434370000,7614298.2,7906228.1,27.8,684.2,0,0,,-700,-8120000,11.6,"2023-02-06T13:12:00.000Z",1675689120000,11.6,11.6,11.6,0,100,0,,1,,Infinity,700,700,37400,,8120000,,8120000,
657.9,3800,44370000,252130000,207760000,459890000,7614298.2,7906228.1,87.4,684.2,0,0,,-2200,-25520000,11.6,"2023-02-06T13:14:00.000Z",1675689240000,11.6,11.6,11.6,0,100,0,,3.2,,Infinity,2200,2200,39600,,25520000,,25520000,
657.9,2900,33930000,252130000,218200000,470330000,7614298.2,7906228.1,35.8,684.2,0,0,,-900,-10440000,11.6,"2023-02-06T13:16:00.000Z",1675689360000,11.6,11.6,11.6,0,100,0,,1.3,,Infinity,900,900,40500,,10440000,,10440000,
657.9,2700,31620000,252130000,220510000,472640000,7614298.2,7906228.1,7.9,684.2,0,0,,-200,-2310000,11.55,"2023-02-06T13:20:00.000Z",1675689600000,11.55,11.55,11.55,0,100,0,,0.3,,Infinity,200,200,40700,,2310000,,2310000,
657.9,-500,-5250000,274170000,279420000,553590000,7614298.2,7906228.1,126.3,684.2,0,0.4,1900,-3200,-36870000,11.6,"2023-02-06T13:24:00.000Z",1675689840000,11.6,11.55,11.55,27.1,72.9,0,2.9,7.5,,2.7,5100,7000,47700,,80950000,22040000,58910000,
657.9,-8600,-98495000,274170000,372665000,646835000,7614298.2,7906228.1,319.4,684.2,0,0,,-8100,-93245000,11.5,"2023-02-06T13:40:00.000Z",1675690800000,11.55,11.5,11.5,0,100,0,,11.8,,Infinity,8100,8100,55800,,93245000,,93245000,
657.9,-3600,-40995000,331670000,372665000,704335000,7614298.2,7906228.1,197,684.2,0,Infinity,5000,5000,57500000,11.5,"2023-02-06T13:42:00.000Z",1675690920000,11.5,11.5,11.5,100,0,0,7.6,,,0,,5000,60800,,57500000,57500000,,
657.9,-3600,-40995000,333970000,374965000,708935000,7614298.2,7906228.1,0,684.2,0,1,200,0,0,11.5,"2023-02-06T13:44:00.000Z",1675691040000,11.5,11.5,11.5,50,50,0,0.3,0.3,,1,200,400,61200,,4600000,2300000,2300000,
657.9,-3500,-39845000,335120000,374965000,710085000,7614298.2,7906228.1,3.9,684.2,0,Infinity,100,100,1150000,11.5,"2023-02-06T13:46:00.000Z",1675691160000,11.5,11.5,11.5,100,0,0,0.2,,,0,,100,61300,,1150000,1150000,,
657.9,-4500,-51295000,335120000,386415000,721535000,7614298.2,7906228.1,39.2,684.2,0,0,,-1000,-11450000,11.45,"2023-02-06T13:48:00.000Z",1675691280000,11.45,11.45,11.45,0,100,0,,1.5,,Infinity,1000,1000,62300,,11450000,,11450000,
657.9,-4200,-47845000,338570000,386415000,724985000,7614298.2,7906228.1,11.8,684.2,0,Infinity,300,300,3450000,11.5,"2023-02-06T13:50:00.000Z",1675691400000,11.5,11.5,11.5,100,0,0,0.5,,,0,,300,62600,,3450000,3450000,,
657.9,-3400,-38645000,347770000,386415000,734185000,7614298.2,7906228.1,31.5,684.2,0,Infinity,800,800,9200000,11.5,"2023-02-06T13:52:00.000Z",1675691520000,11.5,11.5,11.5,100,0,0,1.2,,,0,,800,63400,,9200000,9200000,,
657.9,-3300,-37495000,348920000,386415000,735335000,7614298.2,7906228.1,3.9,684.2,0,Infinity,100,100,1150000,11.5,"2023-02-06T13:58:00.000Z",1675691880000,11.5,11.5,11.5,100,0,0,0.2,,,0,,100,63500,,1150000,1150000,,
657.9,-2600,-29445000,358120000,387565000,745685000,7614298.2,7906228.1,27.6,684.2,0,8,800,700,8050000,11.5,"2023-02-06T14:00:00.000Z",1675692000000,11.5,11.5,11.5,88.9,11.1,0,1.2,0.1,,0.1,100,900,64400,,10350000,9200000,1150000,
657.9,-1600,-17945000,369620000,387565000,757185000,7614298.2,7906228.1,39.4,684.2,0,Infinity,1000,1000,11500000,11.5,"2023-02-06T14:02:00.000Z",1675692120000,11.5,11.5,11.5,100,0,0,1.5,,,0,,1000,65400,,11500000,11500000,,
657.9,-1100,-12195000,375370000,387565000,762935000,7614298.2,7906228.1,19.7,684.2,0,Infinity,500,500,5750000,11.5,"2023-02-06T14:06:00.000Z",1675692360000,11.5,11.5,11.5,100,0,0,0.8,,,0,,500,65900,,5750000,5750000,,
657.9,-1000,-11045000,376520000,387565000,764085000,7614298.2,7906228.1,3.9,684.2,0,Infinity,100,100,1150000,11.5,"2023-02-06T14:08:00.000Z",1675692480000,11.5,11.5,11.5,100,0,0,0.2,,,0,,100,66000,,1150000,1150000,,
657.9,-100,-695000,386870000,387565000,774435000,7614298.2,7906228.1,35.5,684.2,0,Infinity,900,900,10350000,11.5,"2023-02-06T14:12:00.000Z",1675692720000,11.5,11.5,11.5,100,0,0,1.4,,,0,,900,66900,,10350000,10350000,,
657.9,-1600,-17870000,386870000,404740000,791610000,7614298.2,7906228.1,58.8,684.2,0,0,,-1500,-17175000,11.45,"2023-02-06T14:14:00.000Z",1675692840000,11.45,11.45,11.45,0,100,0,,2.2,,Infinity,1500,1500,68400,,17175000,,17175000,
657.9,-1500,-16720000,388020000,404740000,792760000,7614298.2,7906228.1,3.9,684.2,0,Infinity,100,100,1150000,11.5,"2023-02-06T14:16:00.000Z",1675692960000,11.5,11.5,11.5,100,0,0,0.2,,,0,,100,68500,,1150000,1150000,,
657.9,-800,-8670000,396070000,404740000,800810000,7614298.2,7906228.1,27.6,684.2,0,Infinity,700,700,8050000,11.5,"2023-02-06T14:18:00.000Z",1675693080000,11.5,11.5,11.5,100,0,0,1.1,,,0,,700,69200,,8050000,8050000,,
657.9,-1400,-15520000,400670000,416190000,816860000,7614298.2,7906228.1,23.5,684.2,0,0.4,400,-600,-6850000,11.5,"2023-02-06T14:20:00.000Z",1675693200000,11.5,11.45,11.5,28.6,71.4,0,0.6,1.5,,2.5,1000,1400,70600,,16050000,4600000,11450000,
657.9,-400,-4020000,412170000,416190000,828360000,7614298.2,7906228.1,39.4,684.2,0,Infinity,1000,1000,11500000,11.5,"2023-02-06T14:22:00.000Z",1675693320000,11.5,11.5,11.5,100,0,0,1.5,,,0,,1000,71600,,11500000,11500000,,
657.9,-900,-9770000,416770000,426540000,843310000,7614298.2,7906228.1,19.7,684.2,0,0.4,400,-500,-5750000,11.5,"2023-02-06T14:24:00.000Z",1675693440000,11.5,11.5,11.5,30.8,69.2,0,0.6,1.3,,2.3,900,1300,72900,,14950000,4600000,10350000,
657.9,-1200,-13220000,429420000,442640000,872060000,7614298.2,7906228.1,11.8,684.2,0,0.8,1100,-300,-3450000,11.5,"2023-02-06T14:26:00.000Z",1675693560000,11.5,11.5,11.5,44,56,0,1.7,2,,1.3,1400,2500,75400,,28750000,12650000,16100000,
657.9,-1800,-20090000,430565000,450655000,881220000,7614298.2,7906228.1,23.5,684.2,0,0.1,100,-600,-6870000,11.45,"2023-02-06T14:28:00.000Z",1675693680000,11.45,11.45,11.45,12.5,87.5,0,0.2,1,,7,700,800,76200,,9160000,1145000,8015000,
657.9,-1500,-16640000,434015000,450655000,884670000,7614298.2,7906228.1,11.8,684.2,0,Infinity,300,300,3450000,11.5,"2023-02-06T14:44:00.000Z",1675694640000,11.5,11.5,11.5,100,0,0,0.5,,,0,,300,76500,,3450000,3450000,,
