"abu","acum_busd","acum_busd_val","acum_val_bu","acum_val_sd","acum_val","avg_val_bu","avg_val_sd","rbusd","asd","auk","bs","bu","bu-sd","bu-sd_val","c","date","datetime","h","l","o","pbu","psd","puk","rbu","rsd","ruk","sb","sd","sum_vol","total_vol","uk","val","val_bu","val_sd","val_uk"
28.6,-800,-1600,0,1600,1600,60000,6714.3,0,3357.1,0,0,,-800,-1600,2,"2023-02-06T09:26:00.000Z",1675675560000,2,2,2,0,100,0,,0.2,,Infinity,800,800,800,,1600,,1600,
28.6,-1000,-2000,0,2000,2000,60000,6714.3,0,3357.1,0,0,,-200,-400,2,"2023-02-06T09:28:00.000Z",1675675680000,2,2,2,0,100,0,,0.1,,Infinity,200,200,1000,,400,,400,
28.6,-900,208000,210000,2000,212000,60000,6714.3,3.9,3357.1,0,Infinity,100,100,210000,2.1,"2023-02-06T09:34:00.000Z",1675676040000,2.1,2.1,2.1,100,0,0,3.5,,,0,,100,1100,,210000,210000,,
28.6,-800,418000,420000,2000,422000,60000,6714.3,3.9,3357.1,0,Infinity,100,100,210000,2.1,"2023-02-06T09:52:00.000Z",1675677120000,2.1,2.1,2.1,100,0,0,3.5,,,0,,100,1200,,210000,210000,,
28.6,-1300,417000,420000,3000,423000,60000,6714.3,0,3357.1,0,0,,-500,-1000,2,"2023-02-06T09:56:00.000Z",1675677360000,2,2,2,0,100,0,,0.1,,Infinity,500,500,1700,,1000,,1000,
28.6,-7300,405000,420000,15000,435000,60000,6714.3,0.2,3357.1,0,0,,-6000,-12000,2,"2023-02-06T10:20:00.000Z",1675678800000,2,2,2,0,100,0,,1.8,,Infinity,6000,6000,7700,,12000,,12000,
28.6,-7200,615000,630000,15000,645000,60000,6714.3,3.9,3357.1,0,Infinity,100,100,210000,2.1,"2023-02-06T11:04:00.000Z",1675681440000,2.1,2.1,2.1,100,0,0,3.5,,,0,,100,7800,,210000,210000,,
28.6,-22000,585400,630000,44600,674600,60000,6714.3,0.6,3357.1,0,0,,-14800,-29600,2,"2023-02-06T13:00:00.000Z",1675688400000,2,2,2,0,100,0,,4.4,,Infinity,14800,14800,22600,,29600,,29600,
28.6,-21900,795400,840000,44600,884600,60000,6714.3,3.9,3357.1,0,Infinity,100,100,210000,2.1,"2023-02-06T13:04:00.000Z",1675688640000,2.1,2.1,2.1,100,0,0,3.5,,,0,,100,22700,,210000,210000,,
28.6,-22000,795200,840000,44800,884800,60000,6714.3,0,3357.1,0,0,,-100,-200,2,"2023-02-06T13:18:00.000Z",1675689480000,2,2,2,0,100,0,,0,,Infinity,100,100,22800,,200,,200,
28.6,-40000,759200,840000,80800,920800,60000,6714.3,0.7,3357.1,0,0,,-18000,-36000,2,"2023-02-06T13:42:00.000Z",1675690920000,2,2,2,0,100,0,,5.4,,Infinity,18000,18000,40800,,36000,,36000,
28.6,-44000,751200,840000,88800,928800,60000,6714.3,0.2,3357.1,0,0,,-4000,-8000,2,"2023-02-06T14:04:00.000Z",1675692240000,2,2,2,0,100,0,,1.2,,Infinity,4000,4000,44800,,8000,,8000,
28.6,-45000,749200,840000,90800,930800,60000,6714.3,0,3357.1,0,0,,-1000,-2000,2,"2023-02-06T14:06:00.000Z",1675692360000,2,2,2,0,100,0,,0.3,,Infinity,1000,1000,45800,,2000,,2000,
28.6,-46600,746000,840000,94000,934000,60000,6714.3,0.1,3357.1,0,0,,-1600,-3200,2,"2023-02-06T14:44:00.000Z",1675694640000,2,2,2,0,100,0,,0.5,,Infinity,1600,1600,47400,,3200,,3200,
