"abu","acum_busd","acum_busd_val","acum_val_bu","acum_val_sd","acum_val","avg_val_bu","avg_val_sd","rbusd","asd","auk","bs","bu","bu-sd","bu-sd_val","c","date","datetime","h","l","o","pbu","psd","puk","rbu","rsd","ruk","sb","sd","sum_vol","total_vol","uk","val","val_bu","val_sd","val_uk"
644.2,300,17400,17400,0,17400,26452753.5,33698276.7,0,741.9,0,Infinity,300,300,17400,58,"2023-01-27T09:14:00.000Z",1674810840000,58,58,58,100,0,0,0.5,,,0,,300,300,,17400,17400,,
644.2,500,5963400,5963400,0,5963400,26452753.5,33698276.7,0.8,741.9,0,Infinity,200,200,5946000,60,"2023-01-27T09:22:00.000Z",1674811320000,60,59.4,59.4,100,0,0,0.3,,,0,,200,500,,5946000,5946000,,
644.2,500,5963400,11843400,5880000,17723400,26452753.5,33698276.7,0,741.9,0,1,100,0,0,58.8,"2023-01-27T09:30:00.000Z",1674811800000,58.8,58.8,58.8,50,50,0,0.2,0.1,,1,100,200,700,,11760000,5880000,5880000,
644.2,-4800,-144433200,11843400,156276600,168120000,26452753.5,33698276.7,20.8,741.9,0,0,,-5300,-150396600,56.7,"2023-01-27T09:34:00.000Z",1674812040000,58.8,56.7,58.8,0,100,0,,7.1,,Infinity,5300,5300,6000,,150396600,,150396600,
644.2,-1300,53316800,209593400,156276600,365870000,26452753.5,33698276.7,27.3,741.9,0,Infinity,3500,3500,197750000,56.5,"2023-01-27T09:36:00.000Z",1674812160000,56.5,56.5,56.5,100,0,0,5.4,,,0,,3500,9500,,197750000,197750000,,
644.2,-3300,53202800,209593400,156390600,365984000,26452753.5,33698276.7,0,741.9,0,0,,-2000,-114000,57,"2023-01-27T09:48:00.000Z",1674812880000,57,57,57,0,100,0,,2.7,,Infinity,2000,2000,11500,,114000,,114000,
644.2,-3200,53208600,209599200,156390600,365989800,26452753.5,33698276.7,0,741.9,0,Infinity,100,100,5800,58,"2023-01-27T09:58:00.000Z",1674813480000,58,58,58,100,0,0,0.2,,,0,,100,11600,,5800,5800,,
644.2,-4600,12918700,209599200,196680500,406279700,26452753.5,33698276.7,5.6,741.9,0,0,,-1400,-40289900,57,"2023-01-27T10:04:00.000Z",1674813840000,57.5,57,57.5,0,100,0,,1.9,,Infinity,1400,1400,13000,,40289900,,40289900,
644.2,-3300,7289900,209680400,202390500,412070900,26452753.5,33698276.7,0.8,741.9,0,14,1400,1300,-5628800,57.1,"2023-01-27T10:20:00.000Z",1674814800000,58,57.1,58,93.3,6.7,0,2.2,0.1,,0.1,100,1500,14500,,5791200,81200,5710000,
644.2,-2300,7347900,209738400,202390500,412128900,26452753.5,33698276.7,0,741.9,0,Infinity,1000,1000,58000,58,"2023-01-27T10:24:00.000Z",1674815040000,58,58,58,100,0,0,1.6,,,0,,1000,15500,,58000,58000,,
644.2,-3700,-73222100,209738400,282960500,492698900,26452753.5,33698276.7,11.1,741.9,0,0,,-1400,-80570000,57.5,"2023-01-27T10:34:00.000Z",1674815640000,57.8,57.5,57.8,0,100,0,,1.9,,Infinity,1400,1400,16900,,80570000,,80570000,
644.2,-5700,-187922100,209738400,397660500,607398900,26452753.5,33698276.7,15.8,741.9,0,0,,-2000,-114700000,57.3,"2023-01-27T10:36:00.000Z",1674815760000,57.4,57.3,57.4,0,100,0,,2.7,,Infinity,2000,2000,18900,,114700000,,114700000,
644.2,-5000,-147672100,249988400,397660500,647648900,26452753.5,33698276.7,5.6,741.9,0,Infinity,700,700,40250000,57.5,"2023-01-27T10:44:00.000Z",1674816240000,57.5,57.5,57.5,100,0,0,1.1,,,0,,700,19600,,40250000,40250000,,
644.2,-4100,-95922100,301738400,397660500,699398900,26452753.5,33698276.7,7.1,741.9,0,Infinity,900,900,51750000,57.5,"2023-01-27T10:52:00.000Z",1674816720000,57.5,57.5,57.5,100,0,0,1.4,,,0,,900,20500,,51750000,51750000,,
644.2,-1900,30577900,428238400,397660500,825898900,26452753.5,33698276.7,17.5,741.9,0,Infinity,2200,2200,126500000,57.5,"2023-01-27T10:56:00.000Z",1674816960000,57.5,57.5,57.5,100,0,0,3.4,,,0,,2200,22700,,126500000,126500000,,
644.2,-3800,-78502100,428238400,506740500,934978900,26452753.5,33698276.7,15.1,741.9,0,0,,-1900,-109080000,57.4,"2023-01-27T11:02:00.000Z",1674817320000,57.5,57.4,57.5,0,100,0,,2.6,,Infinity,1900,1900,24600,,109080000,,109080000,
644.2,-3000,-32582100,474158400,506740500,980898900,26452753.5,33698276.7,6.3,741.9,0,Infinity,800,800,45920000,57.4,"2023-01-27T11:04:00.000Z",1674817440000,57.4,57.4,57.4,100,0,0,1.2,,,0,,800,25400,,45920000,45920000,,
644.2,-2700,-15362100,491378400,506740500,998118900,26452753.5,33698276.7,2.4,741.9,0,Infinity,300,300,17220000,57.4,"2023-01-27T11:06:00.000Z",1674817560000,57.4,57.4,57.4,100,0,0,0.5,,,0,,300,25700,,17220000,17220000,,
644.2,-2200,13337900,520078400,506740500,1026818900,26452753.5,33698276.7,4,741.9,0,Infinity,500,500,28700000,57.4,"2023-01-27T11:08:00.000Z",1674817680000,57.4,57.4,57.4,100,0,0,0.8,,,0,,500,26200,,28700000,28700000,,
644.2,-5900,-198912100,520078400,718990500,1239068900,26452753.5,33698276.7,29.3,741.9,0,0,,-3700,-212250000,57.3,"2023-01-27T11:12:00.000Z",1674817920000,57.4,57.3,57.4,0,100,0,,5,,Infinity,3700,3700,29900,,212250000,,212250000,
644.2,-8300,-336542100,520078400,856620500,1376698900,26452753.5,33698276.7,19,741.9,0,0,,-2400,-137630000,57.3,"2023-01-27T13:00:00.000Z",1674824400000,57.4,57.3,57.4,0,100,0,,3.2,,Infinity,2400,2400,32300,,137630000,,137630000,
644.2,-7000,-261792100,594828400,856620500,1451448900,26452753.5,33698276.7,10.3,741.9,0,Infinity,1300,1300,74750000,57.5,"2023-01-27T13:14:00.000Z",1674825240000,57.5,57.5,57.5,100,0,0,2,,,0,,1300,33600,,74750000,74750000,,
644.2,-6900,-256032100,600588400,856620500,1457208900,26452753.5,33698276.7,0.8,741.9,0,Infinity,100,100,5760000,57.6,"2023-01-27T13:16:00.000Z",1674825360000,57.6,57.6,57.6,100,0,0,0.2,,,0,,100,33700,,5760000,5760000,,
644.2,-6800,-250272100,606348400,856620500,1462968900,26452753.5,33698276.7,0.8,741.9,0,Infinity,100,100,5760000,57.6,"2023-01-27T13:18:00.000Z",1674825480000,57.6,57.6,57.6,100,0,0,0.2,,,0,,100,33800,,5760000,5760000,,
644.2,-7600,-296272100,606348400,902620500,1508968900,26452753.5,33698276.7,6.3,741.9,0,0,,-800,-46000000,57.5,"2023-01-27T13:20:00.000Z",1674825600000,57.5,57.5,57.5,0,100,0,,1.1,,Infinity,800,800,34600,,46000000,,46000000,
644.2,-7100,-267522100,635098400,902620500,1537718900,26452753.5,33698276.7,4,741.9,0,Infinity,500,500,28750000,57.5,"2023-01-27T13:30:00.000Z",1674826200000,57.5,57.5,57.5,100,0,0,0.8,,,0,,500,35100,,28750000,28750000,,
644.2,-6800,-250272100,652348400,902620500,1554968900,26452753.5,33698276.7,2.4,741.9,0,Infinity,300,300,17250000,57.5,"2023-01-27T13:32:00.000Z",1674826320000,57.5,57.5,57.5,100,0,0,0.5,,,0,,300,35400,,17250000,17250000,,
644.2,-7000,-261672100,709948400,971620500,1681568900,26452753.5,33698276.7,1.6,741.9,0,0.8,1000,-200,-11400000,57.5,"2023-01-27T13:36:00.000Z",1674826560000,57.6,57.5,57.6,45.5,54.5,0,1.6,1.6,,1.2,1200,2200,37600,,126600000,57600000,69000000,
644.2,-5700,-186792100,784828400,971620500,1756448900,26452753.5,33698276.7,10.3,741.9,0,Infinity,1300,1300,74880000,57.6,"2023-01-27T13:38:00.000Z",1674826680000,57.6,57.6,57.6,100,0,0,2,,,0,,1300,38900,,74880000,74880000,,
644.2,-5200,-157942100,813678400,971620500,1785298900,26452753.5,33698276.7,4,741.9,0,Infinity,500,500,28850000,57.7,"2023-01-27T13:42:00.000Z",1674826920000,57.7,57.7,57.7,100,0,0,0.8,,,0,,500,39400,,28850000,28850000,,
644.2,-6200,-215542100,813678400,1029220500,1842898900,26452753.5,33698276.7,7.9,741.9,0,0,,-1000,-57600000,57.6,"2023-01-27T13:48:00.000Z",1674827280000,57.6,57.6,57.6,0,100,0,,1.3,,Infinity,1000,1000,40400,,57600000,,57600000,
644.2,-5200,-215484100,813736400,1029220500,1842956900,26452753.5,33698276.7,0,741.9,0,Infinity,1000,1000,58000,58,"2023-01-27T13:52:00.000Z",1674827520000,58,58,58,100,0,0,1.6,,,0,,1000,41400,,58000,58000,,
644.2,-6700,-313322500,813748000,1127070500,1940818500,26452753.5,33698276.7,13.5,741.9,0,0.1,200,-1500,-97838400,57.5,"2023-01-27T13:54:00.000Z",1674827640000,58,57.5,57.6,10.5,89.5,0,0.3,2.3,,8.5,1700,1900,43300,,97861600,11600,97850000,
644.2,-7600,-365072500,819498000,1184570500,2004068500,26452753.5,33698276.7,7.1,741.9,0,0.1,100,-900,-51750000,57.5,"2023-01-27T13:56:00.000Z",1674827760000,57.5,57.5,57.5,9.1,90.9,0,0.2,1.3,,10,1000,1100,44400,,63250000,5750000,57500000,
644.2,-8300,-405302500,819498000,1224800500,2044298500,26452753.5,33698276.7,5.6,741.9,0,0,,-700,-40230000,57.4,"2023-01-27T14:04:00.000Z",1674828240000,57.5,57.4,57.5,0,100,0,,0.9,,Infinity,700,700,45100,,40230000,,40230000,
644.2,-9100,-451222500,819498000,1270720500,2090218500,26452753.5,33698276.7,6.3,741.9,0,0,,-800,-45920000,57.4,"2023-01-27T14:08:00.000Z",1674828480000,57.4,57.4,57.4,0,100,0,,1.1,,Infinity,800,800,45900,,45920000,,45920000,
644.2,-7100,-335622500,935098000,1270720500,2205818500,26452753.5,33698276.7,16,741.9,0,Infinity,2000,2000,115600000,57.8,"2023-01-27T14:10:00.000Z",1674828600000,57.8,57.8,57.8,100,0,0,3.1,,,0,,2000,47900,,115600000,115600000,,
644.2,-4600,-191122500,1079598000,1270720500,2350318500,26452753.5,33698276.7,19.9,741.9,0,Infinity,2500,2500,144500000,57.8,"2023-01-27T14:12:00.000Z",1674828720000,57.8,57.8,57.8,100,0,0,3.9,,,0,,2500,50400,,144500000,144500000,,
644.2,-800,-190902100,1079818400,1270720500,2350538900,26452753.5,33698276.7,0,741.9,0,Infinity,3800,3800,220400,58,"2023-01-27T14:16:00.000Z",1674828960000,58,58,58,100,0,0,5.9,,,0,,3800,54200,,220400,220400,,
644.2,-5100,-363477500,1079818400,1443295900,2523114300,26452753.5,33698276.7,23.8,741.9,0,0,,-4300,-172575400,57.5,"2023-01-27T14:18:00.000Z",1674829080000,58,57.5,58,0,100,0,,5.8,,Infinity,4300,4300,58500,,172575400,,172575400,
644.2,-4600,-334577500,1108718400,1443295900,2552014300,26452753.5,33698276.7,4,741.9,0,Infinity,500,500,28900000,57.8,"2023-01-27T14:22:00.000Z",1674829320000,57.8,57.8,57.8,100,0,0,0.8,,,0,,500,59000,,28900000,28900000,,
644.2,-4100,-305827500,1137468400,1443295900,2580764300,26452753.5,33698276.7,4,741.9,0,Infinity,500,500,28750000,57.5,"2023-01-27T14:26:00.000Z",1674829560000,57.5,57.5,57.5,100,0,0,0.8,,,0,,500,59500,,28750000,28750000,,
644.2,-4200,-311557500,1137468400,1449025900,2586494300,26452753.5,33698276.7,0.8,741.9,0,0,,-100,-5730000,57.3,"2023-01-27T14:44:00.000Z",1674830640000,57.3,57.3,57.3,0,100,0,,0.1,,Infinity,100,100,59600,,5730000,,5730000,
