"abu","acum_busd","acum_busd_val","acum_val_bu","acum_val_sd","acum_val","avg_val_bu","avg_val_sd","rbusd","asd","auk","bs","bu","bu-sd","bu-sd_val","c","date","datetime","h","l","o","pbu","psd","puk","rbu","rsd","ruk","sb","sd","sum_vol","total_vol","uk","val","val_bu","val_sd","val_uk"
4491.1,1600,95560000,95560000,0,107520000,189059031.1,102195933.3,1.1,1802.2,873.3,Infinity,1600,1600,95560000,59.6,"2023-01-27T09:15:00.000Z",1674810900000,59.8,59.6,59.8,88.9,0,11.1,0.4,,0.2,0,,1800,1800,200,107520000,95560000,,11960000
4491.1,1800,107460000,107460000,0,119420000,189059031.1,102195933.3,0.1,1802.2,873.3,Infinity,200,200,11900000,59.5,"2023-01-27T09:20:00.000Z",1674811200000,59.5,59.5,59.5,100,0,0,0,,,0,,200,2000,,11900000,11900000,,
4491.1,2000,101587700,119257700,17670000,148887700,189059031.1,102195933.3,-0.1,1802.2,873.3,1.7,500,200,-5872300,58.9,"2023-01-27T09:25:00.000Z",1674811500000,59,58.9,59,62.5,37.5,0,0.1,0.2,,0.6,300,800,2800,,29467700,11797700,17670000,
4491.1,4400,161000300,178670300,17670000,208300300,189059031.1,102195933.3,0.7,1802.2,873.3,Infinity,2400,2400,59412600,59.4,"2023-01-27T09:30:00.000Z",1674811800000,59.4,59,59,100,0,0,0.5,,,0,,2400,5200,,59412600,59412600,,
4491.1,5200,208590300,356870300,148280000,517110300,189059031.1,102195933.3,0.5,1802.2,873.3,1.4,3000,800,47590000,59.4,"2023-01-27T09:35:00.000Z",1674812100000,59.4,59.3,59.3,57.7,42.3,0,0.7,1.2,,0.7,2200,5200,10400,,308810000,178200000,130610000,
4491.1,5800,244230300,398450300,154220000,564630300,189059031.1,102195933.3,0.4,1802.2,873.3,7,700,600,35640000,59.4,"2023-01-27T09:40:00.000Z",1674812400000,59.4,59.4,59.4,87.5,12.5,0,0.2,0.1,,0.1,100,800,11200,,47520000,41580000,5940000,
4491.1,6200,267990300,428150300,160160000,600270300,189059031.1,102195933.3,0.3,1802.2,873.3,5,500,400,23760000,59.4,"2023-01-27T09:45:00.000Z",1674812700000,59.4,59.4,59.4,83.3,16.7,0,0.1,0.1,,0.2,100,600,11800,,35640000,29700000,5940000,
4491.1,5800,244250300,434090300,189840000,635890300,189059031.1,102195933.3,-0.3,1802.2,873.3,0.2,100,-400,-23740000,59.4,"2023-01-27T09:50:00.000Z",1674813000000,59.4,59.3,59.3,16.7,83.3,0,0,0.3,,5,500,600,12400,,35620000,5940000,29680000,
4491.1,5300,214550300,434090300,219540000,671530300,189059031.1,102195933.3,-0.3,1802.2,873.3,0,,-500,-29700000,59.4,"2023-01-27T09:55:00.000Z",1674813300000,59.4,59.4,59.4,0,83.3,16.7,,0.3,0.1,Infinity,500,600,13000,100,35640000,,29700000,5940000
4491.1,8300,393050300,612590300,219540000,850030300,189059031.1,102195933.3,2.1,1802.2,873.3,Infinity,3000,3000,178500000,59.5,"2023-01-27T10:00:00.000Z",1674813600000,59.5,59.5,59.5,100,0,0,0.7,,,0,,3000,16000,,178500000,178500000,,
4491.1,33500,1009094300,1228634300,219540000,1525962300,189059031.1,102195933.3,7.1,1802.2,873.3,Infinity,25200,25200,616044000,60,"2023-01-27T10:05:00.000Z",1674813900000,60.1,59.6,59.6,81.3,0,18.7,5.6,,6.6,0,,31000,47000,5800,675932000,616044000,,59888000
4491.1,32400,955542300,1228634300,273092000,1579514300,189059031.1,102195933.3,-0.6,1802.2,873.3,0,,-1100,-53552000,59.4,"2023-01-27T10:10:00.000Z",1674814200000,60,59.4,60,0,100,0,,0.6,,Infinity,1100,1100,48100,,53552000,,53552000,
4491.1,32700,973482300,1246574300,273092000,1597454300,189059031.1,102195933.3,0.2,1802.2,873.3,Infinity,300,300,17940000,59.8,"2023-01-27T10:20:00.000Z",1674814800000,59.8,59.8,59.8,100,0,0,0.1,,,0,,300,48400,,17940000,17940000,,
4491.1,32500,961582300,1246574300,284992000,1609354300,189059031.1,102195933.3,-0.1,1802.2,873.3,0,,-200,-11900000,59.5,"2023-01-27T10:25:00.000Z",1674815100000,59.5,59.5,59.5,0,100,0,,0.1,,Infinity,200,200,48600,,11900000,,11900000,
4491.1,32600,967562300,1252554300,284992000,1615334300,189059031.1,102195933.3,0.1,1802.2,873.3,Infinity,100,100,5980000,59.8,"2023-01-27T10:30:00.000Z",1674815400000,59.8,59.8,59.8,100,0,0,0,,,0,,100,48700,,5980000,5980000,,
4491.1,34800,1099122300,1408034300,308912000,1794734300,189059031.1,102195933.3,1.5,1802.2,873.3,6.5,2600,2200,131560000,59.8,"2023-01-27T10:35:00.000Z",1674815700000,59.8,59.8,59.8,86.7,13.3,0,0.6,0.2,,0.2,400,3000,51700,,179400000,155480000,23920000,
4491.1,36000,1170882300,1479794300,308912000,1866494300,189059031.1,102195933.3,0.8,1802.2,873.3,Infinity,1200,1200,71760000,59.8,"2023-01-27T10:40:00.000Z",1674816000000,59.8,59.8,59.8,100,0,0,0.3,,,0,,1200,52900,,71760000,71760000,,
4491.1,36400,1194802300,1503714300,308912000,1890414300,189059031.1,102195933.3,0.3,1802.2,873.3,Infinity,400,400,23920000,59.8,"2023-01-27T10:45:00.000Z",1674816300000,59.8,59.8,59.8,100,0,0,0.1,,,0,,400,53300,,23920000,23920000,,
4491.1,37300,1248622300,1647234300,398612000,2123634300,189059031.1,102195933.3,0.6,1802.2,873.3,1.6,2400,900,53820000,59.8,"2023-01-27T10:50:00.000Z",1674816600000,59.8,59.8,59.8,61.5,38.5,0,0.5,0.8,,0.6,1500,3900,57200,,233220000,143520000,89700000,
4491.1,54700,1981604300,2380216300,398612000,2856616300,189059031.1,102195933.3,8.4,1802.2,873.3,Infinity,17400,17400,732982000,60.2,"2023-01-27T10:55:00.000Z",1674816900000,60.2,59.9,59.9,100,0,0,3.9,,,0,,17400,74600,,732982000,732982000,,
4491.1,54900,1993624300,2398246300,404622000,2880656300,189059031.1,102195933.3,0.1,1802.2,873.3,3,300,200,12020000,60.1,"2023-01-27T11:00:00.000Z",1674817200000,60.1,60.1,60.1,75,25,0,0.1,0.1,,0.3,100,400,75000,,24040000,18030000,6010000,
4491.1,57600,2156124300,2626956300,470832000,3175576300,189059031.1,102195933.3,1.9,1802.2,873.3,3.5,3800,2700,162500000,60.3,"2023-01-27T11:05:00.000Z",1674817500000,60.3,60.1,60.1,77.6,22.4,0,0.8,0.6,,0.3,1100,4900,79900,,294920000,228710000,66210000,
4491.1,59800,2289034300,2777956300,488922000,3344666300,189059031.1,102195933.3,1.5,1802.2,873.3,8.3,2500,2200,132910000,60.4,"2023-01-27T11:10:00.000Z",1674817800000,60.4,60.3,60.3,89.3,10.7,0,0.6,0.2,,0.1,300,2800,82700,,169090000,151000000,18090000,
4491.1,62500,2452114300,2965196300,513082000,3556066300,189059031.1,102195933.3,1.9,1802.2,873.3,7.8,3100,2700,163080000,60.4,"2023-01-27T11:15:00.000Z",1674818100000,60.4,60.4,60.4,88.6,11.4,0,0.7,0.2,,0.1,400,3500,86200,,211400000,187240000,24160000,
4491.1,65100,2609424300,3128546300,519122000,3725456300,189059031.1,102195933.3,1.8,1802.2,873.3,27,2700,2600,157310000,60.5,"2023-01-27T11:20:00.000Z",1674818400000,60.5,60.4,60.4,96.4,3.6,0,0.6,0.1,,0,100,2800,89000,,169390000,163350000,6040000,
4491.1,70700,2949024300,3534716300,585692000,4198196300,189059031.1,102195933.3,3.9,1802.2,873.3,6.1,6700,5600,339600000,60.7,"2023-01-27T11:25:00.000Z",1674818700000,60.8,60.5,60.5,85.9,14.1,0,1.5,0.6,,0.2,1100,7800,96800,,472740000,406170000,66570000,
4491.1,53900,1932174300,3571166300,1638992000,5287946300,189059031.1,102195933.3,-11.7,1802.2,873.3,0,600,-16800,-1016850000,60.5,"2023-01-27T13:00:00.000Z",1674824400000,60.8,60.5,60.7,3.3,96.7,0,0.1,9.7,,29,17400,18000,114800,,1089750000,36450000,1053300000,
4491.1,54400,1962774300,3843416300,1880642000,5801846300,189059031.1,102195933.3,0.4,1802.2,873.3,1.1,4500,500,30600000,60.4,"2023-01-27T13:05:00.000Z",1674824700000,60.5,60.4,60.5,52.9,47.1,0,1,2.2,,0.9,4000,8500,123300,,513900000,272250000,241650000,
4491.1,57700,2162804300,4079746300,1916942000,6074476300,189059031.1,102195933.3,2.3,1802.2,873.3,6.5,3900,3300,200030000,60.6,"2023-01-27T13:10:00.000Z",1674825000000,60.6,60.4,60.4,86.7,13.3,0,0.9,0.3,,0.2,600,4500,127800,,272630000,236330000,36300000,
4491.1,56500,2090084300,4079746300,1989662000,6207896300,189059031.1,102195933.3,-0.8,1802.2,873.3,0,,-1200,-72720000,60.6,"2023-01-27T13:15:00.000Z",1674825300000,60.7,60.6,60.7,0,54.5,45.5,,0.7,1.1,Infinity,1200,2200,130000,1000,133420000,,72720000,60700000
4491.1,56500,2090104300,4091886300,2001782000,6232156300,189059031.1,102195933.3,0,1802.2,873.3,1,200,0,20000,60.6,"2023-01-27T13:20:00.000Z",1674825600000,60.7,60.6,60.7,50,50,0,0,0.1,,1,200,400,130400,,24260000,12140000,12120000,
4491.1,63600,2521124300,4547176300,2026052000,6711716300,189059031.1,102195933.3,5,1802.2,873.3,18.8,7500,7100,431020000,60.7,"2023-01-27T13:25:00.000Z",1674825900000,60.8,60.6,60.6,94.9,5.1,0,1.7,0.2,,0.1,400,7900,138300,,479560000,455290000,24270000,
4491.1,87000,3419105000,5451275800,2032170800,7670674600,189059031.1,102195933.3,10.3,1802.2,873.3,27,24300,23400,897980700,61.3,"2023-01-27T13:30:00.000Z",1674826200000,61.3,60.7,60.8,93.5,3.5,3.1,5.4,0.5,0.9,0,900,26000,164300,800,958958300,904099500,6118800,48740000
4491.1,85700,3339395000,5451275800,2111880800,7750384600,189059031.1,102195933.3,-0.9,1802.2,873.3,0,,-1300,-79710000,61.3,"2023-01-27T13:35:00.000Z",1674826500000,61.4,61.3,61.3,0,100,0,,0.7,,Infinity,1300,1300,165600,,79710000,,79710000,
4491.1,87600,3456685000,5709555800,2252870800,8149654600,189059031.1,102195933.3,1.4,1802.2,873.3,1.8,4200,1900,117290000,61.5,"2023-01-27T13:40:00.000Z",1674826800000,61.5,61.3,61.3,64.6,35.4,0,0.9,1.3,,0.5,2300,6500,172100,,399270000,258280000,140990000,
4491.1,92200,3740605000,6147675800,2407070800,8741974600,189059031.1,102195933.3,3.3,1802.2,873.3,2.8,7100,4600,283920000,61.8,"2023-01-27T13:45:00.000Z",1674827100000,61.8,61.5,61.5,74,26,0,1.6,1.4,,0.4,2500,9600,181700,,592320000,438120000,154200000,
4491.1,106100,3883714200,6414565000,2530850800,9138833800,189059031.1,102195933.3,1.6,1802.2,873.3,8,15900,13900,143109200,61.9,"2023-01-27T13:50:00.000Z",1674827400000,62,61.7,61.7,88.3,11.1,0.6,3.5,1.1,0.1,0.1,2000,18000,199700,100,396859200,266889200,123780000,6190000
4491.1,114900,3624540200,6415408200,2790868000,9399694200,189059031.1,102195933.3,-3,1802.2,873.3,2.8,13600,8800,-259174000,62,"2023-01-27T13:55:00.000Z",1674827700000,62,61.9,61.9,73.9,26.1,0,3,2.7,,0.4,4800,18400,218100,,260860400,843200,260017200,
4491.1,120000,3786375200,6577323800,2790948600,9561696600,189059031.1,102195933.3,1.9,1802.2,873.3,4.9,6400,5100,161835000,62.2,"2023-01-27T14:00:00.000Z",1674828000000,62.2,62,62,82.1,16.7,1.3,1.4,0.7,0.1,0.2,1300,7800,225900,100,162002400,161915600,80600,6200
4491.1,120200,3799205200,6969573800,3170368600,10333366600,189059031.1,102195933.3,0.1,1802.2,873.3,1,6300,200,12830000,62.2,"2023-01-27T14:05:00.000Z",1674828300000,62.4,62.2,62.2,50.8,49.2,0,1.4,3.4,,1,6100,12400,238300,,771670000,392250000,379420000,
4491.1,132600,4576685200,8326893800,3750208600,12270526600,189059031.1,102195933.3,9,1802.2,873.3,2.3,21700,12400,777480000,62.8,"2023-01-27T14:10:00.000Z",1674828600000,62.8,62.2,62.3,70,30,0,4.8,5.2,,0.4,9300,31000,269300,,1937160000,1357320000,579840000,
4491.1,126700,4207015200,8333173800,4126158600,12652756600,189059031.1,102195933.3,-4.3,1802.2,873.3,0,100,-5900,-369670000,62.6,"2023-01-27T14:15:00.000Z",1674828900000,62.8,62.6,62.8,1.6,98.4,0,0,3.3,,60,6000,6100,275400,,382230000,6280000,375950000,
4491.1,121000,3864962800,8339393800,4474431000,13007249000,189059031.1,102195933.3,-3.9,1802.2,873.3,0,100,-5700,-342052400,62,"2023-01-27T14:20:00.000Z",1674829200000,62.6,62,62.6,1.7,98.3,0,0,3.2,,58,5800,5900,281300,,354492400,6220000,348272400,
4491.1,121000,3908839400,8507656400,4598817000,13299897600,189059031.1,102195933.3,0.5,1802.2,873.3,1,5000,0,43876600,62.6,"2023-01-27T14:25:00.000Z",1674829500000,62.6,62,62.1,50,50,0,1.1,2.8,,1,5000,10000,291300,,292648600,168262600,124386000,
4491.1,121000,3908839400,8507656400,4598817000,15193737600,189059031.1,102195933.3,0,1802.2,873.3,NaN,,0,0,60.7,"2023-01-27T14:45:00.000Z",1674830700000,60.7,60.7,60.7,0,0,100,,,35.7,NaN,,31200,322500,31200,1893840000,,,1893840000
