"abu","acum_busd","acum_busd_val","acum_val_bu","acum_val_sd","acum_val","avg_val_bu","avg_val_sd","rbusd","asd","auk","bs","bu","bu-sd","bu-sd_val","c","date","datetime","h","l","o","pbu","psd","puk","rbu","rsd","ruk","sb","sd","sum_vol","total_vol","uk","val","val_bu","val_sd","val_uk"
27456.5,-7200,-236075000,224400000,460475000,1156700000,912440326.1,588961521.7,-0.7,17760.9,2389.1,0.5,6800,-7200,-236075000,32850,"2023-02-20T09:15:00.000Z",1676884500000,33000,32800,33000,19.4,39.9,40.7,0.2,0.8,6,2.1,14000,35100,35100,14300,1156700000,224400000,460475000,471825000
27456.5,-25900,-848855000,571170000,1420025000,2463020000,912440326.1,588961521.7,-1.9,17760.9,2389.1,0.4,10600,-18700,-612780000,32700,"2023-02-20T09:20:00.000Z",1676884800000,32850,32500,32850,26.6,73.4,0,0.4,1.6,,2.8,29300,39900,75000,,1306320000,346770000,959550000,
27456.5,-16800,-550810000,1244830000,1795640000,3512295000,912440326.1,588961521.7,0.9,17760.9,2389.1,1.8,20600,9100,298045000,32800,"2023-02-20T09:25:00.000Z",1676885100000,32800,32650,32700,64.2,35.8,0,0.8,0.6,,0.6,11500,32100,107100,,1049275000,673660000,375615000,
27456.5,-20500,-671590000,1418480000,2090070000,4006535000,912440326.1,588961521.7,-0.4,17760.9,2389.1,0.6,5300,-3700,-120780000,32750,"2023-02-20T09:30:00.000Z",1676885400000,32800,32700,32700,35.1,59.6,5.3,0.2,0.5,0.3,1.7,9000,15100,122200,800,494240000,173650000,294430000,26160000
27456.5,-700,-21810000,2205780000,2227590000,4931355000,912440326.1,588961521.7,2,17760.9,2389.1,5.7,24000,19800,649780000,32850,"2023-02-20T09:35:00.000Z",1676885700000,32850,32700,32750,85.1,14.9,0,0.9,0.2,,0.2,4200,28200,150400,,924820000,787300000,137520000,
27456.5,-12000,-391605000,2573690000,2965295000,6072995000,912440326.1,588961521.7,-1.1,17760.9,2389.1,0.5,11200,-11300,-369795000,32700,"2023-02-20T09:40:00.000Z",1676886000000,32850,32700,32850,32.2,64.7,3.2,0.4,1.3,0.5,2,22500,34800,185200,1100,1141640000,367910000,737705000,36025000
27456.5,17600,581430000,3763095000,3181665000,7478770000,912440326.1,588961521.7,3,17760.9,2389.1,5.5,36200,29600,973035000,32900,"2023-02-20T09:45:00.000Z",1676886300000,32900,32750,32750,84.6,15.4,0,1.3,0.4,,0.2,6600,42800,228000,,1405775000,1189405000,216370000,
27456.5,17700,584730000,3983190000,3398460000,7915660000,912440326.1,588961521.7,0,17760.9,2389.1,1,6700,100,3300000,32850,"2023-02-20T09:50:00.000Z",1676886600000,32850,32800,32850,50.4,49.6,0,0.2,0.4,,1,6600,13300,241300,,436890000,220095000,216795000,
27456.5,25100,829200000,4910365000,4081165000,9525540000,912440326.1,588961521.7,0.8,17760.9,2389.1,1.4,28200,7400,244470000,32850,"2023-02-20T09:55:00.000Z",1676886900000,32900,32800,32850,57.6,42.4,0,1,1.2,,0.7,20800,49000,290300,,1609880000,927175000,682705000,
27456.5,-13700,-440775000,5130220000,5570995000,11235225000,912440326.1,588961521.7,-3.9,17760.9,2389.1,0.1,6700,-38800,-1269975000,32800,"2023-02-20T10:00:00.000Z",1676887200000,32850,32700,32800,12.8,87.2,0,0.2,2.6,,6.8,45500,52200,342500,,1709685000,219855000,1489830000,
27456.5,-23100,-747640000,5244805000,5992445000,11849740000,912440326.1,588961521.7,-0.9,17760.9,2389.1,0.3,3500,-9400,-306865000,32650,"2023-02-20T10:05:00.000Z",1676887500000,32750,32650,32700,18.6,68.6,12.8,0.1,0.7,1,3.7,12900,18800,361300,2400,614515000,114585000,421450000,78480000
27456.5,-24200,-783385000,5649990000,6433375000,12695855000,912440326.1,588961521.7,-0.1,17760.9,2389.1,0.9,12400,-1100,-35745000,32650,"2023-02-20T10:10:00.000Z",1676887800000,32700,32650,32650,47.9,52.1,0,0.5,0.8,,1.1,13500,25900,387200,,846115000,405185000,440930000,
27456.5,-27700,-897255000,5914860000,6812115000,13339465000,912440326.1,588961521.7,-0.4,17760.9,2389.1,0.7,8100,-3500,-113870000,32650,"2023-02-20T10:15:00.000Z",1676888100000,32700,32650,32700,41.1,58.9,0,0.3,0.7,,1.4,11600,19700,406900,,643610000,264870000,378740000,
27456.5,-42900,-1393430000,5983530000,7376960000,13972980000,912440326.1,588961521.7,-1.5,17760.9,2389.1,0.1,2100,-15200,-496175000,32650,"2023-02-20T10:20:00.000Z",1676888400000,32700,32650,32700,10.8,89.2,0,0.1,1,,8.2,17300,19400,426300,,633515000,68670000,564845000,
27456.5,-41900,-1360535000,6319825000,7680360000,14612675000,912440326.1,588961521.7,0.1,17760.9,2389.1,1.1,10300,1000,32895000,32650,"2023-02-20T10:25:00.000Z",1676888700000,32650,32600,32650,52.6,47.4,0,0.4,0.5,,0.9,9300,19600,445900,,639695000,336295000,303400000,
27456.5,-28100,-907790000,7209855000,8117645000,15939990000,912440326.1,588961521.7,1.4,17760.9,2389.1,2,27200,13800,452745000,32800,"2023-02-20T10:30:00.000Z",1676889000000,32800,32600,32650,67,33,0,1,0.8,,0.5,13400,40600,486500,,1327315000,890030000,437285000,
27456.5,-4200,-122385000,8503930000,8626315000,17742735000,912440326.1,588961521.7,2.4,17760.9,2389.1,2.5,39400,23900,785405000,32850,"2023-02-20T10:35:00.000Z",1676889300000,32900,32800,32800,71.8,28.2,0,1.4,0.9,,0.4,15500,54900,541400,,1802745000,1294075000,508670000,
27456.5,193000,6393455000,15127140000,8733685000,24513755000,912440326.1,588961521.7,20.1,17760.9,2389.1,62.6,200400,197200,6515840000,33750,"2023-02-20T10:40:00.000Z",1676889600000,33750,32850,32850,97.9,1.6,0.6,7.3,0.2,0.5,0,3200,204800,746200,1200,6771020000,6623210000,107370000,40440000
27456.5,186900,6193590000,16259955000,10066365000,26979250000,912440326.1,588961521.7,-0.6,17760.9,2389.1,0.8,33600,-6100,-199865000,33700,"2023-02-20T10:45:00.000Z",1676889900000,33850,33500,33800,45.8,54.2,0,1.2,2.2,,1.2,39700,73300,819500,,2465495000,1132815000,1332680000,
27456.5,202100,6702065000,17332635000,10630570000,28616135000,912440326.1,588961521.7,1.6,17760.9,2389.1,1.9,32000,15200,508475000,33500,"2023-02-20T10:50:00.000Z",1676890200000,33700,33500,33650,65.6,34.4,0,1.2,0.9,,0.5,16800,48800,868300,,1636885000,1072680000,564205000,
27456.5,188400,6243495000,17396350000,11152855000,29202135000,912440326.1,588961521.7,-1.4,17760.9,2389.1,0.1,1900,-13700,-458570000,33350,"2023-02-20T10:55:00.000Z",1676890500000,33550,33350,33550,10.9,89.1,0,0.1,0.9,,8.2,15600,17500,885800,,586000000,63715000,522285000,
27456.5,190800,6323660000,17593410000,11269750000,29516090000,912440326.1,588961521.7,0.2,17760.9,2389.1,1.7,5900,2400,80165000,33400,"2023-02-20T11:00:00.000Z",1676890800000,33400,33350,33400,62.8,37.2,0,0.2,0.2,,0.6,3500,9400,895200,,313955000,197060000,116895000,
27456.5,189200,6270455000,17703620000,11433165000,29789715000,912440326.1,588961521.7,-0.2,17760.9,2389.1,0.7,3300,-1600,-53205000,33350,"2023-02-20T11:05:00.000Z",1676891100000,33400,33350,33400,40.2,59.8,0,0.1,0.3,,1.5,4900,8200,903400,,273625000,110210000,163415000,
27456.5,182700,6054055000,17833540000,11779485000,30265955000,912440326.1,588961521.7,-0.7,17760.9,2389.1,0.4,3900,-6500,-216400000,33300,"2023-02-20T11:10:00.000Z",1676891400000,33350,33300,33350,27.3,72.7,0,0.1,0.6,,2.7,10400,14300,917700,,476240000,129920000,346320000,
27456.5,139700,4633420000,18193580000,13560160000,32406670000,912440326.1,588961521.7,-4.4,17760.9,2389.1,0.2,10900,-43000,-1420635000,33000,"2023-02-20T11:15:00.000Z",1676891700000,33250,33000,33250,16.8,83.2,0,0.4,3,,4.9,53900,64800,982500,,2140715000,360040000,1780675000,
27456.5,181600,6018860000,19790470000,13771610000,34215010000,912440326.1,588961521.7,4.3,17760.9,2389.1,7.5,48300,41900,1385440000,33000,"2023-02-20T11:20:00.000Z",1676892000000,33200,33000,33000,88.3,11.7,0,1.8,0.4,,0.1,6400,54700,1037200,,1808340000,1596890000,211450000,
27456.5,202300,6704095000,20770230000,14066135000,35489295000,912440326.1,588961521.7,2.1,17760.9,2389.1,3.3,29600,20700,685235000,33050,"2023-02-20T11:25:00.000Z",1676892300000,33100,33000,33000,76.9,23.1,0,1.1,0.5,,0.3,8900,38500,1075700,,1274285000,979760000,294525000,
27456.5,214400,7102750000,22370365000,15267615000,38290910000,912440326.1,588961521.7,1.2,17760.9,2389.1,1.3,48200,12100,398655000,33400,"2023-02-20T13:00:00.000Z",1676898000000,33400,33050,33100,57.2,42.8,0,1.8,2,,0.7,36100,84300,1160000,,2801615000,1600135000,1201480000,
27456.5,225500,7471355000,24109255000,16637900000,41406715000,912440326.1,588961521.7,1.1,17760.9,2389.1,1.3,52400,11100,368605000,33200,"2023-02-20T13:05:00.000Z",1676898300000,33350,33050,33350,55.8,44,0.2,1.9,2.3,0.1,0.8,41300,93900,1253900,200,3115805000,1738890000,1370285000,6630000
27456.5,224800,7448280000,24471485000,17023205000,42154250000,912440326.1,588961521.7,-0.1,17760.9,2389.1,0.9,10900,-700,-23075000,33250,"2023-02-20T13:10:00.000Z",1676898600000,33300,33200,33200,48.4,51.6,0,0.4,0.7,,1.1,11600,22500,1276400,,747535000,362230000,385305000,
27456.5,218200,7229425000,24771395000,17541970000,42982915000,912440326.1,588961521.7,-0.7,17760.9,2389.1,0.6,9000,-6600,-218855000,33250,"2023-02-20T13:15:00.000Z",1676898900000,33400,33250,33300,36.1,62.7,1.2,0.3,0.9,0.1,1.7,15600,24900,1301300,300,828665000,299910000,518765000,9990000
27456.5,226600,7510150000,25155495000,17645345000,43470390000,912440326.1,588961521.7,0.9,17760.9,2389.1,3.7,11500,8400,280725000,33400,"2023-02-20T13:20:00.000Z",1676899200000,33400,33250,33250,78.8,21.2,0,0.4,0.2,,0.3,3100,14600,1315900,,487475000,384100000,103375000,
27456.5,247900,8222840000,26125280000,17902440000,44697270000,912440326.1,588961521.7,2.2,17760.9,2389.1,3.8,29000,21300,712690000,33400,"2023-02-20T13:25:00.000Z",1676899500000,33450,33350,33400,79,21,0,1.1,0.4,,0.3,7700,36700,1352600,,1226880000,969785000,257095000,
27456.5,369100,12281935000,30324700000,18042765000,49037015000,912440326.1,588961521.7,12.5,17760.9,2389.1,29.9,125400,121200,4059095000,33550,"2023-02-20T13:30:00.000Z",1676899800000,33600,33400,33450,96.8,3.2,0,4.6,0.2,,0,4200,129600,1482200,,4339745000,4199420000,140325000,
27456.5,460200,15343185000,33956300000,18613115000,53238965000,912440326.1,588961521.7,9.5,17760.9,2389.1,6.4,108100,91100,3061250000,33600,"2023-02-20T13:35:00.000Z",1676900100000,33600,33550,33550,86.4,13.6,0,3.9,1,,0.2,17000,125100,1607300,,4201950000,3631600000,570350000,
27456.5,451300,15044795000,34554695000,19509900000,54784330000,912440326.1,588961521.7,-0.9,17760.9,2389.1,0.7,17900,-8900,-298390000,33400,"2023-02-20T13:40:00.000Z",1676900400000,33600,33400,33600,38.7,58,3.2,0.7,1.5,0.6,1.5,26800,46200,1653500,1500,1545365000,598395000,896785000,50185000
27456.5,447200,14908090000,34808615000,19900525000,55428875000,912440326.1,588961521.7,-0.4,17760.9,2389.1,0.6,7600,-4100,-136705000,33350,"2023-02-20T13:45:00.000Z",1676900700000,33450,33350,33450,39.4,60.6,0,0.3,0.7,,1.5,11700,19300,1672800,,644545000,253920000,390625000,
27456.5,437300,14578015000,35035485000,20457470000,56212690000,912440326.1,588961521.7,-1,17760.9,2389.1,0.4,6800,-9900,-330075000,33350,"2023-02-20T13:50:00.000Z",1676901000000,33400,33350,33350,28.9,71.1,0,0.2,0.9,,2.5,16700,23500,1696300,,783815000,226870000,556945000,
27456.5,452500,15085825000,35633445000,20547620000,56900800000,912440326.1,588961521.7,1.6,17760.9,2389.1,6.6,17900,15200,507810000,33450,"2023-02-20T13:55:00.000Z",1676901300000,33450,33350,33350,86.9,13.1,0,0.7,0.2,,0.2,2700,20600,1716900,,688110000,597960000,90150000,
27456.5,451100,15039240000,35797595000,20758355000,57275685000,912440326.1,588961521.7,-0.1,17760.9,2389.1,0.8,4900,-1400,-46585000,33500,"2023-02-20T14:00:00.000Z",1676901600000,33500,33450,33500,43.8,56.3,0,0.2,0.4,,1.3,6300,11200,1728100,,374885000,164150000,210735000,
27456.5,445100,14839350000,36464010000,21624660000,58808405000,912440326.1,588961521.7,-0.6,17760.9,2389.1,0.8,19900,-6000,-199890000,33450,"2023-02-20T14:05:00.000Z",1676901900000,33500,33400,33450,43.4,56.6,0,0.7,1.5,,1.3,25900,45800,1773900,,1532720000,666415000,866305000,
27456.5,438400,14615860000,37362910000,22747050000,60829695000,912440326.1,588961521.7,-0.7,17760.9,2389.1,0.8,26900,-6700,-223490000,33400,"2023-02-20T14:10:00.000Z",1676902200000,33500,33350,33450,44.5,55.5,0,1,1.9,,1.2,33600,60500,1834400,,2021290000,898900000,1122390000,
27456.5,435300,14513145000,38094475000,23581330000,62749580000,912440326.1,588961521.7,-0.3,17760.9,2389.1,0.9,21900,-3100,-102715000,33400,"2023-02-20T14:15:00.000Z",1676902500000,33450,33350,33400,38.1,43.5,18.4,0.8,1.4,4.4,1.1,25000,57500,1891900,10600,1919885000,731565000,834280000,354040000
27456.5,411500,13720490000,40194725000,26474235000,67742735000,912440326.1,588961521.7,-2.5,17760.9,2389.1,0.7,62700,-23800,-792655000,33550,"2023-02-20T14:20:00.000Z",1676902800000,33550,33400,33400,42,58,0,2.3,4.9,,1.4,86500,149200,2041100,,4993155000,2100250000,2892905000,
27456.5,446000,14880025000,41972255000,27092230000,70138260000,912440326.1,588961521.7,3.6,17760.9,2389.1,2.9,52900,34500,1159535000,33600,"2023-02-20T14:25:00.000Z",1676903100000,33650,33550,33600,74.2,25.8,0,1.9,1,,0.3,18400,71300,2112400,,2395525000,1777530000,617995000,
27456.5,446000,14880025000,41972255000,27092230000,72750010000,912440326.1,588961521.7,0,17760.9,2389.1,NaN,,0,0,33700,"2023-02-20T14:45:00.000Z",1676904300000,33700,33700,33700,0,0,100,,,32.4,NaN,,77500,2189900,77500,2611750000,,,2611750000
