"abu","acum_busd","acum_busd_val","acum_val_bu","acum_val_sd","acum_val","avg_val_bu","avg_val_sd","rbusd","asd","auk","bs","bu","bu-sd","bu-sd_val","c","date","datetime","h","l","o","pbu","psd","puk","rbu","rsd","ruk","sb","sd","sum_vol","total_vol","uk","val","val_bu","val_sd","val_uk"
3738.2,-100,-1330000,31920000,33250000,65170000,50060294.1,13416764.7,0,1011.8,2.9,1,2400,-100,-1330000,13300,"2023-02-20T09:10:00.000Z",1676884200000,13300,13300,13300,49,51,0,0.6,2.5,,1,2500,4900,4900,,65170000,31920000,33250000,
3738.2,1400,18620000,51870000,33250000,85120000,50060294.1,13416764.7,0.5,1011.8,2.9,Infinity,1500,1500,19950000,13300,"2023-02-20T09:15:00.000Z",1676884500000,13300,13300,13300,100,0,0,0.4,,,0,,1500,6400,,19950000,19950000,,
3738.2,8600,114750000,148000000,33250000,181250000,50060294.1,13416764.7,2.6,1011.8,2.9,Infinity,7200,7200,96130000,13400,"2023-02-20T09:20:00.000Z",1676884800000,13400,13300,13300,100,0,0,1.9,,,0,,7200,13600,,96130000,96130000,,
3738.2,11900,159220000,192470000,33250000,225720000,50060294.1,13416764.7,1.2,1011.8,2.9,Infinity,3300,3300,44470000,13500,"2023-02-20T09:25:00.000Z",1676885100000,13500,13400,13400,100,0,0,0.9,,,0,,3300,16900,,44470000,44470000,,
3738.2,9000,120360000,192470000,72110000,264580000,50060294.1,13416764.7,-1.1,1011.8,2.9,0,,-2900,-38860000,13400,"2023-02-20T09:30:00.000Z",1676885400000,13400,13400,13400,0,100,0,,2.9,,Infinity,2900,2900,19800,,38860000,,38860000,
3738.2,4900,65830000,192470000,126640000,319110000,50060294.1,13416764.7,-1.5,1011.8,2.9,0,,-4100,-54530000,13300,"2023-02-20T09:40:00.000Z",1676886000000,13300,13300,13300,0,100,0,,4.1,,Infinity,4100,4100,23900,,54530000,,54530000,
3738.2,5400,72780000,232670000,159890000,392560000,50060294.1,13416764.7,0.2,1011.8,2.9,1.2,3000,500,6950000,13300,"2023-02-20T09:45:00.000Z",1676886300000,13400,13300,13400,54.5,45.5,0,0.8,2.5,,0.8,2500,5500,29400,,73450000,40200000,33250000,
3738.2,400,6780000,232670000,225890000,458560000,50060294.1,13416764.7,-1.8,1011.8,2.9,0,,-5000,-66000000,13200,"2023-02-20T09:50:00.000Z",1676886600000,13200,13200,13200,0,100,0,,4.9,,Infinity,5000,5000,34400,,66000000,,66000000,
3738.2,-3300,-42050000,248520000,290570000,539090000,50060294.1,13416764.7,-1.3,1011.8,2.9,0.2,1200,-3700,-48830000,13200,"2023-02-20T09:55:00.000Z",1676886900000,13300,13200,13300,19.7,80.3,0,0.3,4.8,,4.1,4900,6100,40500,,80530000,15850000,64680000,
3738.2,-2900,-36770000,253800000,290570000,544370000,50060294.1,13416764.7,0.1,1011.8,2.9,Infinity,400,400,5280000,13200,"2023-02-20T10:00:00.000Z",1676887200000,13200,13200,13200,100,0,0,0.1,,,0,,400,40900,,5280000,5280000,,
3738.2,-200,-1120000,289450000,290570000,580020000,50060294.1,13416764.7,1,1011.8,2.9,Infinity,2700,2700,35650000,13300,"2023-02-20T10:10:00.000Z",1676887800000,13300,13200,13200,100,0,0,0.7,,,0,,2700,43600,,35650000,35650000,,
3738.2,3400,46400000,336970000,290570000,627540000,50060294.1,13416764.7,1.3,1011.8,2.9,Infinity,3600,3600,47520000,13200,"2023-02-20T10:30:00.000Z",1676889000000,13200,13200,13200,100,0,0,1,,,0,,3600,47200,,47520000,47520000,,
3738.2,8600,114520000,414260000,299740000,715310000,50060294.1,13416764.7,1.9,1011.8,2.9,8.4,5900,5200,68120000,13100,"2023-02-20T10:35:00.000Z",1676889300000,13100,13100,13100,88.1,10.4,1.5,1.6,0.7,34.5,0.1,700,6700,53900,100,87770000,77290000,9170000,1310000
3738.2,9300,123760000,423500000,299740000,724550000,50060294.1,13416764.7,0.3,1011.8,2.9,Infinity,700,700,9240000,13200,"2023-02-20T10:40:00.000Z",1676889600000,13200,13200,13200,100,0,0,0.2,,,0,,700,54600,,9240000,9240000,,
3738.2,8600,114930000,468380000,353450000,823140000,50060294.1,13416764.7,-0.2,1011.8,2.9,0.8,3400,-700,-8830000,13200,"2023-02-20T10:45:00.000Z",1676889900000,13200,13100,13200,45.3,54.7,0,0.9,4.1,,1.2,4100,7500,62100,,98590000,44880000,53710000,
3738.2,11600,154530000,507980000,353450000,862740000,50060294.1,13416764.7,1.1,1011.8,2.9,Infinity,3000,3000,39600000,13200,"2023-02-20T10:50:00.000Z",1676890200000,13200,13200,13200,100,0,0,0.8,,,0,,3000,65100,,39600000,39600000,,
3738.2,15700,208680000,584570000,375890000,961770000,50060294.1,13416764.7,1.5,1011.8,2.9,3.4,5800,4100,54150000,13300,"2023-02-20T10:55:00.000Z",1676890500000,13300,13200,13200,77.3,22.7,0,1.6,1.7,,0.3,1700,7500,72600,,99030000,76590000,22440000,
3738.2,14800,196810000,585900000,389090000,976300000,50060294.1,13416764.7,-0.3,1011.8,2.9,0.1,100,-900,-11870000,13300,"2023-02-20T11:00:00.000Z",1676890800000,13300,13200,13200,9.1,90.9,0,0,1,,10,1000,1100,73700,,14530000,1330000,13200000,
3738.2,14500,192870000,588560000,395690000,985560000,50060294.1,13416764.7,-0.1,1011.8,2.9,0.4,200,-300,-3940000,13300,"2023-02-20T11:10:00.000Z",1676891400000,13300,13200,13300,28.6,71.4,0,0.1,0.5,,2.5,500,700,74400,,9260000,2660000,6600000,
3738.2,22500,299270000,694960000,395690000,1091960000,50060294.1,13416764.7,2.9,1011.8,2.9,Infinity,8000,8000,106400000,13300,"2023-02-20T11:15:00.000Z",1676891700000,13300,13300,13300,100,0,0,2.1,,,0,,8000,82400,,106400000,106400000,,
3738.2,31200,415200000,810890000,395690000,1207890000,50060294.1,13416764.7,3.2,1011.8,2.9,Infinity,8700,8700,115930000,13400,"2023-02-20T11:20:00.000Z",1676892000000,13400,13300,13300,100,0,0,2.3,,,0,,8700,91100,,115930000,115930000,,
3738.2,29800,396630000,817590000,420960000,1239860000,50060294.1,13416764.7,-0.5,1011.8,2.9,0.3,500,-1400,-18570000,13400,"2023-02-20T11:25:00.000Z",1676892300000,13400,13300,13300,20.8,79.2,0,0.1,1.9,,3.8,1900,2400,93500,,31970000,6700000,25270000,
3738.2,36300,483730000,904690000,420960000,1326960000,50060294.1,13416764.7,2.4,1011.8,2.9,Infinity,6500,6500,87100000,13400,"2023-02-20T13:00:00.000Z",1676898000000,13400,13400,13400,100,0,0,1.7,,,0,,6500,100000,,87100000,87100000,,
3738.2,42100,561450000,982410000,420960000,1404680000,50060294.1,13416764.7,2.1,1011.8,2.9,Infinity,5800,5800,77720000,13400,"2023-02-20T13:05:00.000Z",1676898300000,13400,13400,13400,100,0,0,1.6,,,0,,5800,105800,,77720000,77720000,,
3738.2,49400,659900000,1080860000,420960000,1503130000,50060294.1,13416764.7,2.7,1011.8,2.9,Infinity,7300,7300,98450000,13500,"2023-02-20T13:10:00.000Z",1676898600000,13500,13400,13400,100,0,0,2,,,0,,7300,113100,,98450000,98450000,,
3738.2,53400,713900000,1134860000,420960000,1557130000,50060294.1,13416764.7,1.5,1011.8,2.9,Infinity,4000,4000,54000000,13500,"2023-02-20T13:15:00.000Z",1676898900000,13500,13500,13500,100,0,0,1.1,,,0,,4000,117100,,54000000,54000000,,
3738.2,58400,781400000,1202360000,420960000,1624630000,50060294.1,13416764.7,1.8,1011.8,2.9,Infinity,5000,5000,67500000,13500,"2023-02-20T13:20:00.000Z",1676899200000,13500,13500,13500,100,0,0,1.3,,,0,,5000,122100,,67500000,67500000,,
3738.2,69100,926650000,1347610000,420960000,1769880000,50060294.1,13416764.7,4,1011.8,2.9,Infinity,10700,10700,145250000,13600,"2023-02-20T13:25:00.000Z",1676899500000,13600,13500,13500,100,0,0,2.9,,,0,,10700,132800,,145250000,145250000,,
3738.2,79200,1063630000,1499550000,435920000,1936780000,50060294.1,13416764.7,3.7,1011.8,2.9,10.2,11200,10100,136980000,13500,"2023-02-20T13:30:00.000Z",1676899800000,13600,13500,13600,91.1,8.9,0,3,1.1,,0.1,1100,12300,145100,,166900000,151940000,14960000,
3738.2,80200,1077130000,1513050000,435920000,1950280000,50060294.1,13416764.7,0.4,1011.8,2.9,Infinity,1000,1000,13500000,13500,"2023-02-20T13:35:00.000Z",1676900100000,13500,13500,13500,100,0,0,0.3,,,0,,1000,146100,,13500000,13500000,,
3738.2,82700,1110880000,1546800000,435920000,1984030000,50060294.1,13416764.7,0.9,1011.8,2.9,Infinity,2500,2500,33750000,13500,"2023-02-20T13:40:00.000Z",1676900400000,13500,13500,13500,100,0,0,0.7,,,0,,2500,148600,,33750000,33750000,,
3738.2,83200,1117630000,1573800000,456170000,2031280000,50060294.1,13416764.7,0.2,1011.8,2.9,1.3,2000,500,6750000,13500,"2023-02-20T14:05:00.000Z",1676901900000,13500,13500,13500,57.1,42.9,0,0.5,1.5,,0.8,1500,3500,152100,,47250000,27000000,20250000,
3738.2,86700,1164880000,1621050000,456170000,2078530000,50060294.1,13416764.7,1.3,1011.8,2.9,Infinity,3500,3500,47250000,13500,"2023-02-20T14:10:00.000Z",1676902200000,13500,13500,13500,100,0,0,0.9,,,0,,3500,155600,,47250000,47250000,,
3738.2,92700,1245880000,1702050000,456170000,2159530000,50060294.1,13416764.7,2.2,1011.8,2.9,Infinity,6000,6000,81000000,13500,"2023-02-20T14:45:00.000Z",1676904300000,13500,13500,13500,100,0,0,1.6,,,0,,6000,161600,,81000000,81000000,,
