"abu","acum_busd","acum_busd_val","acum_val_bu","acum_val_sd","acum_val","avg_val_bu","avg_val_sd","rbusd","asd","auk","bs","bu","bu-sd","bu-sd_val","c","date","datetime","h","l","o","pbu","psd","puk","rbu","rsd","ruk","sb","sd","sum_vol","total_vol","uk","val","val_bu","val_sd","val_uk"
141852.2,-31100,-247397000,422813000,670210000,1721863000,1154766608.7,673754434.8,-0.5,83008.7,9267.4,0.6,53000,-31100,-247397000,8000,"2023-02-20T09:15:00.000Z",1676884500000,8000,7950,7960,24.5,38.9,36.6,0.4,1,8.5,1.6,84100,216100,216100,79000,1721863000,422813000,670210000,628840000
141852.2,166500,1334752000,2446829000,1112077000,4187746000,1154766608.7,673754434.8,3.3,83008.7,9267.4,4.6,252800,197600,1582149000,8020,"2023-02-20T09:20:00.000Z",1676884800000,8020,7990,8000,82.1,17.9,0,1.8,0.7,,0.2,55200,308000,524100,,2465883000,2024016000,441867000,
141852.2,216600,1737159000,3636807000,1899648000,6165295000,1154766608.7,673754434.8,0.8,83008.7,9267.4,1.5,148100,50100,402407000,8040,"2023-02-20T09:25:00.000Z",1676885100000,8050,8020,8020,60.2,39.8,0,1,1.2,,0.7,98000,246100,770200,,1977549000,1189978000,787571000,
141852.2,210900,1691611000,3980659000,2289048000,6898547000,1154766608.7,673754434.8,-0.1,83008.7,9267.4,0.9,42800,-5700,-45548000,8030,"2023-02-20T09:30:00.000Z",1676885400000,8040,8020,8030,46.9,53.1,0,0.3,0.6,,1.1,48500,91300,861500,,733252000,343852000,389400000,
141852.2,249200,1999424000,4614228000,2614804000,7861887000,1154766608.7,673754434.8,0.6,83008.7,9267.4,1.9,78900,38300,307813000,8030,"2023-02-20T09:35:00.000Z",1676885700000,8040,8020,8030,65.8,33.8,0.4,0.6,0.5,0.1,0.5,40600,120000,981500,500,963340000,633569000,325756000,4015000
141852.2,325600,2613306000,5563764000,2950458000,9147077000,1154766608.7,673754434.8,1.3,83008.7,9267.4,2.8,118200,76400,613882000,8040,"2023-02-20T09:40:00.000Z",1676886000000,8040,8030,8030,73.9,26.1,0,0.8,0.5,,0.4,41800,160000,1141500,,1285190000,949536000,335654000,
141852.2,475800,3823548000,7728418000,3904870000,12266143000,1154766608.7,673754434.8,2.5,83008.7,9267.4,2.3,268900,150200,1210242000,8060,"2023-02-20T09:45:00.000Z",1676886300000,8060,8030,8040,69.4,30.6,0,1.9,1.4,,0.4,118700,387600,1529100,,3119066000,2164654000,954412000,
141852.2,539900,4341653000,8800154000,4458501000,13897159000,1154766608.7,673754434.8,1.1,83008.7,9267.4,1.9,132700,64100,518105000,8070,"2023-02-20T09:50:00.000Z",1676886600000,8090,8060,8060,65.7,34,0.3,0.9,0.8,0.1,0.5,68600,202000,1731100,700,1631016000,1071736000,553631000,5649000
141852.2,450000,3618388000,9166857000,5548469000,15457675000,1154766608.7,673754434.8,-1.5,83008.7,9267.4,0.3,45500,-89900,-723265000,8050,"2023-02-20T09:55:00.000Z",1676886900000,8070,8040,8060,23.5,69.9,6.7,0.3,1.6,1.4,3,135400,193800,1924900,12900,1560516000,366703000,1089968000,103845000
141852.2,441700,3552123000,9822963000,6270840000,16836152000,1154766608.7,673754434.8,-0.1,83008.7,9267.4,0.9,81600,-8300,-66265000,8040,"2023-02-20T10:00:00.000Z",1676887200000,8050,8030,8050,47.6,52.4,0,0.6,1.1,,1.1,89900,171500,2096400,,1378477000,656106000,722371000,
141852.2,357800,2878690000,9990152000,7111462000,17843963000,1154766608.7,673754434.8,-1.4,83008.7,9267.4,0.2,20800,-83900,-673433000,8030,"2023-02-20T10:05:00.000Z",1676887500000,8040,8020,8040,16.6,83.4,0,0.1,1.3,,5,104700,125500,2221900,,1007811000,167189000,840622000,
141852.2,238100,1919353000,10090402000,8171049000,19003800000,1154766608.7,673754434.8,-2,83008.7,9267.4,0.1,12500,-119700,-959337000,8010,"2023-02-20T10:10:00.000Z",1676887800000,8020,8010,8020,8.6,91.4,0,0.1,1.6,,10.6,132200,144700,2366600,,1159837000,100250000,1059587000,
141852.2,263700,2124698000,10456930000,8332232000,19531511000,1154766608.7,673754434.8,0.4,83008.7,9267.4,2.3,45700,25600,205345000,8020,"2023-02-20T10:15:00.000Z",1676888100000,8030,8010,8020,69.5,30.5,0,0.3,0.2,,0.4,20100,65800,2432400,,527711000,366528000,161183000,
141852.2,261100,2103991000,10573365000,8469374000,19785088000,1154766608.7,673754434.8,0,83008.7,9267.4,0.8,14500,-2600,-20707000,8030,"2023-02-20T10:20:00.000Z",1676888400000,8030,8020,8020,45.9,54.1,0,0.1,0.2,,1.2,17100,31600,2464000,,253577000,116435000,137142000,
141852.2,223700,1804227000,10750791000,8946564000,20439704000,1154766608.7,673754434.8,-0.6,83008.7,9267.4,0.4,22100,-37400,-299764000,8030,"2023-02-20T10:25:00.000Z",1676888700000,8030,8020,8020,27.1,72.9,0,0.2,0.7,,2.7,59500,81600,2545600,,654616000,177426000,477190000,
141852.2,401600,3236041000,13276588000,10040547000,24059484000,1154766608.7,673754434.8,3,83008.7,9267.4,2.3,314300,177900,1431814000,8050,"2023-02-20T10:30:00.000Z",1676889000000,8050,8010,8020,69.7,30.3,0,2.2,1.6,,0.4,136400,450700,2996300,,3619780000,2525797000,1093983000,
141852.2,399000,3215254000,13540744000,10325490000,24608583000,1154766608.7,673754434.8,0,83008.7,9267.4,0.9,32800,-2600,-20787000,8060,"2023-02-20T10:35:00.000Z",1676889300000,8060,8040,8040,48.1,51.9,0,0.2,0.4,,1.1,35400,68200,3064500,,549099000,264156000,284943000,
141852.2,383400,3090098000,13882488000,10792390000,25417227000,1154766608.7,673754434.8,-0.3,83008.7,9267.4,0.7,42400,-15600,-125156000,8050,"2023-02-20T10:40:00.000Z",1676889600000,8060,8050,8060,42.2,57.8,0,0.3,0.7,,1.4,58000,100400,3164900,,808644000,341744000,466900000,
141852.2,290700,2343944000,13955824000,11611880000,26310053000,1154766608.7,673754434.8,-1.6,83008.7,9267.4,0.1,9100,-92700,-746154000,8050,"2023-02-20T10:45:00.000Z",1676889900000,8060,8050,8060,8.2,91.8,0,0.1,1.2,,11.2,101800,110900,3275800,,892826000,73336000,819490000,
141852.2,283700,2287798000,14257651000,11969853000,26969853000,1154766608.7,673754434.8,-0.1,83008.7,9267.4,0.8,37500,-7000,-56146000,8050,"2023-02-20T10:50:00.000Z",1676890200000,8050,8040,8050,45.7,54.3,0,0.3,0.5,,1.2,44500,82000,3357800,,659800000,301827000,357973000,
141852.2,204000,1648485000,14520884000,12872399000,28135632000,1154766608.7,673754434.8,-1.3,83008.7,9267.4,0.3,32700,-79700,-639313000,8030,"2023-02-20T10:55:00.000Z",1676890500000,8050,8020,8040,22.5,77.5,0,0.2,1.4,,3.4,112400,145100,3502900,,1165779000,263233000,902546000,
141852.2,164900,1334737000,14602024000,13267287000,28611660000,1154766608.7,673754434.8,-0.7,83008.7,9267.4,0.2,10100,-39100,-313748000,8030,"2023-02-20T11:00:00.000Z",1676890800000,8040,8020,8020,17,83,0,0.1,0.6,,4.9,49200,59300,3562200,,476028000,81140000,394888000,
141852.2,148900,1206467000,14740943000,13534476000,29183989000,1154766608.7,673754434.8,-0.3,83008.7,9267.4,0.5,17300,-16000,-128270000,8020,"2023-02-20T11:05:00.000Z",1676891100000,8030,8020,8030,24.3,46.7,29,0.1,0.4,2.2,1.9,33300,71300,3633500,20700,572329000,138919000,267189000,166221000
141852.2,154900,1254980000,15165631000,13910651000,29984852000,1154766608.7,673754434.8,0.1,83008.7,9267.4,1.1,52900,6000,48513000,8030,"2023-02-20T11:10:00.000Z",1676891400000,8040,8020,8030,53,47,0,0.4,0.6,,0.9,46900,99800,3733300,,800863000,424688000,376175000,
141852.2,186800,1511657000,15647148000,14135491000,30700845000,1154766608.7,673754434.8,0.5,83008.7,9267.4,2.1,59900,31900,256677000,8040,"2023-02-20T11:15:00.000Z",1676891700000,8040,8030,8030,67.2,31.4,1.3,0.4,0.3,0.1,0.5,28000,89100,3822400,1200,715993000,481517000,224840000,9636000
141852.2,330300,2666593000,17092071000,14425478000,32435755000,1154766608.7,673754434.8,2.4,83008.7,9267.4,5,179600,143500,1154936000,8040,"2023-02-20T11:20:00.000Z",1676892000000,8050,8030,8040,83.3,16.7,0,1.3,0.4,,0.2,36100,215700,4038100,,1734910000,1444923000,289987000,
141852.2,330800,2670860000,17329788000,14658928000,32906922000,1154766608.7,673754434.8,0,83008.7,9267.4,1,29500,500,4267000,8060,"2023-02-20T11:25:00.000Z",1676892300000,8060,8050,8050,50.4,49.6,0,0.2,0.3,,1,29000,58500,4096600,,471167000,237717000,233450000,
141852.2,380900,3077101000,19167167000,16090066000,36239919000,1154766608.7,673754434.8,0.8,83008.7,9267.4,1.3,227600,50100,406241000,8070,"2023-02-20T13:00:00.000Z",1676898000000,8090,8050,8050,55.1,43,1.9,1.6,2.1,0.9,0.8,177500,413100,4509700,8000,3332997000,1837379000,1431138000,64480000
141852.2,316900,2561906000,19658235000,17096329000,37737250000,1154766608.7,673754434.8,-1.1,83008.7,9267.4,0.5,60900,-64000,-515195000,8060,"2023-02-20T13:05:00.000Z",1676898300000,8080,8040,8080,32.8,67.2,0,0.4,1.5,,2.1,124900,185800,4695500,,1497331000,491068000,1006263000,
141852.2,372200,3008380000,20190203000,17181823000,38354712000,1154766608.7,673754434.8,0.9,83008.7,9267.4,6.2,65900,55300,446474000,8080,"2023-02-20T13:10:00.000Z",1676898600000,8080,8060,8060,86.1,13.9,0,0.5,0.1,,0.2,10600,76500,4772000,,617462000,531968000,85494000,
141852.2,371400,3002129000,20578411000,17576282000,39137379000,1154766608.7,673754434.8,0,83008.7,9267.4,1,48100,-800,-6251000,8070,"2023-02-20T13:15:00.000Z",1676898900000,8080,8060,8070,49.6,50.4,0,0.3,0.6,,1,48900,97000,4869000,,782667000,388208000,394459000,
141852.2,1072800,8679810000,26478320000,17798510000,45259516000,1154766608.7,673754434.8,11.8,83008.7,9267.4,26.5,728900,701400,5677681000,8120,"2023-02-20T13:20:00.000Z",1676899200000,8120,8060,8070,96.4,3.6,0,5.1,0.3,,0,27500,756400,5625400,,6122137000,5899909000,222228000,
141852.2,1994100,16235659000,34528357000,18292698000,53867458000,1154766608.7,673754434.8,15.7,83008.7,9267.4,16.4,981300,921300,7555849000,8280,"2023-02-20T13:25:00.000Z",1676899500000,8290,8110,8120,93.5,5.7,0.7,6.9,0.7,0.8,0.1,60000,1049100,6674500,7800,8607942000,8050037000,494188000,63717000
141852.2,1956500,15925656000,36562836000,20637180000,58286664000,1154766608.7,673754434.8,-0.6,83008.7,9267.4,0.9,247400,-37600,-310003000,8230,"2023-02-20T13:30:00.000Z",1676899800000,8290,8170,8280,46,53,0.9,1.7,3.4,0.5,1.2,285000,537300,7211800,4900,4419206000,2034479000,2344482000,40245000
141852.2,2012900,16391051000,38023137000,21632086000,60861470000,1154766608.7,673754434.8,1,83008.7,9267.4,1.5,177200,56400,465395000,8230,"2023-02-20T13:35:00.000Z",1676900100000,8270,8220,8230,56.7,38.7,4.6,1.2,1.5,1.6,0.7,120800,312500,7524300,14500,2574806000,1460301000,994906000,119599000
141852.2,1947200,15854937000,39468730000,23613793000,64292875000,1154766608.7,673754434.8,-1.1,83008.7,9267.4,0.7,175600,-65700,-536114000,8190,"2023-02-20T13:40:00.000Z",1676900400000,8250,8190,8230,42.1,57.8,0.1,1.2,2.9,0.1,1.4,241300,417400,7941700,500,3431405000,1445593000,1981707000,4105000
141852.2,1988400,16193359000,40912750000,24719391000,66846593000,1154766608.7,673754434.8,0.7,83008.7,9267.4,1.3,176100,41200,338422000,8200,"2023-02-20T13:45:00.000Z",1676900700000,8210,8190,8200,56.5,43.3,0.2,1.2,1.6,0.1,0.8,134900,311500,8253200,500,2553718000,1444020000,1105598000,4100000
141852.2,1980500,16129190000,41566290000,25437100000,68217842000,1154766608.7,673754434.8,-0.1,83008.7,9267.4,0.9,79700,-7900,-64169000,8200,"2023-02-20T13:50:00.000Z",1676901000000,8200,8190,8200,47.6,52.4,0,0.6,1.1,,1.1,87600,167300,8420500,,1371249000,653540000,717709000,
141852.2,2087400,17007364000,42960859000,25953495000,70128806000,1154766608.7,673754434.8,1.8,83008.7,9267.4,2.7,169700,106900,878174000,8230,"2023-02-20T13:55:00.000Z",1676901300000,8240,8200,8200,73,27,0,1.2,0.8,,0.4,62800,232500,8653000,,1910964000,1394569000,516395000,
141852.2,2011200,16380491000,43116266000,26735775000,71066493000,1154766608.7,673754434.8,-1.3,83008.7,9267.4,0.2,18900,-76200,-626873000,8220,"2023-02-20T14:00:00.000Z",1676901600000,8240,8210,8230,16.6,83.4,0,0.1,1.1,,5,95100,114000,8767000,,937687000,155407000,782280000,
141852.2,2090300,17030472000,44915031000,27884559000,74014865000,1154766608.7,673754434.8,1.4,83008.7,9267.4,1.6,218600,79100,649981000,8230,"2023-02-20T14:05:00.000Z",1676901900000,8250,8210,8220,61,38.9,0,1.5,1.7,0,0.6,139500,358200,9125200,100,2948372000,1798765000,1148784000,823000
141852.2,2176500,17741924000,46239183000,28497259000,75951717000,1154766608.7,673754434.8,1.5,83008.7,9267.4,2.2,160500,86200,711452000,8260,"2023-02-20T14:10:00.000Z",1676902200000,8270,8230,8240,68.4,31.6,0,1.1,0.9,,0.5,74300,234800,9360000,,1936852000,1324152000,612700000,
141852.2,2132500,17379230000,47037465000,29658235000,77910975000,1154766608.7,673754434.8,-0.8,83008.7,9267.4,0.7,96900,-44000,-362694000,8240,"2023-02-20T14:15:00.000Z",1676902500000,8250,8220,8250,40.7,59.3,0,0.7,1.7,,1.5,140900,237800,9597800,,1959258000,798282000,1160976000,
141852.2,2501200,20421888000,50466729000,30044841000,81726845000,1154766608.7,673754434.8,6.3,83008.7,9267.4,8.9,415600,368700,3042658000,8270,"2023-02-20T14:20:00.000Z",1676902800000,8270,8230,8240,89.9,10.1,0,2.9,0.6,,0.1,46900,462500,10060300,,3815870000,3429264000,386606000,
141852.2,2706800,22126560000,53119264000,30992704000,85343803000,1154766608.7,673754434.8,3.5,83008.7,9267.4,2.8,320100,205600,1704672000,8290,"2023-02-20T14:25:00.000Z",1676903100000,8290,8270,8270,73.3,26.2,0.5,2.3,1.4,0.2,0.4,114500,436600,10496900,2000,3616958000,2652535000,947863000,16560000
141852.2,2706800,22126560000,53119264000,30992704000,87609703000,1154766608.7,673754434.8,0,83008.7,9267.4,NaN,,0,0,8300,"2023-02-20T14:45:00.000Z",1676904300000,8300,8300,8300,0,0,100,,,29.5,NaN,,273000,10769900,273000,2265900000,,,2265900000
