"abu","acum_busd","acum_busd_val","acum_val_bu","acum_val_sd","acum_val","avg_val_bu","avg_val_sd","rbusd","asd","auk","bs","bu","bu-sd","bu-sd_val","c","date","datetime","h","l","o","pbu","psd","puk","rbu","rsd","ruk","sb","sd","sum_vol","total_vol","uk","val","val_bu","val_sd","val_uk"
659.6,100,530000,530000,0,530000,3510000,5055106.4,-0.3,970.2,29.8,Infinity,100,100,530000,5300,"2023-02-20T09:16:00.000Z",1676884560000,5300,5300,5300,100,0,0,0.2,,,0,,100,100,,530000,530000,,
659.6,100,540000,1060000,520000,1580000,3510000,5055106.4,0,970.2,29.8,1,100,0,10000,5200,"2023-02-20T09:20:00.000Z",1676884800000,5300,5200,5300,50,50,0,0.2,0.1,,1,100,200,300,,1050000,530000,520000,
659.6,-2900,-15060000,1060000,16120000,17180000,3510000,5055106.4,10.1,970.2,29.8,0,,-3000,-15600000,5200,"2023-02-20T09:32:00.000Z",1676885520000,5200,5200,5200,0,100,0,,3.1,,Infinity,3000,3000,3300,,15600000,,15600000,
659.6,-2400,-12460000,3660000,16120000,19780000,3510000,5055106.4,-1.7,970.2,29.8,Infinity,500,500,2600000,5200,"2023-02-20T09:34:00.000Z",1676885640000,5200,5200,5200,100,0,0,0.8,,,0,,500,3800,,2600000,2600000,,
659.6,-1900,-9860000,6260000,16120000,22380000,3510000,5055106.4,-1.7,970.2,29.8,Infinity,500,500,2600000,5200,"2023-02-20T09:38:00.000Z",1676885880000,5200,5200,5200,100,0,0,0.8,,,0,,500,4300,,2600000,2600000,,
659.6,-3000,-15580000,6260000,21840000,28100000,3510000,5055106.4,3.7,970.2,29.8,0,,-1100,-5720000,5200,"2023-02-20T09:54:00.000Z",1676886840000,5200,5200,5200,0,100,0,,1.1,,Infinity,1100,1100,5400,,5720000,,5720000,
659.6,-2900,-15050000,6790000,21840000,29160000,3510000,5055106.4,-0.3,970.2,29.8,Infinity,100,100,530000,5300,"2023-02-20T10:00:00.000Z",1676887200000,5300,5300,5300,50,0,50,0.2,,3.4,0,,200,5600,100,1060000,530000,,530000
659.6,100,1150000,22990000,21840000,45360000,3510000,5055106.4,-10.5,970.2,29.8,Infinity,3000,3000,16200000,5400,"2023-02-20T10:04:00.000Z",1676887440000,5400,5400,5400,100,0,0,4.5,,,0,,3000,8600,,16200000,16200000,,
659.6,300,2230000,24070000,21840000,46440000,3510000,5055106.4,-0.7,970.2,29.8,Infinity,200,200,1080000,5400,"2023-02-20T10:06:00.000Z",1676887560000,5400,5400,5400,100,0,0,0.3,,,0,,200,8800,,1080000,1080000,,
659.6,300,2230000,24070000,21840000,51840000,3510000,5055106.4,0,970.2,29.8,NaN,,0,0,5400,"2023-02-20T10:14:00.000Z",1676888040000,5400,5400,5400,0,0,100,,,33.6,NaN,,1000,9800,1000,5400000,,,5400000
659.6,200,1690000,24070000,22380000,52380000,3510000,5055106.4,0.3,970.2,29.8,0,,-100,-540000,5400,"2023-02-20T10:30:00.000Z",1676889000000,5400,5400,5400,0,100,0,,0.1,,Infinity,100,100,9900,,540000,,540000,
659.6,0,610000,24070000,23460000,53460000,3510000,5055106.4,0.7,970.2,29.8,0,,-200,-1080000,5400,"2023-02-20T10:32:00.000Z",1676889120000,5400,5400,5400,0,100,0,,0.2,,Infinity,200,200,10100,,1080000,,1080000,
659.6,4000,22210000,45670000,23460000,75060000,3510000,5055106.4,-14,970.2,29.8,Infinity,4000,4000,21600000,5400,"2023-02-20T10:42:00.000Z",1676889720000,5400,5400,5400,100,0,0,6.1,,,0,,4000,14100,,21600000,21600000,,
659.6,5000,27610000,51070000,23460000,80460000,3510000,5055106.4,-3.5,970.2,29.8,Infinity,1000,1000,5400000,5400,"2023-02-20T10:56:00.000Z",1676890560000,5400,5400,5400,100,0,0,1.5,,,0,,1000,15100,,5400000,5400000,,
659.6,5800,31930000,55390000,23460000,84780000,3510000,5055106.4,-2.8,970.2,29.8,Infinity,800,800,4320000,5400,"2023-02-20T10:58:00.000Z",1676890680000,5400,5400,5400,100,0,0,1.2,,,0,,800,15900,,4320000,4320000,,
659.6,5700,31400000,55390000,23990000,85310000,3510000,5055106.4,0.3,970.2,29.8,0,,-100,-530000,5300,"2023-02-20T13:00:00.000Z",1676898000000,5300,5300,5300,0,100,0,,0.1,,Infinity,100,100,16000,,530000,,530000,
659.6,4100,22920000,55390000,32470000,93790000,3510000,5055106.4,5.5,970.2,29.8,0,,-1600,-8480000,5300,"2023-02-20T13:10:00.000Z",1676898600000,5300,5300,5300,0,100,0,,1.6,,Infinity,1600,1600,17600,,8480000,,8480000,
659.6,4600,25570000,58040000,32470000,96440000,3510000,5055106.4,-1.7,970.2,29.8,Infinity,500,500,2650000,5300,"2023-02-20T13:12:00.000Z",1676898720000,5300,5300,5300,100,0,0,0.8,,,0,,500,18100,,2650000,2650000,,
659.6,4700,26110000,59100000,32990000,98020000,3510000,5055106.4,-0.3,970.2,29.8,2,200,100,540000,5300,"2023-02-20T13:20:00.000Z",1676899200000,5300,5200,5200,66.7,33.3,0,0.3,0.1,,0.5,100,300,18400,,1580000,1060000,520000,
659.6,5100,28230000,61220000,32990000,100140000,3510000,5055106.4,-1.4,970.2,29.8,Infinity,400,400,2120000,5300,"2023-02-20T13:22:00.000Z",1676899320000,5300,5300,5300,100,0,0,0.6,,,0,,400,18800,,2120000,2120000,,
659.6,-3000,-13890000,61220000,75110000,142260000,3510000,5055106.4,27.3,970.2,29.8,0,,-8100,-42120000,5200,"2023-02-20T13:26:00.000Z",1676899560000,5200,5200,5200,0,100,0,,8.3,,Infinity,8100,8100,26900,,42120000,,42120000,
659.6,-4700,-22730000,89300000,112030000,207260000,3510000,5055106.4,5.7,970.2,29.8,0.8,5400,-1700,-8840000,5200,"2023-02-20T13:28:00.000Z",1676899680000,5200,5200,5200,43.2,56.8,0,8.2,7.3,,1.3,7100,12500,39400,,65000000,28080000,36920000,
659.6,-11300,-57050000,89300000,146350000,241580000,3510000,5055106.4,22.2,970.2,29.8,0,,-6600,-34320000,5200,"2023-02-20T13:30:00.000Z",1676899800000,5200,5200,5200,0,100,0,,6.8,,Infinity,6600,6600,46000,,34320000,,34320000,
659.6,-11300,-57050000,89300000,146350000,243140000,3510000,5055106.4,0,970.2,29.8,NaN,,0,0,5200,"2023-02-20T13:32:00.000Z",1676899920000,5200,5200,5200,0,0,100,,,10.1,NaN,,300,46300,300,1560000,,,1560000
659.6,-13300,-67450000,89300000,156750000,253540000,3510000,5055106.4,6.7,970.2,29.8,0,,-2000,-10400000,5200,"2023-02-20T13:34:00.000Z",1676900040000,5200,5200,5200,0,100,0,,2.1,,Infinity,2000,2000,48300,,10400000,,10400000,
659.6,-13500,-68490000,89300000,157790000,254580000,3510000,5055106.4,0.7,970.2,29.8,0,,-200,-1040000,5200,"2023-02-20T13:36:00.000Z",1676900160000,5200,5200,5200,0,100,0,,0.2,,Infinity,200,200,48500,,1040000,,1040000,
659.6,-19500,-99690000,89300000,188990000,285780000,3510000,5055106.4,20.2,970.2,29.8,0,,-6000,-31200000,5200,"2023-02-20T13:38:00.000Z",1676900280000,5200,5200,5200,0,100,0,,6.2,,Infinity,6000,6000,54500,,31200000,,31200000,
659.6,-22400,-114770000,93460000,208230000,309180000,3510000,5055106.4,9.8,970.2,29.8,0.2,800,-2900,-15080000,5200,"2023-02-20T13:40:00.000Z",1676900400000,5200,5200,5200,17.8,82.2,0,1.2,3.8,,4.6,3700,4500,59000,,23400000,4160000,19240000,
659.6,-22300,-114240000,93990000,208230000,309710000,3510000,5055106.4,-0.3,970.2,29.8,Infinity,100,100,530000,5300,"2023-02-20T13:42:00.000Z",1676900520000,5300,5300,5300,100,0,0,0.2,,,0,,100,59100,,530000,530000,,
659.6,-21900,-112120000,96110000,208230000,311830000,3510000,5055106.4,-1.4,970.2,29.8,Infinity,400,400,2120000,5300,"2023-02-20T13:46:00.000Z",1676900760000,5300,5300,5300,100,0,0,0.6,,,0,,400,59500,,2120000,2120000,,
659.6,-22300,-114140000,99290000,213430000,320210000,3510000,5055106.4,1.3,970.2,29.8,0.6,600,-400,-2020000,5300,"2023-02-20T13:48:00.000Z",1676900880000,5300,5200,5300,37.5,62.5,0,0.9,1,,1.7,1000,1600,61100,,8380000,3180000,5200000,
659.6,-21600,-110430000,103000000,213430000,323920000,3510000,5055106.4,-2.4,970.2,29.8,Infinity,700,700,3710000,5300,"2023-02-20T13:54:00.000Z",1676901240000,5300,5300,5300,100,0,0,1.1,,,0,,700,61800,,3710000,3710000,,
659.6,-21800,-111370000,108300000,219670000,335460000,3510000,5055106.4,0.6,970.2,29.8,0.8,1000,-200,-940000,5200,"2023-02-20T13:56:00.000Z",1676901360000,5300,5200,5200,45.5,54.5,0,1.5,1.2,,1.2,1200,2200,64000,,11540000,5300000,6240000,
659.6,-21800,-111270000,113600000,224870000,345960000,3510000,5055106.4,-0.1,970.2,29.8,1,1000,0,100000,5300,"2023-02-20T13:58:00.000Z",1676901480000,5300,5200,5200,50,50,0,1.5,1,,1,1000,2000,66000,,10500000,5300000,5200000,
659.6,-20300,-103320000,121550000,224870000,353910000,3510000,5055106.4,-5.1,970.2,29.8,Infinity,1500,1500,7950000,5300,"2023-02-20T14:00:00.000Z",1676901600000,5300,5300,5300,100,0,0,2.3,,,0,,1500,67500,,7950000,7950000,,
659.6,-18800,-95370000,129500000,224870000,361860000,3510000,5055106.4,-5.1,970.2,29.8,Infinity,1500,1500,7950000,5300,"2023-02-20T14:04:00.000Z",1676901840000,5300,5300,5300,100,0,0,2.3,,,0,,1500,69000,,7950000,7950000,,
659.6,-18500,-93780000,131090000,224870000,363450000,3510000,5055106.4,-1,970.2,29.8,Infinity,300,300,1590000,5300,"2023-02-20T14:06:00.000Z",1676901960000,5300,5300,5300,100,0,0,0.5,,,0,,300,69300,,1590000,1590000,,
659.6,-18400,-93250000,131620000,224870000,363980000,3510000,5055106.4,-0.3,970.2,29.8,Infinity,100,100,530000,5300,"2023-02-20T14:08:00.000Z",1676902080000,5300,5300,5300,100,0,0,0.2,,,0,,100,69400,,530000,530000,,
659.6,-17300,-87420000,138510000,225930000,371930000,3510000,5055106.4,-3.8,970.2,29.8,6.5,1300,1100,5830000,5300,"2023-02-20T14:10:00.000Z",1676902200000,5300,5300,5300,86.7,13.3,0,2,0.2,,0.2,200,1500,70900,,7950000,6890000,1060000,
659.6,-17300,-87340000,142830000,230170000,380490000,3510000,5055106.4,-0.1,970.2,29.8,1,800,0,80000,5400,"2023-02-20T14:12:00.000Z",1676902320000,5400,5300,5300,50,50,0,1.2,0.8,,1,800,1600,72500,,8560000,4320000,4240000,
659.6,-15300,-76540000,153630000,230170000,391290000,3510000,5055106.4,-7,970.2,29.8,Infinity,2000,2000,10800000,5400,"2023-02-20T14:14:00.000Z",1676902440000,5400,5400,5400,100,0,0,3,,,0,,2000,74500,,10800000,10800000,,
659.6,-14700,-73300000,156870000,230170000,394530000,3510000,5055106.4,-2.1,970.2,29.8,Infinity,600,600,3240000,5400,"2023-02-20T14:18:00.000Z",1676902680000,5400,5400,5400,100,0,0,0.9,,,0,,600,75100,,3240000,3240000,,
659.6,-15700,-78600000,156870000,235470000,399830000,3510000,5055106.4,3.4,970.2,29.8,0,,-1000,-5300000,5300,"2023-02-20T14:22:00.000Z",1676902920000,5300,5300,5300,0,100,0,,1,,Infinity,1000,1000,76100,,5300000,,5300000,
659.6,-15300,-76440000,159030000,235470000,401990000,3510000,5055106.4,-1.4,970.2,29.8,Infinity,400,400,2160000,5400,"2023-02-20T14:28:00.000Z",1676903280000,5400,5400,5400,100,0,0,0.6,,,0,,400,76500,,2160000,2160000,,
659.6,-14800,-73740000,161730000,235470000,404690000,3510000,5055106.4,-1.7,970.2,29.8,Infinity,500,500,2700000,5400,"2023-02-20T14:30:00.000Z",1676903400000,5400,5400,5400,100,0,0,0.8,,,0,,500,77000,,2700000,2700000,,
659.6,-15100,-75320000,162270000,237590000,407350000,3510000,5055106.4,1,970.2,29.8,0.3,100,-300,-1580000,5400,"2023-02-20T14:32:00.000Z",1676903520000,5400,5300,5300,20,80,0,0.2,0.4,,4,400,500,77500,,2660000,540000,2120000,
659.6,-14600,-72620000,164970000,237590000,410050000,3510000,5055106.4,-1.7,970.2,29.8,Infinity,500,500,2700000,5400,"2023-02-20T14:40:00.000Z",1676904000000,5400,5400,5400,100,0,0,0.8,,,0,,500,78000,,2700000,2700000,,
