"abu","acum_busd","acum_busd_val","acum_val_bu","acum_val_sd","acum_val","avg_val_bu","avg_val_sd","rbusd","asd","auk","bs","bu","bu-sd","bu-sd_val","c","date","datetime","h","l","o","pbu","psd","puk","rbu","rsd","ruk","sb","sd","sum_vol","total_vol","uk","val","val_bu","val_sd","val_uk"
18755.3,28800,1536280000,1674880000,138600000,1813480000,1015979787.2,725661914.9,5.3,13440.4,42.6,12.1,31400,28800,1536280000,53300,"2023-02-20T09:15:00.000Z",1676884500000,53500,53100,53300,92.4,7.6,0,1.7,0.2,,0.1,2600,34000,34000,,1813480000,1674880000,138600000,
18755.3,26500,1414290000,1733510000,319220000,2052730000,1015979787.2,725661914.9,-0.4,13440.4,42.6,0.3,1100,-2300,-121990000,53100,"2023-02-20T09:20:00.000Z",1676884800000,53300,53100,53300,24.4,75.6,0,0.1,0.3,,3.1,3400,4500,38500,,239250000,58630000,180620000,
18755.3,19600,1048450000,2025940000,977490000,3003430000,1015979787.2,725661914.9,-1.3,13440.4,42.6,0.4,5500,-6900,-365840000,53200,"2023-02-20T09:25:00.000Z",1676885100000,53200,53000,53100,30.7,69.3,0,0.3,0.9,,2.3,12400,17900,56400,,950700000,292430000,658270000,
18755.3,14600,783820000,2127010000,1343190000,3470200000,1015979787.2,725661914.9,-0.9,13440.4,42.6,0.3,1900,-5000,-264630000,53100,"2023-02-20T09:30:00.000Z",1676885400000,53200,53000,53200,21.6,78.4,0,0.1,0.5,,3.6,6900,8800,65200,,466770000,101070000,365700000,
18755.3,18700,1002020000,2398310000,1396290000,3794600000,1015979787.2,725661914.9,0.8,13440.4,42.6,5.1,5100,4100,218200000,53200,"2023-02-20T09:35:00.000Z",1676885700000,53200,53100,53100,83.6,16.4,0,0.3,0.1,,0.2,1000,6100,71300,,324400000,271300000,53100000,
18755.3,16100,864100000,2467470000,1603370000,4070840000,1015979787.2,725661914.9,-0.5,13440.4,42.6,0.3,1300,-2600,-137920000,53100,"2023-02-20T09:40:00.000Z",1676886000000,53200,53000,53200,25,75,0,0.1,0.3,,3,3900,5200,76500,,276240000,69160000,207080000,
18755.3,19600,1050610000,2792170000,1741560000,4570970000,1015979787.2,725661914.9,0.6,13440.4,42.6,2.3,6100,3500,186510000,53200,"2023-02-20T09:45:00.000Z",1676886300000,53300,53100,53100,64.9,27.7,7.4,0.3,0.2,16.4,0.4,2600,9400,85900,700,500130000,324700000,138190000,37240000
18755.3,32100,1717450000,3731150000,2013700000,5782090000,1015979787.2,725661914.9,2.3,13440.4,42.6,3.5,17600,12500,666840000,53400,"2023-02-20T09:50:00.000Z",1676886600000,53500,53200,53300,77.5,22.5,0,0.9,0.4,,0.3,5100,22700,108600,,1211120000,938980000,272140000,
18755.3,35800,1915370000,4131990000,2216620000,6385850000,1015979787.2,725661914.9,0.7,13440.4,42.6,2,7500,3700,197920000,53500,"2023-02-20T09:55:00.000Z",1676886900000,53500,53400,53400,66.4,33.6,0,0.4,0.3,,0.5,3800,11300,119900,,603760000,400840000,202920000,
18755.3,28700,1536970000,4367100000,2830130000,7234470000,1015979787.2,725661914.9,-1.3,13440.4,42.6,0.4,4400,-7100,-378400000,53400,"2023-02-20T10:00:00.000Z",1676887200000,53500,53300,53400,27.7,72.3,0,0.2,0.9,,2.6,11500,15900,135800,,848620000,235110000,613510000,
18755.3,26300,1409060000,4372440000,2963380000,7373060000,1015979787.2,725661914.9,-0.4,13440.4,42.6,0,100,-2400,-127910000,53400,"2023-02-20T10:05:00.000Z",1676887500000,53400,53300,53300,3.8,96.2,0,0,0.2,,25,2500,2600,138400,,138590000,5340000,133250000,
18755.3,24200,1297140000,4377780000,3080640000,7495660000,1015979787.2,725661914.9,-0.4,13440.4,42.6,0,100,-2100,-111920000,53300,"2023-02-20T10:10:00.000Z",1676887800000,53400,53300,53400,4.3,95.7,0,0,0.2,,22,2200,2300,140700,,122600000,5340000,117260000,
18755.3,24900,1335120000,4746240000,3411120000,8194600000,1015979787.2,725661914.9,0.1,13440.4,42.6,1.1,6900,700,37980000,53400,"2023-02-20T10:15:00.000Z",1676888100000,53400,53300,53300,52.7,47.3,0,0.4,0.5,,0.9,6200,13100,153800,,698940000,368460000,330480000,
18755.3,19600,1052220000,4815680000,3763460000,8616380000,1015979787.2,725661914.9,-1,13440.4,42.6,0.2,1300,-5300,-282900000,53300,"2023-02-20T10:20:00.000Z",1676888400000,53500,53300,53400,16.5,83.5,0,0.1,0.5,,5.1,6600,7900,161700,,421780000,69440000,352340000,
18755.3,18200,977920000,4991900000,4013980000,9043120000,1015979787.2,725661914.9,-0.3,13440.4,42.6,0.7,3300,-1400,-74300000,53400,"2023-02-20T10:25:00.000Z",1676888700000,53400,53300,53300,41.3,58.8,0,0.2,0.3,,1.4,4700,8000,169700,,426740000,176220000,250520000,
18755.3,149800,8069020000,12460820000,4391800000,16889860000,1015979787.2,725661914.9,24.4,13440.4,42.6,19.8,138600,131600,7091100000,54300,"2023-02-20T10:30:00.000Z",1676889000000,54500,53400,53400,95.2,4.8,0,7.4,0.5,,0.1,7000,145600,315300,,7846740000,7468920000,377820000,
18755.3,143800,7743930000,12835510000,5091580000,17964330000,1015979787.2,725661914.9,-1.1,13440.4,42.6,0.5,6900,-6000,-325090000,54300,"2023-02-20T10:35:00.000Z",1676889300000,54400,54100,54400,34.8,65.2,0,0.4,1,,1.9,12900,19800,335100,,1074470000,374690000,699780000,
18755.3,138400,7452260000,13242240000,5789980000,19069460000,1015979787.2,725661914.9,-1,13440.4,42.6,0.6,7500,-5400,-291670000,54200,"2023-02-20T10:40:00.000Z",1676889600000,54300,54100,54300,36.8,63.2,0,0.4,1,,1.7,12900,20400,355500,,1105130000,406730000,698400000,
18755.3,134900,7262940000,13708420000,6445480000,20191140000,1015979787.2,725661914.9,-0.7,13440.4,42.6,0.7,8600,-3500,-189320000,54100,"2023-02-20T10:45:00.000Z",1676889900000,54300,54100,54200,41.5,58.5,0,0.5,0.9,,1.4,12100,20700,376200,,1121680000,466180000,655500000,
18755.3,124800,6717490000,13708420000,6990930000,20736590000,1015979787.2,725661914.9,-1.9,13440.4,42.6,0,,-10100,-545450000,54000,"2023-02-20T10:50:00.000Z",1676890200000,54100,54000,54100,0,100,0,,0.8,,Infinity,10100,10100,386300,,545450000,,545450000,
18755.3,120800,6501620000,13789550000,7287930000,21114720000,1015979787.2,725661914.9,-0.7,13440.4,42.6,0.3,1500,-4000,-215870000,54000,"2023-02-20T10:55:00.000Z",1676890500000,54100,54000,54000,21.4,78.6,0,0.1,0.4,,3.7,5500,7000,393300,,378130000,81130000,297000000,
18755.3,115600,6221420000,13848950000,7627530000,21513720000,1015979787.2,725661914.9,-1,13440.4,42.6,0.2,1100,-5200,-280200000,53900,"2023-02-20T11:00:00.000Z",1676890800000,54000,53900,54000,14.9,85.1,0,0.1,0.5,,5.7,6300,7400,400700,,399000000,59400000,339600000,
18755.3,117700,6334620000,14053780000,7719160000,21810180000,1015979787.2,725661914.9,0.4,13440.4,42.6,2.2,3800,2100,113200000,53900,"2023-02-20T11:05:00.000Z",1676891100000,54000,53900,53900,69.1,30.9,0,0.2,0.1,,0.4,1700,5500,406200,,296460000,204830000,91630000,
18755.3,132800,7150850000,15177380000,8026530000,23241150000,1015979787.2,725661914.9,2.8,13440.4,42.6,3.6,20800,15100,816230000,54000,"2023-02-20T11:10:00.000Z",1676891400000,54100,53900,53900,78.5,21.5,0,1.1,0.4,,0.3,5700,26500,432700,,1430970000,1123600000,307370000,
18755.3,134100,7222040000,16227360000,9005320000,25269920000,1015979787.2,725661914.9,0.2,13440.4,42.6,1.1,19400,1300,71190000,54200,"2023-02-20T11:15:00.000Z",1676891700000,54200,54000,54000,51.7,48.3,0,1,1.3,,0.9,18100,37500,470200,,2028770000,1049980000,978790000,
18755.3,155500,8382670000,17739640000,9356970000,27133850000,1015979787.2,725661914.9,4,13440.4,42.6,4.3,27900,21400,1160630000,54300,"2023-02-20T11:20:00.000Z",1676892000000,54300,54100,54200,81.1,18.9,0,1.5,0.5,,0.2,6500,34400,504600,,1863930000,1512280000,351650000,
18755.3,151600,8171470000,17902240000,9730770000,27670250000,1015979787.2,725661914.9,-0.7,13440.4,42.6,0.4,3000,-3900,-211200000,54100,"2023-02-20T11:25:00.000Z",1676892300000,54200,54100,54200,30.3,69.7,0,0.2,0.5,,2.3,6900,9900,514500,,536400000,162600000,373800000,
18755.3,123700,6667190000,18404650000,11737460000,30179350000,1015979787.2,725661914.9,-5.2,13440.4,42.6,0.3,9300,-27900,-1504280000,53800,"2023-02-20T13:00:00.000Z",1676898000000,54100,53800,54100,20,80,0,0.5,2.8,,4,37200,46500,561000,,2509100000,502410000,2006690000,
18755.3,121800,6565270000,18888710000,12323440000,31249390000,1015979787.2,725661914.9,-0.4,13440.4,42.6,0.8,9000,-1900,-101920000,53700,"2023-02-20T13:05:00.000Z",1676898300000,53800,53700,53800,45.2,54.8,0,0.5,0.8,,1.2,10900,19900,580900,,1070040000,484060000,585980000,
18755.3,123700,6667670000,19189800000,12522130000,31749170000,1015979787.2,725661914.9,0.4,13440.4,42.6,1.5,5600,1900,102400000,53800,"2023-02-20T13:10:00.000Z",1676898600000,53800,53700,53700,60.2,39.8,0,0.3,0.3,,0.7,3700,9300,590200,,499780000,301090000,198690000,
18755.3,111900,6034700000,19281110000,13246410000,32564760000,1015979787.2,725661914.9,-2.2,13440.4,42.6,0.1,1700,-11800,-632970000,53600,"2023-02-20T13:15:00.000Z",1676898900000,53800,53600,53700,11.2,88.8,0,0.1,1,,7.9,13500,15200,605400,,815590000,91310000,724280000,
18755.3,120300,6486350000,19834870000,13348520000,33220630000,1015979787.2,725661914.9,1.6,13440.4,42.6,5.4,10300,8400,451650000,53800,"2023-02-20T13:20:00.000Z",1676899200000,53900,53600,53600,84.4,15.6,0,0.5,0.1,,0.2,1900,12200,617600,,655870000,553760000,102110000,
18755.3,103200,5567860000,20152880000,14585020000,34775140000,1015979787.2,725661914.9,-3.2,13440.4,42.6,0.3,5900,-17100,-918490000,53800,"2023-02-20T13:25:00.000Z",1676899500000,53900,53700,53900,20.4,79.6,0,0.3,1.7,,3.9,23000,28900,646500,,1554510000,318010000,1236500000,
18755.3,132300,7136280000,21898730000,14762450000,36698420000,1015979787.2,725661914.9,5.4,13440.4,42.6,9.8,32400,29100,1568420000,53900,"2023-02-20T13:30:00.000Z",1676899800000,53900,53700,53800,90.8,9.2,0,1.7,0.2,,0.1,3300,35700,682200,,1923280000,1745850000,177430000,
18755.3,136300,7352350000,22881570000,15529220000,38448030000,1015979787.2,725661914.9,0.7,13440.4,42.6,1.3,18200,4000,216070000,54000,"2023-02-20T13:35:00.000Z",1676900100000,54100,53900,53900,56.2,43.8,0,1,1.1,,0.8,14200,32400,714600,,1749610000,982840000,766770000,
18755.3,103100,5560730000,23686170000,18125440000,41848850000,1015979787.2,725661914.9,-6.2,13440.4,42.6,0.3,14900,-33200,-1791620000,54000,"2023-02-20T13:40:00.000Z",1676900400000,54000,53900,54000,23.7,76.3,0,0.8,3.6,,3.2,48100,63000,777600,,3400820000,804600000,2596220000,
18755.3,129800,7005150000,25740790000,18735640000,44513670000,1015979787.2,725661914.9,5,13440.4,42.6,3.4,38000,26700,1444420000,54100,"2023-02-20T13:45:00.000Z",1676900700000,54100,54000,54000,77.1,22.9,0,2,0.8,,0.3,11300,49300,826900,,2664820000,2054620000,610200000,
18755.3,148000,7991470000,27808080000,19816610000,47661930000,1015979787.2,725661914.9,3.4,13440.4,42.6,1.9,38200,18200,986320000,54100,"2023-02-20T13:50:00.000Z",1676901000000,54200,54000,54000,65.6,34.4,0,2,1.5,,0.5,20000,58200,885100,,3148260000,2067290000,1080970000,
18755.3,147700,7975620000,28773190000,20797570000,49608000000,1015979787.2,725661914.9,-0.1,13440.4,42.6,1,17800,-300,-15850000,54200,"2023-02-20T13:55:00.000Z",1676901300000,54300,54100,54100,49.6,50.4,0,0.9,1.3,,1,18100,35900,921000,,1946070000,965110000,980960000,
18755.3,167500,9049020000,31091730000,22042710000,53231190000,1015979787.2,725661914.9,3.7,13440.4,42.6,1.9,42800,19800,1073400000,54300,"2023-02-20T14:00:00.000Z",1676901600000,54300,54000,54200,64,34.4,1.6,2.3,1.7,25.8,0.5,23000,66900,987900,1100,3623190000,2318540000,1245140000,59510000
18755.3,183100,9895140000,32393310000,22498170000,54988230000,1015979787.2,725661914.9,2.9,13440.4,42.6,2.9,24000,15600,846120000,54300,"2023-02-20T14:05:00.000Z",1676901900000,54300,54100,54200,74.1,25.9,0,1.3,0.6,,0.4,8400,32400,1020300,,1757040000,1301580000,455460000,
18755.3,190500,10297490000,33158860000,22861370000,56116980000,1015979787.2,725661914.9,1.4,13440.4,42.6,2.1,14100,7400,402350000,54200,"2023-02-20T14:10:00.000Z",1676902200000,54300,54100,54100,67.8,32.2,0,0.8,0.5,,0.5,6700,20800,1041100,,1128750000,765550000,363200000,
18755.3,236000,12775500000,36157510000,23382010000,59647150000,1015979787.2,725661914.9,8.5,13440.4,42.6,5.7,55100,45500,2478010000,54500,"2023-02-20T14:15:00.000Z",1676902500000,54500,54200,54200,84.9,14.8,0.3,2.9,0.7,4.7,0.2,9600,64900,1106000,200,3530170000,2998650000,520640000,10880000
18755.3,331400,17995520000,42480320000,24484800000,67072750000,1015979787.2,725661914.9,18,13440.4,42.6,5.7,115600,95400,5220020000,54900,"2023-02-20T14:20:00.000Z",1676902800000,54900,54400,54400,85.1,14.9,0,6.2,1.5,,0.2,20200,135800,1241800,,7425600000,6322810000,1102790000,
18755.3,403000,21933300000,47751050000,25817750000,73676430000,1015979787.2,725661914.9,13.6,13440.4,42.6,3.9,95900,71600,3937780000,54900,"2023-02-20T14:25:00.000Z",1676903100000,55000,54800,54900,79.8,20.2,0,5.1,1.8,,0.3,24300,120200,1362000,,6603680000,5270730000,1332950000,
18755.3,402700,21916830000,47751050000,25834220000,73692900000,1015979787.2,725661914.9,-0.1,13440.4,42.6,0,,-300,-16470000,54900,"2023-02-20T14:30:00.000Z",1676903400000,54900,54900,54900,0,100,0,,0,,Infinity,300,300,1362300,,16470000,,16470000,
18755.3,249800,13644940000,47751050000,34106110000,81964790000,1015979787.2,725661914.9,-28.5,13440.4,42.6,0,,-152900,-8271890000,54100,"2023-02-20T14:45:00.000Z",1676904300000,54100,54100,54100,0,100,0,,11.4,,Infinity,152900,152900,1515200,,8271890000,,8271890000,
