"abu","acum_busd","acum_busd_val","acum_val_bu","acum_val_sd","acum_val","avg_val_bu","avg_val_sd","rbusd","asd","auk","bs","bu","bu-sd","bu-sd_val","c","date","datetime","h","l","o","pbu","psd","puk","rbu","rsd","ruk","sb","sd","sum_vol","total_vol","uk","val","val_bu","val_sd","val_uk"
10836.2,-2300,-63885000,69215000,133100000,202315000,249784391.5,98229595.7,-0.4,8527.7,40.4,0.5,2500,-2300,-63885000,27.5,"2023-01-19T09:15:00.000Z",1674119700000,27.8,27.5,27.75,34.2,65.8,0,0.2,0.6,,1.9,4800,7300,7300,,202315000,69215000,133100000,
10836.2,-1200,-33520000,135455000,168975000,304430000,249784391.5,98229595.7,0.2,8527.7,40.4,1.8,2400,1100,30365000,27.6,"2023-01-19T09:20:00.000Z",1674120000000,27.65,27.5,27.5,64.9,35.1,0,0.2,0.2,,0.5,1300,3700,11000,,102115000,66240000,35875000,
10836.2,-600,-16950000,165825000,182775000,348600000,249784391.5,98229595.7,0.1,8527.7,40.4,2.2,1100,600,16570000,27.6,"2023-01-19T09:25:00.000Z",1674120300000,27.7,27.6,27.7,68.8,31.3,0,0.1,0.1,,0.5,500,1600,12600,,44170000,30370000,13800000,
10836.2,5900,163550000,390585000,227035000,617620000,249784391.5,98229595.7,1.2,8527.7,40.4,5.1,8100,6500,180500000,27.8,"2023-01-19T09:30:00.000Z",1674120600000,27.8,27.6,27.6,83.5,16.5,0,0.7,0.2,,0.2,1600,9700,22300,,269020000,224760000,44260000,
10836.2,0,30000,398915000,398885000,800575000,249784391.5,98229595.7,-1.1,8527.7,40.4,0,300,-5900,-163520000,27.7,"2023-01-19T09:35:00.000Z",1674120900000,27.8,27.7,27.8,4.5,93.9,1.5,0,0.7,2.5,20.7,6200,6600,28900,100,182955000,8330000,171850000,2775000
10836.2,6000,167330000,594015000,426685000,1023475000,249784391.5,98229595.7,1.1,8527.7,40.4,7,7000,6000,167300000,27.8,"2023-01-19T09:40:00.000Z",1674121200000,27.9,27.8,27.8,87.5,12.5,0,0.6,0.1,,0.1,1000,8000,36900,,222900000,195100000,27800000,
10836.2,38600,388686600,915781600,527095000,1445651600,249784391.5,98229595.7,1.5,8527.7,40.4,10.1,36200,32600,221356600,27.9,"2023-01-19T09:45:00.000Z",1674121500000,28,27.85,27.85,91,9,0,3.3,0.4,,0.1,3600,39800,76700,,422176600,321766600,100410000,
10836.2,48600,400290400,955408200,555117800,1527326000,249784391.5,98229595.7,0.1,8527.7,40.4,3.8,13600,10000,11603800,28,"2023-01-19T09:50:00.000Z",1674121800000,28.1,27.95,27.95,76.8,20.3,2.8,1.3,0.4,12.4,0.3,3600,17700,94400,500,81674400,39626600,28022800,14025000
10836.2,39000,257619400,955635000,698015600,1670450600,249784391.5,98229595.7,-0.9,8527.7,40.4,0.5,8100,-9600,-142671000,28,"2023-01-19T09:55:00.000Z",1674122100000,28,27.95,28,31.4,68.6,0,0.7,2.1,,2.2,17700,25800,120200,,143124600,226800,142897800,
10836.2,44800,395194600,1113084600,717890000,1847774600,249784391.5,98229595.7,0.9,8527.7,40.4,1.4,18800,5800,137575200,28.05,"2023-01-19T10:00:00.000Z",1674122400000,28.05,27.9,27.9,59.1,40.9,0,1.7,1.5,,0.7,13000,31800,152000,,177324000,157449600,19874400,
10836.2,53000,625894600,1608359600,982465000,2607624600,249784391.5,98229595.7,1.5,8527.7,40.4,1.9,17600,8200,230700000,28.25,"2023-01-19T10:05:00.000Z",1674122700000,28.25,28.05,28.05,65.2,34.8,0,1.6,1.1,,0.5,9400,27000,179000,,759850000,495275000,264575000,
10836.2,45100,403824600,1707214600,1303390000,3027404600,249784391.5,98229595.7,-1.5,8527.7,40.4,0.3,3500,-7900,-222070000,28.15,"2023-01-19T10:10:00.000Z",1674123000000,28.25,28.15,28.25,23.5,76.5,0,0.3,1.3,,3.3,11400,14900,193900,,419780000,98855000,320925000,
10836.2,39600,249274600,1707214600,1457940000,3181954600,249784391.5,98229595.7,-1,8527.7,40.4,0,,-5500,-154550000,28.1,"2023-01-19T10:15:00.000Z",1674123300000,28.1,28.1,28.1,0,100,0,,0.6,,Infinity,5500,5500,199400,,154550000,,154550000,
10836.2,33300,72009600,1783299600,1711290000,3511389600,249784391.5,98229595.7,-1.2,8527.7,40.4,0.3,2700,-6300,-177265000,28.15,"2023-01-19T10:20:00.000Z",1674123600000,28.2,28.15,28.15,23.1,76.9,0,0.2,1.1,,3.3,9000,11700,211100,,329435000,76085000,253350000,
10836.2,13700,-169923400,1811449600,1981373000,3809622600,249784391.5,98229595.7,-1.6,8527.7,40.4,0,1000,-19600,-241933000,28,"2023-01-19T10:25:00.000Z",1674123900000,28.15,28,28.15,4.6,95.4,0,0.1,2.4,,20.6,20600,21600,232700,,298233000,28150000,270083000,
10836.2,11600,-155936200,1831119600,1987055800,3834975400,249784391.5,98229595.7,0.1,8527.7,40.4,0.3,700,-2100,13987200,28.1,"2023-01-19T10:30:00.000Z",1674124200000,28.1,28,28.05,20,80,0,0.1,0.3,,4,2800,3500,236200,,25352800,19670000,5682800,
10836.2,7700,-111175200,1892864600,2004039800,3913704400,249784391.5,98229595.7,0.3,8527.7,40.4,0.4,2200,-3900,44761000,28.05,"2023-01-19T10:35:00.000Z",1674124500000,28.1,28,28.05,26.5,73.5,0,0.2,0.7,,2.8,6100,8300,244500,,78729000,61745000,16984000,
10836.2,6700,-125214200,1920914600,2046128800,3983843400,249784391.5,98229595.7,-0.1,8527.7,40.4,0.5,1000,-1000,-14039000,28.05,"2023-01-19T10:40:00.000Z",1674124800000,28.05,28,28.05,33.3,66.7,0,0.1,0.2,,2,2000,3000,247500,,70139000,28050000,42089000,
10836.2,7700,-63537800,1982624600,2046162400,4045587000,249784391.5,98229595.7,0.4,8527.7,40.4,1.8,2200,1000,61676400,28.05,"2023-01-19T10:45:00.000Z",1674125100000,28.05,28,28,64.7,35.3,0,0.2,0.1,,0.5,1200,3400,250900,,61743600,61710000,33600,
10836.2,100,-58146200,1988234600,2046380800,4059830400,249784391.5,98229595.7,0,8527.7,40.4,0,200,-7600,5391600,28,"2023-01-19T10:50:00.000Z",1674125400000,28.05,28,28.05,2.4,94,3.6,0,0.9,7.4,39,7800,8300,259200,300,14243400,5610000,218400,8415000
10836.2,-3600,-30227800,2016284600,2046512400,4088012000,249784391.5,98229595.7,0.2,8527.7,40.4,0.2,1000,-3700,27918400,28,"2023-01-19T10:55:00.000Z",1674125700000,28.05,28,28,17.5,82.5,0,0.1,0.6,,4.7,4700,5700,264900,,28181600,28050000,131600,
10836.2,-13500,-13691800,2033114600,2046806400,4105136000,249784391.5,98229595.7,0.1,8527.7,40.4,0.1,600,-9900,16536000,28,"2023-01-19T11:00:00.000Z",1674126000000,28.05,28,28.05,5.4,94.6,0,0.1,1.2,,17.5,10500,11100,276000,,17124000,16830000,294000,
10836.2,-56200,-14887400,2033114600,2048002000,4106331600,249784391.5,98229595.7,0,8527.7,40.4,0,,-42700,-1195600,28,"2023-01-19T11:05:00.000Z",1674126300000,28,28,28,0,100,0,,5,,Infinity,42700,42700,318700,,1195600,,1195600,
10836.2,-69000,35193800,2083604600,2048410800,4157230400,249784391.5,98229595.7,0.3,8527.7,40.4,0.1,1800,-12800,50081200,28.05,"2023-01-19T11:10:00.000Z",1674126600000,28.05,28,28.05,11,89,0,0.2,1.7,,8.1,14600,16400,335100,,50898800,50490000,408800,
10836.2,-61400,284802400,2372519600,2087717200,4485451800,249784391.5,98229595.7,1.6,8527.7,40.4,3.8,10300,7600,249608600,28.05,"2023-01-19T11:15:00.000Z",1674126900000,28.05,28,28.05,79.2,20.8,0,1,0.3,,0.3,2700,13000,348100,,328221400,288915000,39306400,
10836.2,-60600,318451200,2448254600,2129803400,4603273000,249784391.5,98229595.7,0.2,8527.7,40.4,1.4,2700,800,33648800,28,"2023-01-19T11:20:00.000Z",1674127200000,28.05,28,28.05,58.7,41.3,0,0.2,0.2,,0.7,1900,4600,352700,,117821200,75735000,42086200,
10836.2,-67100,405137400,2535209600,2130072200,4690496800,249784391.5,98229595.7,0.6,8527.7,40.4,0.3,3100,-6500,86686200,28.05,"2023-01-19T11:25:00.000Z",1674127500000,28.05,28,28,24.4,75.6,0,0.3,1.1,,3.1,9600,12700,365400,,87223800,86955000,268800,
10836.2,-66200,430382400,2560454600,2130072200,4715741800,249784391.5,98229595.7,0.2,8527.7,40.4,Infinity,900,900,25245000,28.05,"2023-01-19T11:30:00.000Z",1674127800000,28.05,28.05,28.05,100,0,0,0.1,,,0,,900,366300,,25245000,25245000,,
10836.2,-92400,533395200,2667109600,2133714400,4826039000,249784391.5,98229595.7,0.7,8527.7,40.4,0.1,3800,-26200,103012800,28,"2023-01-19T13:00:00.000Z",1674133200000,28.1,28,28.05,11.2,88.8,0,0.4,3.5,,7.9,30000,33800,400100,,110297200,106655000,3642200,
10836.2,-77300,1131001600,3332209600,2201208000,5558632600,249784391.5,98229595.7,3.9,8527.7,40.4,2.8,23700,15100,597606400,28.1,"2023-01-19T13:05:00.000Z",1674133500000,28.1,28,28,73.4,26.6,0,2.2,1,,0.4,8600,32300,432400,,732593600,665100000,67493600,
10836.2,-88100,1049435400,3340624600,2291189200,5657028800,249784391.5,98229595.7,-0.5,8527.7,40.4,0,300,-10800,-81566200,28.05,"2023-01-19T13:10:00.000Z",1674133800000,28.05,28,28.05,2.6,97.4,0,0,1.3,,37,11100,11400,443800,,98396200,8415000,89981200,
10836.2,-137400,696217800,3394104400,2697886600,6117206000,249784391.5,98229595.7,-2.3,8527.7,40.4,0.1,8500,-49300,-353217600,27.95,"2023-01-19T13:15:00.000Z",1674134100000,28.05,27.95,28.05,12.8,87.2,0,0.8,6.8,,6.8,57800,66300,510100,,460177200,53479800,406697400,
10836.2,-112200,694231200,3422966400,2728735200,6176916600,249784391.5,98229595.7,0,8527.7,40.4,6.3,30000,25200,-1986600,28.05,"2023-01-19T13:20:00.000Z",1674134400000,28.05,27.95,28,86.2,13.8,0,2.8,0.6,,0.2,4800,34800,544900,,59710600,28862000,30848600,
10836.2,-114700,750205200,3479066400,2728861200,6233142600,249784391.5,98229595.7,0.4,8527.7,40.4,0.4,2000,-2500,55974000,28,"2023-01-19T13:25:00.000Z",1674134700000,28.05,28,28.05,30.8,69.2,0,0.2,0.5,,2.3,4500,6500,551400,,56226000,56100000,126000,
10836.2,-101700,1151283800,3880181400,2728897600,6634294000,249784391.5,98229595.7,2.6,8527.7,40.4,11,14300,13000,401078600,28,"2023-01-19T13:30:00.000Z",1674135000000,28.05,28,28,91.7,8.3,0,1.3,0.2,,0.1,1300,15600,567000,,401151400,401115000,36400,
10836.2,-89100,1513290400,4273051400,2759761000,7058027400,249784391.5,98229595.7,2.4,8527.7,40.4,10,14000,12600,362006600,28.05,"2023-01-19T13:35:00.000Z",1674135300000,28.1,28,28.05,90.9,9.1,0,1.3,0.2,,0.1,1400,15400,582400,,423733400,392870000,30863400,
10836.2,-78200,1819870400,4647031400,2827161000,7499407400,249784391.5,98229595.7,2,8527.7,40.4,5.5,13300,10900,306580000,28.15,"2023-01-19T13:40:00.000Z",1674135600000,28.15,28.05,28.1,84.7,15.3,0,1.2,0.3,,0.2,2400,15700,598100,,441380000,373980000,67400000,
10836.2,-81600,1724755400,4844081400,3119326000,7988622400,249784391.5,98229595.7,-0.6,8527.7,40.4,0.7,7000,-3400,-95115000,28.05,"2023-01-19T13:45:00.000Z",1674135900000,28.15,28.05,28.15,40.2,59.8,0,0.6,1.2,,1.5,10400,17400,615500,,489215000,197050000,292165000,
10836.2,-84300,1649070400,4872181400,3223111000,8120507400,249784391.5,98229595.7,-0.5,8527.7,40.4,0.3,1000,-2700,-75685000,28.05,"2023-01-19T13:50:00.000Z",1674136200000,28.1,28.05,28.05,21.3,78.7,0,0.1,0.4,,3.7,3700,4700,620200,,131885000,28100000,103785000,
10836.2,-83200,1680190400,5046436400,3366246000,8437897400,249784391.5,98229595.7,0.2,8527.7,40.4,1.2,6200,1100,31120000,28.05,"2023-01-19T13:55:00.000Z",1674136500000,28.15,28.05,28.05,54.9,45.1,0,0.6,0.6,,0.8,5100,11300,631500,,317390000,174255000,143135000,
10836.2,-81400,1730965400,5184271400,3453306000,8662792400,249784391.5,98229595.7,0.3,8527.7,40.4,1.6,4900,1800,50775000,28.15,"2023-01-19T14:00:00.000Z",1674136800000,28.15,28.05,28.15,61.3,38.8,0,0.5,0.4,,0.6,3100,8000,639500,,224895000,137835000,87060000,
10836.2,-82700,1694600400,5302456400,3607856000,8935527400,249784391.5,98229595.7,-0.2,8527.7,40.4,0.8,4200,-1300,-36365000,28.1,"2023-01-19T14:05:00.000Z",1674137100000,28.15,28.1,28.15,43.3,56.7,0,0.4,0.6,,1.3,5500,9700,649200,,272735000,118185000,154550000,
10836.2,-46400,2716590400,6324446400,3607856000,9957517400,249784391.5,98229595.7,6.7,8527.7,40.4,Infinity,36300,36300,1021990000,28.2,"2023-01-19T14:10:00.000Z",1674137400000,28.2,28.1,28.1,100,0,0,3.3,,,0,,36300,685500,,1021990000,1021990000,,
10836.2,48100,5396625400,9080836400,3684211000,12795922400,249784391.5,98229595.7,17.7,8527.7,40.4,36,97200,94500,2680035000,28.5,"2023-01-19T14:15:00.000Z",1674137700000,28.5,28.15,28.2,97.1,2.7,0.2,9,0.3,5,0,2700,100100,785600,200,2838405000,2756390000,76355000,5660000
10836.2,67800,5959780400,10333896400,4374116000,14738887400,249784391.5,98229595.7,3.7,8527.7,40.4,1.8,43800,19700,563155000,28.55,"2023-01-19T14:20:00.000Z",1674138000000,28.7,28.3,28.6,64.5,35.5,0,4,2.8,,0.6,24100,67900,853500,,1942965000,1253060000,689905000,
10836.2,88000,6537800400,11154591400,4616791000,15825097400,249784391.5,98229595.7,3.8,8527.7,40.4,3.4,28700,20200,578020000,28.55,"2023-01-19T14:25:00.000Z",1674138300000,28.6,28.5,28.55,75.5,22.4,2.1,2.6,1,19.8,0.3,8500,38000,891500,800,1086210000,820695000,242675000,22840000
10836.2,108500,7123075400,11739866400,4616791000,16410372400,249784391.5,98229595.7,3.9,8527.7,40.4,Infinity,20500,20500,585275000,28.55,"2023-01-19T14:45:00.000Z",1674139500000,28.55,28.55,28.55,100,0,0,1.9,,,0,,20500,912000,,585275000,585275000,,
