"abu","acum_busd","acum_busd_val","acum_val_bu","acum_val_sd","acum_val","avg_val_bu","avg_val_sd","rbusd","asd","auk","bs","bu","bu-sd","bu-sd_val","c","date","datetime","h","l","o","pbu","psd","puk","rbu","rsd","ruk","sb","sd","sum_vol","total_vol","uk","val","val_bu","val_sd","val_uk"
52382,-3400,1027652500,1165782500,138130000,1303912500,907278150,711509650,5.2,41406,9012,0.9,49300,-3400,1027652500,25.1,"2023-01-19T09:00:00.000Z",1674118800000,25.1,24.9,25,48.3,51.7,0,0.9,1.3,,1.1,52700,102000,102000,,1303912500,1165782500,138130000,
52382,18600,1028202500,1167025000,138822500,1305847500,907278150,711509650,0,41406,9012,1.8,49700,22000,550000,25,"2023-01-19T09:05:00.000Z",1674119100000,25,25,25,64.2,35.8,0,0.9,0.7,,0.6,27700,77400,179400,,1935000,1242500,692500,
52382,-15600,84585000,1192017500,1107432500,2299450000,907278150,711509650,-4.8,41406,9012,0.1,4700,-34200,-943617500,25,"2023-01-19T09:10:00.000Z",1674119400000,25,24.9,25,10.8,89.2,0,0.1,0.9,,8.3,38900,43600,223000,,993602500,24992500,968610000,
52382,21200,251020000,1361417500,1110397500,2471815000,907278150,711509650,0.9,41406,9012,2.9,55900,36800,166435000,25,"2023-01-19T09:15:00.000Z",1674119700000,25.1,24.9,25,74.5,25.5,0,1.1,0.5,,0.3,19100,75000,298000,,172365000,169400000,2965000,
52382,24100,574560000,1685620000,1111060000,2796680000,907278150,711509650,1.7,41406,9012,1.1,29400,2900,323540000,25.1,"2023-01-19T09:20:00.000Z",1674120000000,25.1,25,25.1,52.6,47.4,0,0.6,0.6,,0.9,26500,55900,353900,,324865000,324202500,662500,
52382,73800,804585000,1990847500,1186262500,3177110000,907278150,711509650,1.2,41406,9012,3.2,72800,49700,230025000,24.9,"2023-01-19T09:25:00.000Z",1674120300000,25.1,24.9,25.1,75.9,24.1,0,1.4,0.6,,0.3,23100,95900,449800,,380430000,305227500,75202500,
52382,73300,317022500,1991325000,1674302500,3665627500,907278150,711509650,-2.5,41406,9012,1,19100,-500,-487562500,25,"2023-01-19T09:30:00.000Z",1674120600000,25,24.9,25,49.4,50.6,0,0.4,0.5,,1,19600,38700,488500,,488517500,477500,488040000,
52382,102700,410535000,2085227500,1674692500,3759920000,907278150,711509650,0.5,41406,9012,2.9,45000,29400,93512500,25.1,"2023-01-19T09:35:00.000Z",1674120900000,25.1,25,25,74.3,25.7,0,0.9,0.4,,0.3,15600,60600,549100,,94292500,93902500,390000,
52382,260400,4373925000,6184697500,1810772500,7995470000,907278150,711509650,20.2,41406,9012,30.2,163100,157700,3963390000,25.2,"2023-01-19T09:40:00.000Z",1674121200000,25.2,25.1,25.1,96.8,3.2,0,3.1,0.1,,0,5400,168500,717600,,4235550000,4099470000,136080000,
52382,308000,5572765000,10158647500,4585882500,14744530000,907278150,711509650,6.1,41406,9012,1.4,158000,47600,1198840000,25.1,"2023-01-19T09:45:00.000Z",1674121500000,25.2,25.1,25.2,58.9,41.1,0,3,2.7,,0.7,110400,268400,986000,,6749060000,3973950000,2775110000,
52382,329300,6107565000,11657287500,5549722500,17207010000,907278150,711509650,2.7,41406,9012,1.6,59700,21300,534800000,25.2,"2023-01-19T09:50:00.000Z",1674121800000,25.2,25.1,25.1,60.9,39.1,0,1.1,0.9,,0.6,38400,98100,1084100,,2462480000,1498640000,963840000,
52382,431200,8679145000,15190197500,6511052500,21701250000,907278150,711509650,13.1,41406,9012,3.7,140200,101900,2571580000,25.3,"2023-01-19T09:55:00.000Z",1674122100000,25.3,25.1,25.1,78.5,21.5,0,2.7,0.9,,0.3,38300,178500,1262600,,4494240000,3532910000,961330000,
52382,554900,11808865000,18347637500,6538772500,24886410000,907278150,711509650,16,41406,9012,113.5,124800,123700,3129720000,25.3,"2023-01-19T10:00:00.000Z",1674122400000,25.3,25.2,25.3,99.1,0.9,0,2.4,0,,0,1100,125900,1388500,,3185160000,3157440000,27720000,
52382,567600,12129395000,18882317500,6752922500,25635240000,907278150,711509650,1.6,41406,9012,2.5,21200,12700,320530000,25.2,"2023-01-19T10:05:00.000Z",1674122700000,25.3,25.1,25.3,71.4,28.6,0,0.4,0.2,,0.4,8500,29700,1418200,,748830000,534680000,214150000,
52382,526400,11110990000,19487897500,8376907500,27864805000,907278150,711509650,-5.2,41406,9012,0.4,24100,-41200,-1018405000,25.2,"2023-01-19T10:10:00.000Z",1674123000000,25.2,25,25.1,27,73,0,0.5,1.6,,2.7,65300,89400,1507600,,2229565000,605580000,1623985000,
52382,536000,11353400000,19853297500,8499897500,28353195000,907278150,711509650,1.2,41406,9012,3,14500,9600,242410000,25.1,"2023-01-19T10:15:00.000Z",1674123300000,25.2,25.1,25.2,74.7,25.3,0,0.3,0.1,,0.3,4900,19400,1527000,,488390000,365400000,122990000,
52382,512800,10771800000,20079917500,9308117500,29388035000,907278150,711509650,-3,41406,9012,0.3,9000,-23200,-581600000,25.1,"2023-01-19T10:20:00.000Z",1674123600000,25.2,25.1,25.2,21.8,78.2,0,0.2,0.8,,3.6,32200,41200,1568200,,1034840000,226620000,808220000,
52382,487100,10127420000,20253797500,10126377500,30380175000,907278150,711509650,-3.3,41406,9012,0.2,6900,-25700,-644380000,25.1,"2023-01-19T10:25:00.000Z",1674123900000,25.2,25.1,25.2,17.5,82.5,0,0.1,0.8,,4.7,32600,39500,1607700,,992140000,173880000,818260000,
52382,428600,11961447500,22091117500,10129670000,32220787500,907278150,711509650,9.4,41406,9012,0.6,73200,-58500,1834027500,25.1,"2023-01-19T10:30:00.000Z",1674124200000,25.1,25,25.1,35.7,64.3,0,1.4,3.2,,1.8,131700,204900,1812600,,1840612500,1837320000,3292500,
52382,382800,12033020000,22163907500,10130887500,32294795000,907278150,711509650,0.4,41406,9012,0.1,2900,-45800,71572500,25,"2023-01-19T10:35:00.000Z",1674124500000,25.1,25,25,5.6,94.4,0,0.1,1.2,,16.8,48700,51600,1864200,,74007500,72790000,1217500,
52382,402600,12259390000,22415407500,10156017500,32571425000,907278150,711509650,1.2,41406,9012,2.9,30000,19800,226370000,25,"2023-01-19T10:40:00.000Z",1674124800000,25.1,24.9,25,74.6,25.4,0,0.6,0.2,,0.3,10200,40200,1904400,,276630000,251500000,25130000,
52382,311500,9727325000,22644752500,12917427500,35562180000,907278150,711509650,-12.9,41406,9012,0.2,19800,-91100,-2532065000,25,"2023-01-19T10:45:00.000Z",1674125100000,25,24.9,25,15.1,84.9,0,0.4,2.7,,5.6,110900,130700,2035100,,2990755000,229345000,2761410000,
52382,295800,9129932500,22644960000,13515027500,36159987500,907278150,711509650,-3.1,41406,9012,0.3,8300,-15700,-597392500,25,"2023-01-19T10:50:00.000Z",1674125400000,25,24.9,25,25.7,74.3,0,0.2,0.6,,2.9,24000,32300,2067400,,597807500,207500,597600000,
52382,258400,7765847500,22802265000,15036417500,37838682500,907278150,711509650,-7,41406,9012,0.4,23700,-37400,-1364085000,24.9,"2023-01-19T10:55:00.000Z",1674125700000,25,24.9,25,27.9,72.1,0,0.5,1.5,,2.6,61100,84800,2152200,,1678695000,157305000,1521390000,
52382,251500,7494597500,23066305000,15571707500,38638012500,907278150,711509650,-1.4,41406,9012,0.7,14600,-6900,-271250000,24.9,"2023-01-19T11:00:00.000Z",1674126000000,25,24.8,24.9,40.4,59.6,0,0.3,0.5,,1.5,21500,36100,2188300,,799330000,264040000,535290000,
52382,246000,6482047500,23390885000,16908837500,40299722500,907278150,711509650,-5.2,41406,9012,0.9,48200,-5500,-1012550000,25,"2023-01-19T11:05:00.000Z",1674126300000,25,24.9,24.9,47.3,52.7,0,0.9,1.3,,1.1,53700,101900,2290200,,1661710000,324580000,1337130000,
52382,242600,6383472500,24274850000,17891377500,42166227500,907278150,711509650,-0.5,41406,9012,0.9,36100,-3400,-98575000,24.8,"2023-01-19T11:10:00.000Z",1674126600000,25,24.8,24.9,47.8,52.2,0,0.7,1,,1.1,39500,75600,2365800,,1866505000,883965000,982540000,
52382,229000,6048132500,24757910000,18709777500,43467687500,907278150,711509650,-1.7,41406,9012,0.6,19400,-13600,-335340000,24.9,"2023-01-19T11:15:00.000Z",1674126900000,24.9,24.8,24.9,37,63,0,0.4,0.8,,1.7,33000,52400,2418200,,1301460000,483060000,818400000,
52382,272000,7118932500,25853510000,18734577500,44588087500,907278150,711509650,5.5,41406,9012,44,44000,43000,1070800000,24.9,"2023-01-19T11:20:00.000Z",1674127200000,24.9,24.8,24.9,97.8,2.2,0,0.8,0,,0,1000,45000,2463200,,1120400000,1095600000,24800000,
52382,257900,6770892500,26261870000,19490977500,45752847500,907278150,711509650,-1.8,41406,9012,0.5,16400,-14100,-348040000,24.9,"2023-01-19T11:25:00.000Z",1674127500000,24.9,24.8,24.9,35,65,0,0.3,0.7,,1.9,30500,46900,2510100,,1164760000,408360000,756400000,
52382,314600,8184732500,28174190000,19989457500,48163647500,907278150,711509650,7.2,41406,9012,3.8,76800,56700,1413840000,24.8,"2023-01-19T13:00:00.000Z",1674133200000,24.9,24.8,24.9,79.3,20.7,0,1.5,0.5,,0.3,20100,96900,2607000,,2410800000,1912320000,498480000,
52382,326400,8479602500,28729460000,20249857500,48979317500,907278150,711509650,1.5,41406,9012,2.1,22300,11800,294870000,24.9,"2023-01-19T13:05:00.000Z",1674133500000,24.9,24.8,24.8,68,32,0,0.4,0.3,,0.5,10500,32800,2639800,,815670000,555270000,260400000,
52382,352600,9049905000,31416252500,22366347500,53782600000,907278150,711509650,2.9,41406,9012,1.3,111200,26200,570302500,25,"2023-01-19T13:10:00.000Z",1674133800000,25,24.8,24.9,56.7,43.3,0,2.1,2.1,,0.8,85000,196200,2836000,,4803282500,2686792500,2116490000,
52382,434900,10875300000,33630087500,22754787500,56384875000,907278150,711509650,9.3,41406,9012,6.3,97900,82300,1825395000,25,"2023-01-19T13:15:00.000Z",1674134100000,25,24.9,25,86.3,13.7,0,1.9,0.4,,0.2,15600,113500,2949500,,2602275000,2213835000,388440000,
52382,473200,11759320000,34867687500,23108367500,57976055000,907278150,711509650,4.5,41406,9012,3.7,52500,38300,884020000,24.9,"2023-01-19T13:20:00.000Z",1674134400000,25,24.9,24.9,78.7,21.3,0,1,0.3,,0.3,14200,66700,3016200,,1591180000,1237600000,353580000,
52382,489200,12158050000,35400547500,23242497500,58643045000,907278150,711509650,2,41406,9012,4,21400,16000,398730000,24.8,"2023-01-19T13:25:00.000Z",1674134700000,24.9,24.8,24.9,79.9,20.1,0,0.4,0.1,,0.3,5400,26800,3043000,,666990000,532860000,134130000,
52382,548400,13632620000,36996637500,23364017500,60360655000,907278150,711509650,7.5,41406,9012,13.1,64100,59200,1474570000,24.9,"2023-01-19T13:30:00.000Z",1674135000000,24.9,24.8,24.9,92.9,7.1,0,1.2,0.1,,0.1,4900,69000,3112000,,1717610000,1596090000,121520000,
52382,553700,13249677500,37004625000,23754947500,60759572500,907278150,711509650,-2,41406,9012,1.3,21000,5300,-382942500,25,"2023-01-19T13:35:00.000Z",1674135300000,25,24.9,24.9,57.2,42.8,0,0.4,0.4,,0.7,15700,36700,3148700,,398917500,7987500,390930000,
52382,576800,13190555000,37005262500,23814707500,60819970000,907278150,711509650,-0.3,41406,9012,10.6,25500,23100,-59122500,25,"2023-01-19T13:40:00.000Z",1674135600000,25,24.9,25,91.4,8.6,0,0.5,0.1,,0.1,2400,27900,3176600,,60397500,637500,59760000,
52382,380900,7685795000,37127902500,29442107500,66570010000,907278150,711509650,-28.1,41406,9012,0.1,30100,-195900,-5504760000,24.9,"2023-01-19T13:45:00.000Z",1674135900000,25,24.9,25,11.8,88.2,0,0.6,5.5,,7.5,226000,256100,3432700,,5750040000,122640000,5627400000,
52382,415500,8549395000,38502382500,29952987500,68455370000,907278150,711509650,4.4,41406,9012,2.7,55200,34600,863600000,24.8,"2023-01-19T13:50:00.000Z",1674136200000,24.9,24.8,24.9,72.8,27.2,0,1.1,0.5,,0.4,20600,75800,3508500,,1885360000,1374480000,510880000,
52382,451100,9436275000,39498382500,30062107500,69560490000,907278150,711509650,4.5,41406,9012,9.1,40000,35600,886880000,24.9,"2023-01-19T13:55:00.000Z",1674136500000,24.9,24.8,24.9,90.1,9.9,0,0.8,0.1,,0.1,4400,44400,3552900,,1105120000,996000000,109120000,
52382,707600,11768560000,41833172500,30064612500,71897785000,907278150,711509650,11.9,41406,9012,367.4,257200,256500,2332285000,25.1,"2023-01-19T14:00:00.000Z",1674136800000,25.1,24.9,24.9,99.7,0.3,0,4.9,0,,0,700,257900,3810800,,2337295000,2334790000,2505000,
52382,713900,12029497500,42095890000,30066392500,72162282500,907278150,711509650,1.3,41406,9012,1.1,77500,6300,260937500,25,"2023-01-19T14:05:00.000Z",1674137100000,25.1,25,25.1,52.1,47.9,0,1.5,1.7,,0.9,71200,148700,3959500,,264497500,262717500,1780000,
52382,759600,13054962500,44755325000,31700362500,76455687500,907278150,711509650,5.2,41406,9012,1.7,111400,45700,1025465000,25,"2023-01-19T14:10:00.000Z",1674137400000,25,24.8,25,62.9,37.1,0,2.1,1.6,,0.6,65700,177100,4136600,,4293405000,2659435000,1633970000,
52382,749500,12963452500,44854482500,31891030000,76745512500,907278150,711509650,-0.5,41406,9012,0.8,54600,-10100,-91510000,25.1,"2023-01-19T14:15:00.000Z",1674137700000,25.1,24.9,25,45.8,54.2,0,1,1.6,,1.2,64700,119300,4255900,,289825000,99157500,190667500,
52382,646700,13467397500,45361502500,31894105000,77255607500,907278150,711509650,2.6,41406,9012,0.2,20200,-102800,503945000,25,"2023-01-19T14:20:00.000Z",1674138000000,25.1,25,25.1,14.1,85.9,0,0.4,3,,6.1,123000,143200,4399100,,510095000,507020000,3075000,
52382,549200,9788435000,45363905000,35575470000,80939375000,907278150,711509650,-18.8,41406,9012,0.5,96100,-97500,-3678962500,25,"2023-01-19T14:25:00.000Z",1674138300000,25,24.9,25,33.2,66.8,0,1.8,4.7,,2,193600,289700,4688800,,3683767500,2402500,3681365000,
52382,549200,9788435000,45363905000,35575470000,80950640000,907278150,711509650,0,41406,9012,NaN,,0,0,25,"2023-01-19T14:45:00.000Z",1674139500000,25,25,25,0,0,100,,,50,NaN,,450600,5139400,450600,11265000,,,11265000
52382,548800,9788425000,45363907500,35575482500,80950655000,907278150,711509650,0,41406,9012,0.2,100,-400,-10000,25,"2023-01-19T14:50:00.000Z",1674139800000,25,25,25,16.7,83.3,0,0,0,,5,500,600,5140000,,15000,2500,12500,
