"abu","acum_busd","acum_busd_val","acum_val_bu","acum_val_sd","acum_val","avg_val_bu","avg_val_sd","rbusd","asd","auk","bs","bu","bu-sd","bu-sd_val","c","date","datetime","h","l","o","pbu","psd","puk","rbu","rsd","ruk","sb","sd","sum_vol","total_vol","uk","val","val_bu","val_sd","val_uk"
54608.7,-9600,-70423000,293570000,363993000,657563000,410514282.6,302588717.4,-0.7,40310.9,489.1,0.8,39100,-9600,-70423000,7.44,"2023-01-19T09:15:00.000Z",1674119700000,7.53,7.4,7.53,44.5,55.5,0,0.7,1.2,,1.2,48700,87800,87800,,657563000,293570000,363993000,
54608.7,52000,391230000,824680000,433450000,1258130000,410514282.6,302588717.4,4.3,40310.9,489.1,7.6,70900,61600,461653000,7.5,"2023-01-19T09:20:00.000Z",1674120000000,7.5,7.44,7.44,88.4,11.6,0,1.3,0.2,,0.1,9300,80200,168000,,600567000,531110000,69457000,
54608.7,51000,383829000,1005479000,621650000,1627129000,410514282.6,302588717.4,-0.1,40310.9,489.1,1,24100,-1000,-7401000,7.51,"2023-01-19T09:25:00.000Z",1674120300000,7.51,7.49,7.5,49,51,0,0.4,0.6,,1,25100,49200,217200,,368999000,180799000,188200000,
54608.7,55100,414646000,1141273000,726627000,1867900000,410514282.6,302588717.4,0.3,40310.9,489.1,1.3,18100,4100,30817000,7.5,"2023-01-19T09:30:00.000Z",1674120600000,7.51,7.49,7.5,56.4,43.6,0,0.3,0.3,,0.8,14000,32100,249300,,240771000,135794000,104977000,
54608.7,67500,507785000,1262225000,754440000,2016665000,410514282.6,302588717.4,0.9,40310.9,489.1,4.4,16100,12400,93139000,7.52,"2023-01-19T09:35:00.000Z",1674120900000,7.53,7.5,7.5,81.3,18.7,0,0.3,0.1,,0.2,3700,19800,269100,,148765000,120952000,27813000,
54608.7,89600,675008000,1512467000,837459000,2349926000,410514282.6,302588717.4,1.5,40310.9,489.1,3,33100,22100,167223000,7.58,"2023-01-19T09:40:00.000Z",1674121200000,7.59,7.51,7.52,75.1,24.9,0,0.6,0.3,,0.3,11000,44100,313200,,333261000,250242000,83019000,
54608.7,112400,847680000,1778933000,931253000,2710186000,410514282.6,302588717.4,1.6,40310.9,489.1,2.8,35200,22800,172672000,7.57,"2023-01-19T09:45:00.000Z",1674121500000,7.58,7.55,7.57,73.9,26.1,0,0.6,0.3,,0.4,12400,47600,360800,,360260000,266466000,93794000,
54608.7,82700,624048000,1914239000,1290191000,3204430000,410514282.6,302588717.4,-2.1,40310.9,489.1,0.4,17900,-29700,-223632000,7.51,"2023-01-19T09:50:00.000Z",1674121800000,7.58,7.51,7.58,27.3,72.7,0,0.3,1.2,,2.7,47600,65500,426300,,494244000,135306000,358938000,
54608.7,183200,1383683000,2906213000,1522530000,4429495000,410514282.6,302588717.4,7,40310.9,489.1,4.3,131200,100500,759635000,7.58,"2023-01-19T09:55:00.000Z",1674122100000,7.58,7.51,7.51,81,19,0.1,2.4,0.8,0.2,0.2,30700,162000,588300,100,1225065000,991974000,232339000,752000
54608.7,199500,1507473000,3170257000,1662784000,4833793000,410514282.6,302588717.4,1.1,40310.9,489.1,1.9,34900,16300,123790000,7.56,"2023-01-19T10:00:00.000Z",1674122400000,7.58,7.54,7.58,65.2,34.8,0,0.6,0.5,,0.5,18600,53500,641800,,404298000,264044000,140254000,
54608.7,198100,1497057000,3345572000,1848515000,5194839000,410514282.6,302588717.4,-0.1,40310.9,489.1,0.9,23200,-1400,-10416000,7.56,"2023-01-19T10:05:00.000Z",1674122700000,7.57,7.55,7.56,48.5,51.5,0,0.4,0.6,,1.1,24600,47800,689600,,361046000,175315000,185731000,
54608.7,211000,1594958000,3652731000,2057773000,5711256000,410514282.6,302588717.4,0.9,40310.9,489.1,1.5,40600,12900,97901000,7.57,"2023-01-19T10:10:00.000Z",1674123000000,7.58,7.55,7.55,59.4,40.6,0,0.7,0.7,,0.7,27700,68300,757900,,516417000,307159000,209258000,
54608.7,246800,1866315000,3972546000,2106231000,6079529000,410514282.6,302588717.4,2.5,40310.9,489.1,6.6,42200,35800,271357000,7.58,"2023-01-19T10:15:00.000Z",1674123300000,7.58,7.57,7.57,86.8,13.2,0,0.8,0.2,,0.2,6400,48600,806500,,368273000,319815000,48458000,
54608.7,246400,1863507000,4228974000,2365467000,6595193000,410514282.6,302588717.4,0,40310.9,489.1,1,33800,-400,-2808000,7.58,"2023-01-19T10:20:00.000Z",1674123600000,7.59,7.58,7.59,49.7,50.3,0,0.6,0.8,,1,34200,68000,874500,,515664000,256428000,259236000,
54608.7,253100,1914377000,4440298000,2525921000,6966971000,410514282.6,302588717.4,0.5,40310.9,489.1,1.3,27900,6700,50870000,7.57,"2023-01-19T10:25:00.000Z",1674123900000,7.58,7.56,7.58,56.8,43.2,0,0.5,0.5,,0.8,21200,49100,923600,,371778000,211324000,160454000,
54608.7,257000,1944028000,4726992000,2782964000,7510708000,410514282.6,302588717.4,0.3,40310.9,489.1,1.1,37900,3900,29651000,7.56,"2023-01-19T10:30:00.000Z",1674124200000,7.57,7.56,7.57,52.7,47.3,0,0.7,0.8,,0.9,34000,71900,995500,,543737000,286694000,257043000,
54608.7,237800,1798969000,4868457000,3069488000,7938697000,410514282.6,302588717.4,-1.3,40310.9,489.1,0.5,18700,-19200,-145059000,7.57,"2023-01-19T10:35:00.000Z",1674124500000,7.57,7.56,7.57,33,67,0,0.3,0.9,,2,37900,56600,1052100,,427989000,141465000,286524000,
54608.7,253400,1917111000,4989623000,3072512000,8062887000,410514282.6,302588717.4,1.1,40310.9,489.1,40,16000,15600,118142000,7.58,"2023-01-19T10:40:00.000Z",1674124800000,7.58,7.56,7.57,97.6,2.4,0,0.3,0,,0,400,16400,1068500,,124190000,121166000,3024000,
54608.7,282900,2140743000,5326892000,3186149000,8513793000,410514282.6,302588717.4,2.1,40310.9,489.1,3,44500,29500,223632000,7.57,"2023-01-19T10:45:00.000Z",1674125100000,7.59,7.56,7.58,74.8,25.2,0,0.8,0.4,,0.3,15000,59500,1128000,,450906000,337269000,113637000,
54608.7,187100,1418035000,5510624000,4092589000,9603965000,410514282.6,302588717.4,-6.7,40310.9,489.1,0.2,24400,-95800,-722708000,7.52,"2023-01-19T10:50:00.000Z",1674125400000,7.57,7.52,7.57,16.9,83.1,0,0.4,3,,4.9,120200,144600,1272600,,1090172000,183732000,906440000,
54608.7,198500,1503901000,5641697000,4137796000,9780245000,410514282.6,302588717.4,0.8,40310.9,489.1,2.9,17400,11400,85866000,7.54,"2023-01-19T10:55:00.000Z",1674125700000,7.54,7.52,7.52,74.4,25.6,0,0.3,0.1,,0.3,6000,23400,1296000,,176280000,131073000,45207000,
54608.7,180800,1370889000,5721573000,4350684000,10073009000,410514282.6,302588717.4,-1.2,40310.9,489.1,0.4,10600,-17700,-133012000,7.52,"2023-01-19T11:00:00.000Z",1674126000000,7.54,7.52,7.54,27.2,72.8,0,0.2,0.7,,2.7,28300,38900,1334900,,292764000,79876000,212888000,
54608.7,13100,113868000,5888032000,5774164000,11662948000,410514282.6,302588717.4,-11.6,40310.9,489.1,0.1,22200,-167700,-1257021000,7.49,"2023-01-19T11:05:00.000Z",1674126300000,7.53,7.48,7.52,10.5,89.5,0,0.4,4.7,,8.6,189900,212100,1547000,,1589939000,166459000,1423480000,
54608.7,18400,153598000,6057697000,5904099000,11962548000,410514282.6,302588717.4,0.4,40310.9,489.1,1.3,22700,5300,39730000,7.49,"2023-01-19T11:10:00.000Z",1674126600000,7.49,7.46,7.49,56.6,43.4,0,0.4,0.4,,0.8,17400,40100,1587100,,299600000,169665000,129935000,
54608.7,136100,1035851000,6956430000,5920579000,12877761000,410514282.6,302588717.4,8.2,40310.9,489.1,54.5,119900,117700,882253000,7.5,"2023-01-19T11:15:00.000Z",1674126900000,7.5,7.48,7.49,98.2,1.8,0,2.2,0.1,,0,2200,122100,1709200,,915213000,898733000,16480000,
54608.7,138200,1051629000,7008930000,5957301000,12966983000,410514282.6,302588717.4,0.1,40310.9,489.1,1.4,7000,2100,15778000,7.5,"2023-01-19T11:20:00.000Z",1674127200000,7.5,7.49,7.5,58.8,41.2,0,0.1,0.1,,0.7,4900,11900,1721100,,89222000,52500000,36722000,
54608.7,144500,1098862000,7131063000,6032201000,13164016000,410514282.6,302588717.4,0.4,40310.9,489.1,1.6,16300,6300,47233000,7.49,"2023-01-19T11:25:00.000Z",1674127500000,7.5,7.49,7.5,62,38,0,0.3,0.2,,0.6,10000,26300,1747400,,197033000,122133000,74900000,
54608.7,124900,955346000,7721946000,6766600000,14605178000,410514282.6,302588717.4,-1.3,40310.9,489.1,0.8,79400,-19600,-143516000,7.41,"2023-01-19T13:00:00.000Z",1674133200000,7.49,7.4,7.46,40.9,51.1,8,1.5,2.5,31.7,1.2,99000,193900,1941300,15500,1441162000,590883000,734399000,115880000
54608.7,257500,1945911000,9138821000,7192910000,16448363000,410514282.6,302588717.4,9.2,40310.9,489.1,3.3,189600,132600,990565000,7.46,"2023-01-19T13:05:00.000Z",1674133500000,7.5,7.42,7.42,76.9,23.1,0,3.5,1.4,,0.3,57000,246600,2187900,,1843185000,1416875000,426310000,
54608.7,265600,2006629000,9428982000,7422353000,16967967000,410514282.6,302588717.4,0.6,40310.9,489.1,1.3,38800,8100,60718000,7.49,"2023-01-19T13:10:00.000Z",1674133800000,7.49,7.46,7.46,55.8,44.2,0,0.7,0.8,,0.8,30700,69500,2257400,,519604000,290161000,229443000,
54608.7,298500,2253286000,9783490000,7530204000,17430326000,410514282.6,302588717.4,2.3,40310.9,489.1,3.3,47300,32900,246657000,7.5,"2023-01-19T13:15:00.000Z",1674134100000,7.5,7.48,7.49,76.7,23.3,0,0.9,0.4,,0.3,14400,61700,2319100,,462359000,354508000,107851000,
54608.7,277100,2094091000,10160466000,8066375000,18343473000,410514282.6,302588717.4,-1.5,40310.9,489.1,0.7,50300,-21400,-159195000,7.49,"2023-01-19T13:20:00.000Z",1674134400000,7.5,7.47,7.5,41.2,58.8,0,0.9,1.8,,1.4,71700,122000,2441100,,913147000,376976000,536171000,
54608.7,283800,2144551000,10385475000,8240924000,18743031000,410514282.6,302588717.4,0.5,40310.9,489.1,1.3,30000,6700,50460000,7.5,"2023-01-19T13:25:00.000Z",1674134700000,7.51,7.48,7.49,56.3,43.7,0,0.5,0.6,,0.8,23300,53300,2494400,,399558000,225009000,174549000,
54608.7,355900,2685995000,10993757000,8307762000,19432401000,410514282.6,302588717.4,5,40310.9,489.1,9.1,81000,72100,541444000,7.53,"2023-01-19T13:30:00.000Z",1674135000000,7.53,7.5,7.5,88.2,9.7,2.1,1.5,0.2,3.9,0.1,8900,91800,2586200,1900,689370000,608282000,66838000,14250000
54608.7,382800,2889146000,11495100000,8605954000,20259188000,410514282.6,302588717.4,1.9,40310.9,489.1,1.7,66400,26900,203151000,7.53,"2023-01-19T13:35:00.000Z",1674135300000,7.58,7.5,7.54,60.6,36.1,3.3,1.2,1,7.4,0.6,39500,109500,2695700,3600,826787000,501343000,298192000,27252000
54608.7,321400,2429736000,12044046000,9614310000,21816490000,410514282.6,302588717.4,-4.3,40310.9,489.1,0.5,73000,-61400,-459410000,7.52,"2023-01-19T13:40:00.000Z",1674135600000,7.53,7.5,7.53,35.2,64.8,0,1.3,3.3,,1.8,134400,207400,2903100,,1557302000,548946000,1008356000,
54608.7,210600,1598682000,12082363000,10483681000,22724178000,410514282.6,302588717.4,-7.7,40310.9,489.1,0,5100,-110800,-831054000,7.5,"2023-01-19T13:45:00.000Z",1674135900000,7.53,7.49,7.52,4.2,95.8,0,0.1,2.9,,22.7,115900,121000,3024100,,907688000,38317000,869371000,
54608.7,194100,1475766000,12295354000,10819588000,23276821000,410514282.6,302588717.4,-1.1,40310.9,489.1,0.6,28400,-16500,-122916000,7.48,"2023-01-19T13:50:00.000Z",1674136200000,7.5,7.48,7.5,38.5,60.8,0.7,0.5,1.1,1,1.6,44900,73800,3097900,500,552643000,212991000,335907000,3745000
54608.7,261500,1981004000,13099414000,11118410000,24379703000,410514282.6,302588717.4,4.7,40310.9,489.1,2.7,107300,67400,505238000,7.5,"2023-01-19T13:55:00.000Z",1674136500000,7.5,7.48,7.49,72.9,27.1,0,2,1,,0.4,39900,147200,3245100,,1102882000,804060000,298822000,
54608.7,344600,2605434000,14120796000,11515362000,25798037000,410514282.6,302588717.4,5.8,40310.9,489.1,2.6,136000,83100,624430000,7.52,"2023-01-19T14:00:00.000Z",1674136800000,7.52,7.5,7.51,72,28,0,2.5,1.3,,0.4,52900,188900,3434000,,1418334000,1021382000,396952000,
54608.7,274700,2081874000,14591050000,12509176000,27262105000,410514282.6,302588717.4,-4.9,40310.9,489.1,0.5,62600,-69900,-523560000,7.5,"2023-01-19T14:05:00.000Z",1674137100000,7.53,7.48,7.52,32.1,67.9,0,1.1,3.3,,2.1,132500,195100,3629100,,1464068000,470254000,993814000,
54608.7,281400,2132220000,14801692000,12669472000,27633043000,410514282.6,302588717.4,0.5,40310.9,489.1,1.3,28100,6700,50346000,7.5,"2023-01-19T14:10:00.000Z",1674137400000,7.51,7.48,7.5,56.8,43.2,0,0.5,0.5,,0.8,21400,49500,3678600,,370938000,210642000,160296000,
54608.7,332300,2515599000,15227954000,12712355000,28102188000,410514282.6,302588717.4,3.6,40310.9,489.1,9.9,56600,50900,383379000,7.54,"2023-01-19T14:15:00.000Z",1674137700000,7.54,7.5,7.5,90.9,9.1,0,1,0.1,,0.1,5700,62300,3740900,,469145000,426262000,42883000,
54608.7,325200,2462586000,15569219000,13106633000,28844490000,410514282.6,302588717.4,-0.5,40310.9,489.1,0.9,45300,-7100,-53013000,7.51,"2023-01-19T14:20:00.000Z",1674138000000,7.55,7.51,7.54,45.9,53.1,0.9,0.8,1.3,1.8,1.2,52400,98600,3839500,900,742302000,341265000,394278000,6759000
54608.7,277400,2104720000,16023801000,13919081000,30111520000,410514282.6,302588717.4,-3.3,40310.9,489.1,0.6,60600,-47800,-357866000,7.49,"2023-01-19T14:25:00.000Z",1674138300000,7.52,7.49,7.51,35.9,64.1,0,1.1,2.7,,1.8,108400,169000,4008500,,1267030000,454582000,812448000,
54608.7,657700,4964576000,18883657000,13919081000,32971376000,410514282.6,302588717.4,26.5,40310.9,489.1,Infinity,380300,380300,2859856000,7.52,"2023-01-19T14:45:00.000Z",1674139500000,7.52,7.52,7.52,100,0,0,7,,,0,,380300,4388800,,2859856000,2859856000,,
