"abu","acum_busd","acum_busd_val","acum_val_bu","acum_val_sd","acum_val","avg_val_bu","avg_val_sd","rbusd","asd","auk","bs","bu","bu-sd","bu-sd_val","c","date","datetime","h","l","o","pbu","psd","puk","rbu","rsd","ruk","sb","sd","sum_vol","total_vol","uk","val","val_bu","val_sd","val_uk"
693.9,0,0,0,0,12120000,3061424.2,9212121.2,0,993.9,133.3,NaN,,0,0,10.1,"2023-02-07T09:32:00.000Z",1675762320000,10.1,10.1,10.1,0,0,100,,,9,NaN,,1200,1200,1200,12120000,,,12120000
693.9,-200,-2020000,0,2020000,14140000,3061424.2,9212121.2,0.3,993.9,133.3,0,,-200,-2020000,10.1,"2023-02-07T09:42:00.000Z",1675762920000,10.1,10.1,10.1,0,100,0,,0.2,,Infinity,200,200,1400,,2020000,,2020000,
693.9,200,2059999.9999999995,4079999.9999999995,2020000,18220000,3061424.2,9212121.2,0.7,993.9,133.3,Infinity,400,400,4079999.9999999995,10.2,"2023-02-07T10:02:00.000Z",1675764120000,10.2,10.2,10.2,100,0,0,0.6,,,0,,400,1800,,4079999.9999999995,4079999.9999999995,,
693.9,-700,-7030000,4079999.9999999995,11110000,27310000,3061424.2,9212121.2,1.5,993.9,133.3,0,,-900,-9090000,10.1,"2023-02-07T10:06:00.000Z",1675764360000,10.1,10.1,10.1,0,100,0,,0.9,,Infinity,900,900,2700,,9090000,,9090000,
693.9,-2700,-27230000,4079999.9999999995,31310000,47510000,3061424.2,9212121.2,3.3,993.9,133.3,0,,-2000,-20200000,10.1,"2023-02-07T10:20:00.000Z",1675765200000,10.1,10.1,10.1,0,100,0,,2,,Infinity,2000,2000,4700,,20200000,,20200000,
693.9,-1200,-12080000,19230000,31310000,62660000,3061424.2,9212121.2,2.5,993.9,133.3,Infinity,1500,1500,15150000,10.1,"2023-02-07T10:32:00.000Z",1675765920000,10.1,10.1,10.1,100,0,0,2.2,,,0,,1500,6200,,15150000,15150000,,
693.9,-1200,-12080000,19230000,31310000,67710000,3061424.2,9212121.2,0,993.9,133.3,NaN,,0,0,10.1,"2023-02-07T10:34:00.000Z",1675766040000,10.1,10.1,10.1,0,0,100,,,3.8,NaN,,500,6700,500,5050000,,,5050000
693.9,-3200,-12100000,19230000,31330000,67730000,3061424.2,9212121.2,0,993.9,133.3,0,,-2000,-20000,10,"2023-02-07T10:38:00.000Z",1675766280000,10,10,10,0,100,0,,2,,Infinity,2000,2000,8700,,20000,,20000,
693.9,1500,33960000,65290000,31330000,113790000,3061424.2,9212121.2,7.5,993.9,133.3,Infinity,4700,4700,46060000,9.8,"2023-02-07T10:40:00.000Z",1675766400000,9.8,9.8,9.8,100,0,0,6.8,,,0,,4700,13400,,46060000,46060000,,
693.9,1700,35920000,67250000,31330000,115750000,3061424.2,9212121.2,0.3,993.9,133.3,Infinity,200,200,1960000.0000000002,9.8,"2023-02-07T10:42:00.000Z",1675766520000,9.8,9.8,9.8,100,0,0,0.3,,,0,,200,13600,,1960000.0000000002,1960000.0000000002,,
693.9,1800,36900000,68230000,31330000,116730000,3061424.2,9212121.2,0.2,993.9,133.3,Infinity,100,100,980000.0000000001,9.8,"2023-02-07T10:44:00.000Z",1675766640000,9.8,9.8,9.8,100,0,0,0.1,,,0,,100,13700,,980000.0000000001,980000.0000000001,,
693.9,-1300,6519999.999999996,68230000,61710000,147110000,3061424.2,9212121.2,4.9,993.9,133.3,0,,-3100,-30380000.000000004,9.8,"2023-02-07T10:54:00.000Z",1675767240000,9.8,9.8,9.8,0,100,0,,3.1,,Infinity,3100,3100,16800,,30380000.000000004,,30380000.000000004,
693.9,-1300,6519999.999999996,68230000,61710000,167310000,3061424.2,9212121.2,0,993.9,133.3,NaN,,0,0,10.1,"2023-02-07T11:10:00.000Z",1675768200000,10.1,10.1,10.1,0,0,100,,,15,NaN,,2000,18800,2000,20200000,,,20200000
693.9,-2900,-9320000.000000004,68230000,77550000,183150000,3061424.2,9212121.2,2.6,993.9,133.3,0,,-1600,-15840000,9.9,"2023-02-07T13:00:00.000Z",1675774800000,9.9,9.9,9.9,0,100,0,,1.6,,Infinity,1600,1600,20400,,15840000,,15840000,
693.9,-3400,-14270000.000000004,68230000,82500000,188100000,3061424.2,9212121.2,0.8,993.9,133.3,0,,-500,-4950000,9.9,"2023-02-07T13:04:00.000Z",1675775040000,9.9,9.9,9.9,0,100,0,,0.5,,Infinity,500,500,20900,,4950000,,4950000,
693.9,-3600,-16250000.000000004,68230000,84480000,190080000,3061424.2,9212121.2,0.3,993.9,133.3,0,,-200,-1980000,9.9,"2023-02-07T13:06:00.000Z",1675775160000,9.9,9.9,9.9,0,100,0,,0.2,,Infinity,200,200,21100,,1980000,,1980000,
693.9,-3600,-16250000.000000004,68230000,84480000,190087000,3061424.2,9212121.2,0,993.9,133.3,NaN,,0,0,10,"2023-02-07T13:16:00.000Z",1675775760000,10,10,10,0,0,100,,,5.3,NaN,,700,21800,700,7000,,,7000
693.9,-4600,-26150000.000000004,68230000,94380000,199987000,3061424.2,9212121.2,1.6,993.9,133.3,0,,-1000,-9900000,9.9,"2023-02-07T13:26:00.000Z",1675776360000,9.9,9.9,9.9,0,100,0,,1,,Infinity,1000,1000,22800,,9900000,,9900000,
693.9,-5600,-36050000,68230000,104280000,209887000,3061424.2,9212121.2,1.6,993.9,133.3,0,,-1000,-9900000,9.9,"2023-02-07T13:32:00.000Z",1675776720000,9.9,9.9,9.9,0,100,0,,1,,Infinity,1000,1000,23800,,9900000,,9900000,
693.9,-6500,-44960000,68230000,113190000,218797000,3061424.2,9212121.2,1.4,993.9,133.3,0,,-900,-8910000,9.9,"2023-02-07T13:34:00.000Z",1675776840000,9.9,9.9,9.9,0,100,0,,0.9,,Infinity,900,900,24700,,8910000,,8910000,
693.9,-7500,-54860000,68230000,123090000,228697000,3061424.2,9212121.2,1.6,993.9,133.3,0,,-1000,-9900000,9.9,"2023-02-07T13:36:00.000Z",1675776960000,9.9,9.9,9.9,0,100,0,,1,,Infinity,1000,1000,25700,,9900000,,9900000,
693.9,-12400,-103370000,78130000,181500000,297007000,3061424.2,9212121.2,7.9,993.9,133.3,0.2,1000,-4900,-48510000,9.9,"2023-02-07T13:38:00.000Z",1675777080000,9.9,9.9,9.9,14.5,85.5,0,1.4,5.9,,5.9,5900,6900,32600,,68310000,9900000,58410000,
693.9,-11900,-98420000,83080000,181500000,301957000,3061424.2,9212121.2,0.8,993.9,133.3,Infinity,500,500,4950000,9.9,"2023-02-07T13:40:00.000Z",1675777200000,9.9,9.9,9.9,100,0,0,0.7,,,0,,500,33100,,4950000,4950000,,
693.9,-11400,-93470000,88030000,181500000,306907000,3061424.2,9212121.2,0.8,993.9,133.3,Infinity,500,500,4950000,9.9,"2023-02-07T13:42:00.000Z",1675777320000,9.9,9.9,9.9,100,0,0,0.7,,,0,,500,33600,,4950000,4950000,,
693.9,-16900,-147370000,88030000,235400000,360807000,3061424.2,9212121.2,8.8,993.9,133.3,0,,-5500,-53900000.00000001,9.8,"2023-02-07T13:44:00.000Z",1675777440000,9.8,9.8,9.8,0,100,0,,5.5,,Infinity,5500,5500,39100,,53900000.00000001,,53900000.00000001,
693.9,-17900,-157170000,88030000,245200000,370607000,3061424.2,9212121.2,1.6,993.9,133.3,0,,-1000,-9800000,9.8,"2023-02-07T13:46:00.000Z",1675777560000,9.8,9.8,9.8,0,100,0,,1,,Infinity,1000,1000,40100,,9800000,,9800000,
693.9,-18500,-163050000,88030000,251080000,376487000,3061424.2,9212121.2,1,993.9,133.3,0,,-600,-5880000,9.8,"2023-02-07T13:52:00.000Z",1675777920000,9.8,9.8,9.8,0,100,0,,0.6,,Infinity,600,600,40700,,5880000,,5880000,
693.9,-17500,-153150000,97930000,251080000,386387000,3061424.2,9212121.2,1.6,993.9,133.3,Infinity,1000,1000,9900000,9.9,"2023-02-07T13:58:00.000Z",1675778280000,9.9,9.9,9.9,100,0,0,1.4,,,0,,1000,41700,,9900000,9900000,,
693.9,-5000,-153025000,98055000,251080000,386512000,3061424.2,9212121.2,0,993.9,133.3,Infinity,12500,12500,125000,10,"2023-02-07T14:00:00.000Z",1675778400000,10,10,10,100,0,0,18,,,0,,12500,54200,,125000,125000,,
693.9,-4700,-150055000,101025000,251080000,389482000,3061424.2,9212121.2,0.5,993.9,133.3,Infinity,300,300,2970000,9.9,"2023-02-07T14:12:00.000Z",1675779120000,9.9,9.9,9.9,100,0,0,0.4,,,0,,300,54500,,2970000,2970000,,
693.9,-7100,-173575000,101025000,274600000,413002000,3061424.2,9212121.2,3.8,993.9,133.3,0,,-2400,-23520000,9.8,"2023-02-07T14:14:00.000Z",1675779240000,9.8,9.8,9.8,0,100,0,,2.4,,Infinity,2400,2400,56900,,23520000,,23520000,
693.9,-10100,-202975000,101025000,304000000,442402000,3061424.2,9212121.2,4.8,993.9,133.3,0,,-3000,-29400000.000000004,9.8,"2023-02-07T14:28:00.000Z",1675780080000,9.8,9.8,9.8,0,100,0,,3,,Infinity,3000,3000,59900,,29400000.000000004,,29400000.000000004,
693.9,-9900,-202973000,101027000,304000000,442404000,3061424.2,9212121.2,0,993.9,133.3,Infinity,200,200,2000,10,"2023-02-07T14:44:00.000Z",1675781040000,10,10,10,100,0,0,0.3,,,0,,200,60100,,2000,2000,,
