"abu","acum_busd","acum_busd_val","acum_val","asd","auk","bs","bu","bu-sd","bu-sd_val","c","date","datetime","h","l","o","pbu","psd","puk","rbu","rsd","ruk","sb","sd","sum_vol","total_vol","uk","val","val_bu","val_sd","val_uk"
643.8,-400,-10800000,10800000,1095.8,10.4,0,,-400,-10800000,27,"2023-02-02T09:14:00.000Z",1675329240000,27,27,27,0,100,0,,0.4,,Infinity,400,400,400,,10800000,,10800000,
643.8,-100,-2610000,18990000,1095.8,10.4,Infinity,300,300,8190000,27.3,"2023-02-02T09:16:00.000Z",1675329360000,27.3,27.3,27.3,100,0,0,0.5,,,0,,300,700,,8190000,8190000,,
643.8,-300,-8020000,24400000,1095.8,10.4,0,,-200,-5410000,27.05,"2023-02-02T09:20:00.000Z",1675329600000,27.05,27.05,27.05,0,100,0,,0.2,,Infinity,200,200,900,,5410000,,5410000,
643.8,-1400,-37700000,54080000,1095.8,10.4,0,,-1100,-29680000,26.95,"2023-02-02T09:22:00.000Z",1675329720000,27,26.95,27,0,100,0,,1,,Infinity,1100,1100,2000,,29680000,,29680000,
643.8,-1800,-48460000,70240000,1095.8,10.4,0.2,100,-400,-10760000,27,"2023-02-02T09:24:00.000Z",1675329840000,27,26.9,26.95,16.7,83.3,0,0.2,0.5,,5,500,600,2600,,16160000,2700000,13460000,
643.8,-3200,-86075000,134755000,1095.8,10.4,0.3,500,-1400,-37615000,26.9,"2023-02-02T09:26:00.000Z",1675329960000,26.9,26.85,26.9,20.8,79.2,0,0.8,1.7,,3.8,1900,2400,5000,,64515000,13450000,51065000,
643.8,-3400,-91445000,140125000,1095.8,10.4,0,,-200,-5370000,26.85,"2023-02-02T09:28:00.000Z",1675330080000,26.85,26.85,26.85,0,100,0,,0.2,,Infinity,200,200,5200,,5370000,,5370000,
643.8,-3000,-80705000,166975000,1095.8,10.4,2.3,700,400,10740000,26.85,"2023-02-02T09:30:00.000Z",1675330200000,26.85,26.85,26.85,70,30,0,1.1,0.3,,0.4,300,1000,6200,,26850000,18795000,8055000,
643.8,-3900,-104870000,217990000,1095.8,10.4,0.4,500,-900,-24165000,26.85,"2023-02-02T09:32:00.000Z",1675330320000,26.85,26.85,26.85,26.3,73.7,0,0.8,1.3,,2.8,1400,1900,8100,,51015000,13425000,37590000,
643.8,-9700,-260335000,373455000,1095.8,10.4,0,,-5800,-155465000,26.8,"2023-02-02T09:36:00.000Z",1675330560000,26.85,26.8,26.85,0,100,0,,5.3,,Infinity,5800,5800,13900,,155465000,,155465000,
643.8,-10700,-287085000,453905000,1095.8,10.4,0.5,1000,-1000,-26750000,26.8,"2023-02-02T09:40:00.000Z",1675330800000,26.85,26.8,26.8,33.3,66.7,0,1.6,1.8,,2,2000,3000,16900,,80450000,26850000,53600000,
643.8,-11700,-313685000,560905000,1095.8,10.4,0.6,1500,-1000,-26600000,26.8,"2023-02-02T09:42:00.000Z",1675330920000,26.8,26.7,26.7,37.5,62.5,0,2.3,2.3,,1.7,2500,4000,20900,,107000000,40200000,66800000,
643.8,-9600,-257405000,617185000,1095.8,10.4,Infinity,2100,2100,56280000,26.8,"2023-02-02T09:44:00.000Z",1675331040000,26.8,26.8,26.8,100,0,0,3.3,,,0,,2100,23000,,56280000,56280000,,
643.8,-8700,-233105000,641485000,1095.8,10.4,Infinity,900,900,24300000,27,"2023-02-02T09:48:00.000Z",1675331280000,27,27,27,100,0,0,1.4,,,0,,900,23900,,24300000,24300000,,
643.8,-8400,-225005000,649585000,1095.8,10.4,Infinity,300,300,8100000,27,"2023-02-02T09:50:00.000Z",1675331400000,27,27,27,100,0,0,0.5,,,0,,300,24200,,8100000,8100000,,
643.8,-7400,-197985000,676605000,1095.8,10.4,Infinity,1000,1000,27020000,27.1,"2023-02-02T09:52:00.000Z",1675331520000,27.1,27,27,100,0,0,1.6,,,0,,1000,25200,,27020000,27020000,,
643.8,-9000,-241075000,719695000,1095.8,10.4,0,,-1600,-43090000,26.8,"2023-02-02T10:20:00.000Z",1675333200000,27,26.8,27,0,100,0,,1.5,,Infinity,1600,1600,26800,,43090000,,43090000,
643.8,-13100,-350905000,829525000,1095.8,10.4,0,,-4100,-109830000,26.7,"2023-02-02T10:24:00.000Z",1675333440000,26.8,26.7,26.8,0,100,0,,3.7,,Infinity,4100,4100,30900,,109830000,,109830000,
643.8,-14500,-388285000,880255000,1095.8,10.4,0,,-1400,-37380000,26.7,"2023-02-02T10:26:00.000Z",1675333560000,26.7,26.7,26.7,0,73.7,26.3,,1.3,48.1,Infinity,1400,1900,32800,500,50730000,,37380000,13350000
643.8,-15000,-401585000,893555000,1095.8,10.4,0,,-500,-13300000,26.6,"2023-02-02T10:28:00.000Z",1675333680000,26.6,26.6,26.6,0,100,0,,0.5,,Infinity,500,500,33300,,13300000,,13300000,
643.8,-14900,-398885000,896255000,1095.8,10.4,Infinity,100,100,2700000,27,"2023-02-02T10:48:00.000Z",1675334880000,27,27,27,100,0,0,0.2,,,0,,100,33400,,2700000,2700000,,
643.8,-14700,-393485000,901655000,1095.8,10.4,Infinity,200,200,5400000,27,"2023-02-02T10:52:00.000Z",1675335120000,27,27,27,100,0,0,0.3,,,0,,200,33600,,5400000,5400000,,
643.8,-10400,-277385000,1017755000,1095.8,10.4,Infinity,4300,4300,116100000,27,"2023-02-02T11:06:00.000Z",1675335960000,27,27,27,100,0,0,6.7,,,0,,4300,37900,,116100000,116100000,,
643.8,-9900,-263885000,1031255000,1095.8,10.4,Infinity,500,500,13500000,27,"2023-02-02T11:20:00.000Z",1675336800000,27,27,27,100,0,0,0.8,,,0,,500,38400,,13500000,13500000,,
643.8,-11900,-317885000,1085255000,1095.8,10.4,0,,-2000,-54000000,27,"2023-02-02T11:24:00.000Z",1675337040000,27,27,27,0,100,0,,1.8,,Infinity,2000,2000,40400,,54000000,,54000000,
643.8,-12400,-331285000,1098655000,1095.8,10.4,0,,-500,-13400000,26.8,"2023-02-02T11:26:00.000Z",1675337160000,26.8,26.8,26.8,0,100,0,,0.5,,Infinity,500,500,40900,,13400000,,13400000,
643.8,-14800,-395585000,1168355000,1095.8,10.4,0,100,-2400,-64300000,27,"2023-02-02T11:28:00.000Z",1675337280000,27,26.8,26.8,3.8,96.2,0,0.2,2.3,,25,2500,2600,43500,,69700000,2700000,67000000,
643.8,-20900,-558655000,1331425000,1095.8,10.4,0,,-6100,-163070000,26.7,"2023-02-02T13:02:00.000Z",1675342920000,26.8,26.7,26.8,0,100,0,,5.6,,Infinity,6100,6100,49600,,163070000,,163070000,
643.8,-21400,-572005000,1344775000,1095.8,10.4,0,,-500,-13350000,26.7,"2023-02-02T13:04:00.000Z",1675343040000,26.7,26.7,26.7,0,100,0,,0.5,,Infinity,500,500,50100,,13350000,,13350000,
643.8,-22400,-598705000,1371475000,1095.8,10.4,0,,-1000,-26700000,26.7,"2023-02-02T13:06:00.000Z",1675343160000,26.7,26.7,26.7,0,100,0,,0.9,,Infinity,1000,1000,51100,,26700000,,26700000,
643.8,-25400,-678805000,1451575000,1095.8,10.4,0,,-3000,-80100000,26.7,"2023-02-02T13:14:00.000Z",1675343640000,26.7,26.7,26.7,0,100,0,,2.7,,Infinity,3000,3000,54100,,80100000,,80100000,
643.8,-25500,-681475000,1454245000,1095.8,10.4,0,,-100,-2670000,26.7,"2023-02-02T13:18:00.000Z",1675343880000,26.7,26.7,26.7,0,100,0,,0.1,,Infinity,100,100,54200,,2670000,,2670000,
643.8,-31800,-849685000,1622455000,1095.8,10.4,0,,-6300,-168210000,26.7,"2023-02-02T13:30:00.000Z",1675344600000,26.7,26.7,26.7,0,100,0,,5.7,,Infinity,6300,6300,60500,,168210000,,168210000,
643.8,-31300,-836335000,1635805000,1095.8,10.4,Infinity,500,500,13350000,26.7,"2023-02-02T13:32:00.000Z",1675344720000,26.7,26.7,26.7,100,0,0,0.8,,,0,,500,61000,,13350000,13350000,,
643.8,-28500,-760815000,1711325000,1095.8,10.4,Infinity,2800,2800,75520000,27,"2023-02-02T13:34:00.000Z",1675344840000,27,26.7,26.7,100,0,0,4.3,,,0,,2800,63800,,75520000,75520000,,
643.8,-28600,-763515000,1714025000,1095.8,10.4,0,,-100,-2700000,27,"2023-02-02T13:36:00.000Z",1675344960000,27,27,27,0,100,0,,0.1,,Infinity,100,100,63900,,2700000,,2700000,
643.8,-30300,-809415000,1792325000,1095.8,10.4,0.3,600,-1700,-45900000,27,"2023-02-02T13:38:00.000Z",1675345080000,27,27,27,20.7,79.3,0,0.9,2.1,,3.8,2300,2900,66800,,78300000,16200000,62100000,
643.8,-29300,-782515000,1819225000,1095.8,10.4,Infinity,1000,1000,26900000,26.9,"2023-02-02T13:52:00.000Z",1675345920000,26.9,26.9,26.9,100,0,0,1.6,,,0,,1000,67800,,26900000,26900000,,
643.8,-28800,-769015000,1832725000,1095.8,10.4,Infinity,500,500,13500000,27,"2023-02-02T13:54:00.000Z",1675346040000,27,27,27,100,0,0,0.8,,,0,,500,68300,,13500000,13500000,,
643.8,-28500,-760915000,1840825000,1095.8,10.4,Infinity,300,300,8100000,27,"2023-02-02T13:56:00.000Z",1675346160000,27,27,27,100,0,0,0.5,,,0,,300,68600,,8100000,8100000,,
643.8,-27500,-733915000,1867825000,1095.8,10.4,Infinity,1000,1000,27000000,27,"2023-02-02T13:58:00.000Z",1675346280000,27,27,27,100,0,0,1.6,,,0,,1000,69600,,27000000,27000000,,
643.8,-29500,-787515000,1921425000,1095.8,10.4,0,,-2000,-53600000,26.8,"2023-02-02T14:16:00.000Z",1675347360000,26.8,26.8,26.8,0,100,0,,1.8,,Infinity,2000,2000,71600,,53600000,,53600000,
643.8,-29700,-792875000,1926785000,1095.8,10.4,0,,-200,-5360000,26.8,"2023-02-02T14:18:00.000Z",1675347480000,26.8,26.8,26.8,0,100,0,,0.2,,Infinity,200,200,71800,,5360000,,5360000,
643.8,-29900,-798235000,1932145000,1095.8,10.4,0,,-200,-5360000,26.8,"2023-02-02T14:20:00.000Z",1675347600000,26.8,26.8,26.8,0,100,0,,0.2,,Infinity,200,200,72000,,5360000,,5360000,
643.8,-29600,-790165000,1940215000,1095.8,10.4,Infinity,300,300,8070000,26.9,"2023-02-02T14:22:00.000Z",1675347720000,26.9,26.9,26.9,100,0,0,0.5,,,0,,300,72300,,8070000,8070000,,
643.8,-21600,-574965000,2209215000,1095.8,10.4,9,9000,8000,215200000,26.9,"2023-02-02T14:24:00.000Z",1675347840000,26.9,26.9,26.9,90,10,0,14,0.9,,0.1,1000,10000,82300,,269000000,242100000,26900000,
643.8,-22400,-596405000,2236015000,1095.8,10.4,0.1,100,-800,-21440000,26.8,"2023-02-02T14:26:00.000Z",1675347960000,26.8,26.8,26.8,10,90,0,0.2,0.8,,9,900,1000,83300,,26800000,2680000,24120000,
643.8,-21700,-577540000,2254880000,1095.8,10.4,Infinity,700,700,18865000,26.95,"2023-02-02T14:44:00.000Z",1675349040000,26.95,26.95,26.95,100,0,0,1.1,,,0,,700,84000,,18865000,18865000,,
