"abu","acum_busd","acum_busd_val","acum_val_bu","acum_val_sd","acum_val","avg_val_bu","avg_val_sd","rbusd","asd","auk","bs","bu","bu-sd","bu-sd_val","c","date","datetime","h","l","o","pbu","psd","puk","rbu","rsd","ruk","sb","sd","sum_vol","total_vol","uk","val","val_bu","val_sd","val_uk"
6984.4,25700,552710000,677610000,124900000,802510000,103246802.2,144168580,-13.5,7860,195.6,5.4,31500,25700,552710000,21.55,"2023-02-02T09:15:00.000Z",1675329300000,21.7,21.45,21.5,84.5,15.5,0,4.5,0.7,,0.2,5800,37300,37300,,802510000,677610000,124900000,
6984.4,1800,139488400,825662700,686174300,1528642000,103246802.2,144168580,10.1,7860,195.6,0.3,10700,-23900,-413221600,21,"2023-02-02T09:20:00.000Z",1675329600000,21.55,20.85,21.55,23.2,75.1,1.7,1.5,4.4,4.1,3.2,34600,46100,83400,800,726132000,148052700,561274300,16805000
6984.4,-3200,10288600,1096842900,1086554300,2202282200,103246802.2,144168580,3.2,7860,195.6,0.7,14200,-5000,-129199800,21,"2023-02-02T09:25:00.000Z",1675329900000,21,20.8,20.85,42.4,57.3,0.3,2,2.4,0.5,1.4,19200,33500,116900,100,673640200,271180200,400380000,2080000
6984.4,10800,140384500,1237538800,1097154300,2353578100,103246802.2,144168580,-3.2,7860,195.6,29,14500,14000,130095900,21.3,"2023-02-02T09:30:00.000Z",1675330200000,21.3,21,21,96.7,3.3,0,2.1,0.1,,0,500,15000,131900,,151295900,140695900,10600000,
6984.4,3900,214951100,1337666900,1122715800,2479267700,103246802.2,144168580,-1.8,7860,195.6,0.5,5800,-6900,74566600,20.95,"2023-02-02T09:35:00.000Z",1675330500000,21.3,20.95,21.3,31.4,68.6,0,0.8,1.6,,2.2,12700,18500,150400,,125689600,100128100,25561500,
6984.4,8400,212952700,1337763500,1124810800,2481459300,103246802.2,144168580,0,7860,195.6,46,4600,4500,-1998400,21,"2023-02-02T09:40:00.000Z",1675330800000,21,20.95,20.95,97.9,2.1,0,0.7,0,,0,100,4700,155100,,2191600,96600,2095000,
6984.4,6400,179424300,1337784500,1158360200,2515052800,103246802.2,144168580,0.8,7860,195.6,0.3,1000,-2000,-33528400,21,"2023-02-02T09:45:00.000Z",1675331100000,21,20.95,21,19.6,58.8,21.6,0.1,0.4,5.6,3,3000,5100,160200,1100,33593500,21000,33549400,23100
6984.4,3400,110295600,1337801300,1227505700,2584215100,103246802.2,144168580,1.7,7860,195.6,0.2,800,-3000,-69128700,20.95,"2023-02-02T09:50:00.000Z",1675331400000,21,20.95,21,17.4,82.6,0,0.1,0.5,,4.8,3800,4600,164800,,69162300,16800,69145500,
6984.4,100,40940600,1507096300,1466155700,2992160100,103246802.2,144168580,1.7,7860,195.6,0.7,8100,-3300,-69355000,20.9,"2023-02-02T09:55:00.000Z",1675331700000,20.95,20.85,20.95,41.5,58.5,0,1.2,1.5,,1.4,11400,19500,184300,,407945000,169295000,238650000,
6984.4,400,-7109800,1507150900,1514260700,3040319700,103246802.2,144168580,1.2,7860,195.6,1.1,2600,300,-48050400,20.9,"2023-02-02T10:00:00.000Z",1675332000000,21,20.9,20.95,53.1,46.9,0,0.4,0.3,,0.9,2300,4900,189200,,48159600,54600,48105000,
6984.4,12900,22393300,1561914000,1539520700,3120342800,103246802.2,144168580,-0.7,7860,195.6,11.4,13700,12500,29503100,21.05,"2023-02-02T10:05:00.000Z",1675332300000,21.05,20.95,20.95,91.9,8.1,0,2,0.2,,0.1,1200,14900,204100,,80023100,54763100,25260000,
6984.4,10600,-23913800,1564024000,1587937800,3170869900,103246802.2,144168580,1.1,7860,195.6,0,100,-2300,-46307100,21,"2023-02-02T10:10:00.000Z",1675332600000,21.1,21,21.05,4,96,0,0,0.3,,24,2400,2500,206600,,50527100,2110000,48417100,
6984.4,10900,-28093300,1570319500,1598412800,3187640400,103246802.2,144168580,0.1,7860,195.6,1.6,800,300,-4179500,20.95,"2023-02-02T10:15:00.000Z",1675332900000,21,20.95,21,61.5,38.5,0,0.1,0.1,,0.6,500,1300,207900,,16770500,6295500,10475000,
6984.4,-38000,-1046103300,1618374500,2664477800,4301760400,103246802.2,144168580,24.9,7860,195.6,0,2300,-48900,-1018010000,20.75,"2023-02-02T10:20:00.000Z",1675333200000,20.95,20.75,20.95,4.3,95.7,0,0.3,6.5,,22.3,51200,53500,261400,,1114120000,48055000,1066065000,
6984.4,-76700,-1847483300,1632869500,3480352800,5132130400,103246802.2,144168580,19.6,7860,195.6,0,700,-38700,-801380000,20.7,"2023-02-02T10:25:00.000Z",1675333500000,20.75,20.7,20.75,1.7,98.3,0,0.1,5,,56.3,39400,40100,301500,,830370000,14495000,815875000,
6984.4,-35900,-997983300,2519849500,3517832800,6056590400,103246802.2,144168580,-20.8,7860,195.6,23.7,42600,40800,849500000,20.8,"2023-02-02T10:30:00.000Z",1675333800000,20.9,20.7,20.7,95.9,4.1,0,6.1,0.2,,0,1800,44400,345900,,924460000,886980000,37480000,
6984.4,-12500,-1063844700,2549703800,3613548500,6182160400,103246802.2,144168580,1.6,7860,195.6,4.7,29700,23400,-65861400,21,"2023-02-02T10:35:00.000Z",1675334100000,21,20.8,20.8,82.5,17.5,0,4.3,0.8,,0.2,6300,36000,381900,,125570000,29854300,95715700,
6984.4,3900,-913199400,2723669100,3636868500,6379445700,103246802.2,144168580,-3.7,7860,195.6,15.9,17500,16400,150645300,21.3,"2023-02-02T10:40:00.000Z",1675334400000,21.3,21,21,94.1,5.9,0,2.5,0.1,,0.1,1100,18600,400500,,197285300,173965300,23320000,
6984.4,17200,-630169400,3181929100,3812098500,7012935700,103246802.2,144168580,-6.9,7860,195.6,2.6,21500,13300,283030000,21.35,"2023-02-02T10:45:00.000Z",1675334700000,21.4,21.3,21.3,72.4,27.6,0,3.1,1,,0.4,8200,29700,430200,,633490000,458260000,175230000,
6984.4,19000,-591729400,3235319100,3827048500,7081275700,103246802.2,144168580,-0.9,7860,195.6,3.6,2500,1800,38440000,21.4,"2023-02-02T10:50:00.000Z",1675335000000,21.4,21.35,21.35,78.1,21.9,0,0.4,0.1,,0.3,700,3200,433400,,68340000,53390000,14950000,
6984.4,7400,-838589400,3252359100,4090948500,7362215700,103246802.2,144168580,6,7860,195.6,0.1,800,-11600,-246860000,21.2,"2023-02-02T10:55:00.000Z",1675335300000,21.35,21.2,21.35,6.1,93.9,0,0.1,1.6,,15.5,12400,13200,446600,,280940000,17040000,263900000,
6984.4,4600,-897929400,3267269100,4165198500,7451375700,103246802.2,144168580,1.5,7860,195.6,0.2,700,-2800,-59340000,21.25,"2023-02-02T11:00:00.000Z",1675335600000,21.3,21.2,21.3,16.7,83.3,0,0.1,0.4,,5,3500,4200,450800,,89160000,14910000,74250000,
6984.4,2400,-944554400,3273644100,4218198500,7510750700,103246802.2,144168580,1.1,7860,195.6,0.1,300,-2200,-46625000,21.25,"2023-02-02T11:05:00.000Z",1675335900000,21.25,21.2,21.2,10.7,89.3,0,0,0.3,,8.3,2500,2800,453600,,59375000,6375000,53000000,
6984.4,3400,-923154400,3316244100,4239398500,7574550700,103246802.2,144168580,-0.5,7860,195.6,2,2000,1000,21400000,21.2,"2023-02-02T11:10:00.000Z",1675336200000,21.3,21.2,21.3,66.7,33.3,0,0.3,0.1,,0.5,1000,3000,456600,,63800000,42600000,21200000,
6984.4,12600,-727384400,3552194100,4279578500,7850680700,103246802.2,144168580,-4.8,7860,195.6,5.8,11100,9200,195770000,21.4,"2023-02-02T11:15:00.000Z",1675336500000,21.4,21.1,21.2,85.4,14.6,0,1.6,0.2,,0.2,1900,13000,469600,,276130000,235950000,40180000,
6984.4,300,-989229400,3569274100,4558503500,8146685700,103246802.2,144168580,6.4,7860,195.6,0.1,800,-12300,-261845000,21.1,"2023-02-02T11:25:00.000Z",1675337100000,21.35,21.1,21.35,5.8,94.2,0,0.1,1.7,,16.4,13100,13900,483500,,296005000,17080000,278925000,
6984.4,-8900,-986914700,3641093700,4628008400,8294325200,103246802.2,144168580,-0.1,7860,195.6,0.4,6000,-9200,2314700,20.95,"2023-02-02T13:00:00.000Z",1675342800000,21.2,20.9,21.1,27.9,70.7,1.4,0.9,1.9,1.5,2.5,15200,21500,505000,300,147639500,71819600,69504900,6315000
6984.4,-29800,-1422514700,3728853700,5151368400,8907530200,103246802.2,144168580,10.6,7860,195.6,0.2,4200,-20900,-435600000,20.75,"2023-02-02T13:05:00.000Z",1675343100000,20.95,20.75,20.95,14.3,85.4,0.3,0.6,3.2,0.5,6,25100,29400,534400,100,613205000,87760000,523360000,2085000
6984.4,-32600,-1491284200,3764264200,5255548400,9047120700,103246802.2,144168580,1.7,7860,195.6,0.4,2200,-2800,-68769500,20.85,"2023-02-02T13:10:00.000Z",1675343400000,21,20.8,20.8,30.6,69.4,0,0.3,0.6,,2.3,5000,7200,541600,,139590500,35410500,104180000,
6984.4,-39400,-1632724200,3772619200,5405343400,9205270700,103246802.2,144168580,3.5,7860,195.6,0.1,400,-6800,-141440000,20.75,"2023-02-02T13:15:00.000Z",1675343700000,20.9,20.75,20.9,5.3,94.7,0,0.1,0.9,,18,7200,7600,549200,,158150000,8355000,149795000,
6984.4,-41800,-1682039200,3877369200,5559408400,9464085700,103246802.2,144168580,1.2,7860,195.6,0.7,5000,-2400,-49315000,20.95,"2023-02-02T13:20:00.000Z",1675344000000,20.95,20.7,20.75,40.3,59.7,0,0.7,0.9,,1.5,7400,12400,561600,,258815000,104750000,154065000,
6984.4,-42800,-1702969200,3892009200,5594978400,9514295700,103246802.2,144168580,0.5,7860,195.6,0.4,700,-1000,-20930000,20.9,"2023-02-02T13:25:00.000Z",1675344300000,20.95,20.9,20.95,29.2,70.8,0,0.1,0.2,,2.4,1700,2400,564000,,50210000,14640000,35570000,
6984.4,-40000,-1679733500,3921514900,5601248400,9550071400,103246802.2,144168580,-0.6,7860,195.6,10.3,3100,2800,23235700,21,"2023-02-02T13:30:00.000Z",1675344600000,21.05,20.9,20.9,91.2,8.8,0,0.4,0,,0.1,300,3400,567400,,35775700,29505700,6270000,
6984.4,-39200,-1629197100,3982559900,5611757000,9621625000,103246802.2,144168580,-1.2,7860,195.6,1.4,2900,800,50536400,20.95,"2023-02-02T13:35:00.000Z",1675344900000,21.05,20.95,21.05,58,42,0,0.4,0.3,,0.7,2100,5000,572400,,71553600,61045000,10508600,
6984.4,-48100,-1815207100,3993034900,5808242000,9828585000,103246802.2,144168580,4.5,7860,195.6,0.1,500,-8900,-186010000,20.9,"2023-02-02T13:40:00.000Z",1675345200000,20.95,20.9,20.95,5.1,94.9,0,0.1,1.2,,18.8,9400,9900,582300,,206960000,10475000,196485000,
6984.4,-49200,-1838087100,4018109900,5856197000,9901615000,103246802.2,144168580,0.6,7860,195.6,0.5,1200,-1100,-22880000,20.9,"2023-02-02T13:45:00.000Z",1675345500000,20.9,20.85,20.85,34.3,65.7,0,0.2,0.3,,1.9,2300,3500,585800,,73030000,25075000,47955000,
6984.4,-37200,-1795957100,4068599900,5864557000,9960465000,103246802.2,144168580,-1,7860,195.6,31,12400,12000,42130000,21,"2023-02-02T13:50:00.000Z",1675345800000,21,20.9,20.95,96.9,3.1,0,1.8,0.1,,0,400,12800,598600,,58850000,50490000,8360000,
6984.4,-22000,-1513769300,4350886400,5864655700,10242850200,103246802.2,144168580,-6.9,7860,195.6,4.2,19900,15200,282187800,21.1,"2023-02-02T13:55:00.000Z",1675346100000,21.1,21,21,80.9,19.1,0,2.8,0.6,,0.2,4700,24600,623200,,282385200,282286500,98700,
6984.4,-25400,-1534719700,4350886400,5885606100,10263800600,103246802.2,144168580,0.5,7860,195.6,0,,-3400,-20950400,20.9,"2023-02-02T14:00:00.000Z",1675346400000,21,20.9,21,0,100,0,,0.4,,Infinity,3400,3400,626600,,20950400,,20950400,
6984.4,-29200,-1614139700,4350886400,5965026100,10343220600,103246802.2,144168580,1.9,7860,195.6,0,,-3800,-79420000,20.9,"2023-02-02T14:05:00.000Z",1675346700000,20.9,20.9,20.9,0,100,0,,0.5,,Infinity,3800,3800,630400,,79420000,,79420000,
6984.4,-31200,-1655879700,4350886400,6006766100,10384960600,103246802.2,144168580,1,7860,195.6,0,,-2000,-41740000,20.85,"2023-02-02T14:10:00.000Z",1675347000000,20.9,20.85,20.9,0,100,0,,0.3,,Infinity,2000,2000,632400,,41740000,,41740000,
6984.4,-47000,-1984604700,4444701400,6429306100,10901315600,103246802.2,144168580,8,7860,195.6,0.2,4500,-15800,-328725000,20.75,"2023-02-02T14:15:00.000Z",1675347300000,20.85,20.75,20.85,18.1,81.9,0,0.6,2.6,,4.5,20300,24800,657200,,516355000,93815000,422540000,
6984.4,-38700,-1814452600,4631453500,6445906100,11104667700,103246802.2,144168580,-4.2,7860,195.6,11.4,9100,8300,170152100,21,"2023-02-02T14:20:00.000Z",1675347600000,21,20.75,20.75,91.9,8.1,0,1.3,0.1,,0.1,800,9900,667100,,203352100,186752100,16600000,
6984.4,-39400,-1841480000,4646106100,6487586100,11161000300,103246802.2,144168580,0.7,7860,195.6,0.7,1300,-700,-27027400,20.8,"2023-02-02T14:25:00.000Z",1675347900000,21,20.8,20.95,39.4,60.6,0,0.2,0.3,,1.5,2000,3300,670400,,56332600,14652600,41680000,
6984.4,-39400,-1841480000,4646106100,6487586100,11293800300,103246802.2,144168580,0,7860,195.6,NaN,,0,0,20.75,"2023-02-02T14:45:00.000Z",1675349100000,20.75,20.75,20.75,0,0,100,,,32.7,NaN,,6400,676800,6400,132800000,,,132800000
