"abu","acum_busd","acum_busd_val","acum_val","asd","auk","bs","bu","bu-sd","bu-sd_val","c","date","datetime","h","l","o","pbu","psd","puk","rbu","rsd","ruk","sb","sd","sum_vol","total_vol","uk","val","val_bu","val_sd","val_uk"
1698.6,-200,-7480000,7480000,2244.6,5.4,0,,-200,-7480000,37.4,"2023-02-02T09:00:00.000Z",1675328400000,37.4,37.4,37.4,0,100,0,,0.1,,Infinity,200,200,200,,7480000,,7480000,
1698.6,2400,90020000,104980000,2244.6,5.4,Infinity,2600,2600,97500000,37.5,"2023-02-02T09:02:00.000Z",1675328520000,37.5,37.5,37.5,100,0,0,1.5,,,0,,2600,2800,,97500000,97500000,,
1698.6,1300,48770000,146230000,2244.6,5.4,0,,-1100,-41250000,37.5,"2023-02-02T09:06:00.000Z",1675328760000,37.5,37.5,37.5,0,100,0,,0.5,,Infinity,1100,1100,3900,,41250000,,41250000,
1698.6,2300,86370000,183830000,2244.6,5.4,Infinity,1000,1000,37600000,37.6,"2023-02-02T09:08:00.000Z",1675328880000,37.6,37.6,37.6,100,0,0,0.6,,,0,,1000,4900,,37600000,37600000,,
1698.6,500,18870000,251330000,2244.6,5.4,0,,-1800,-67500000,37.5,"2023-02-02T09:10:00.000Z",1675329000000,37.5,37.5,37.5,0,100,0,,0.8,,Infinity,1800,1800,6700,,67500000,,67500000,
1698.6,1000,37620000,277580000,2244.6,5.4,Infinity,500,500,18750000,37.5,"2023-02-02T09:12:00.000Z",1675329120000,37.5,37.5,37.5,71.4,0,28.6,0.3,,37,0,,700,7400,200,26250000,18750000,,7500000
1698.6,1900,71370000,318830000,2244.6,5.4,Infinity,900,900,33750000,37.5,"2023-02-02T09:16:00.000Z",1675329360000,37.5,37.5,37.5,81.8,0,18.2,0.5,,37,0,,1100,8500,200,41250000,33750000,,7500000
1698.6,2000,75120000,397580000,2244.6,5.4,1.1,1100,100,3750000,37.5,"2023-02-02T09:20:00.000Z",1675329600000,37.5,37.5,37.5,52.4,47.6,0,0.6,0.4,,0.9,1000,2100,10600,,78750000,41250000,37500000,
1698.6,2600,97440000,494300000,2244.6,5.4,1.6,1600,600,22320000.000000007,37.2,"2023-02-02T09:22:00.000Z",1675329720000,37.2,37.2,37.2,61.5,38.5,0,0.9,0.4,,0.6,1000,2600,13200,,96720000,59520000.00000001,37200000,
1698.6,-6200,-228300000,938760000,2244.6,5.4,0.2,1600,-8800,-325740000,37,"2023-02-02T09:24:00.000Z",1675329840000,37.1,37,37.1,13.3,86.7,0,0.9,4.6,,6.5,10400,12000,25200,,444460000,59360000,385100000,
1698.6,-6500,-239410000,949870000,2244.6,5.4,0,,-300,-11110000,37.1,"2023-02-02T09:26:00.000Z",1675329960000,37.1,37,37,0,100,0,,0.1,,Infinity,300,300,25500,,11110000,,11110000,
1698.6,-4000,-146410000,1050310000,2244.6,5.4,26,2600,2500,93000000,37.2,"2023-02-02T09:28:00.000Z",1675330080000,37.2,37.2,37.2,96.3,3.7,0,1.5,0,,0,100,2700,28200,,100440000,96720000,3720000.0000000005,
1698.6,-4200,-153850000,1057750000,2244.6,5.4,0,,-200,-7440000.000000001,37.2,"2023-02-02T09:30:00.000Z",1675330200000,37.2,37.2,37.2,0,100,0,,0.1,,Infinity,200,200,28400,,7440000.000000001,,7440000.000000001,
1698.6,-4900,-179890000,1083790000,2244.6,5.4,0,,-700,-26040000.000000004,37.2,"2023-02-02T09:38:00.000Z",1675330680000,37.2,37.2,37.2,0,100,0,,0.3,,Infinity,700,700,29100,,26040000.000000004,,26040000.000000004,
1698.6,-5500,-202150000,1106050000,2244.6,5.4,0,,-600,-22260000,37.1,"2023-02-02T09:40:00.000Z",1675330800000,37.1,37.1,37.1,0,100,0,,0.3,,Infinity,600,600,29700,,22260000,,22260000,
1698.6,-7500,-276350000,1180250000,2244.6,5.4,0,,-2000,-74200000,37.1,"2023-02-02T09:42:00.000Z",1675330920000,37.1,37.1,37.1,0,100,0,,0.9,,Infinity,2000,2000,31700,,74200000,,74200000,
1698.6,-8500,-313450000,1217350000,2244.6,5.4,0,,-1000,-37100000,37.1,"2023-02-02T09:44:00.000Z",1675331040000,37.1,37.1,37.1,0,100,0,,0.4,,Infinity,1000,1000,32700,,37100000,,37100000,
1698.6,-9400,-346840000,1250740000,2244.6,5.4,0,,-900,-33390000,37.1,"2023-02-02T09:46:00.000Z",1675331160000,37.1,37.1,37.1,0,100,0,,0.4,,Infinity,900,900,33600,,33390000,,33390000,
1698.6,-11400,-420840000,1324740000,2244.6,5.4,0,,-2000,-74000000,37,"2023-02-02T09:48:00.000Z",1675331280000,37,37,37,0,100,0,,0.9,,Infinity,2000,2000,35600,,74000000,,74000000,
1698.6,-12900,-476340000,1380240000,2244.6,5.4,0,,-1500,-55500000,37,"2023-02-02T09:50:00.000Z",1675331400000,37,37,37,0,100,0,,0.7,,Infinity,1500,1500,37100,,55500000,,55500000,
1698.6,-13400,-494890000,1398790000,2244.6,5.4,0,,-500,-18550000,37.1,"2023-02-02T09:52:00.000Z",1675331520000,37.1,37.1,37.1,0,100,0,,0.2,,Infinity,500,500,37600,,18550000,,18550000,
1698.6,-13400,-494870000,1413610000,2244.6,5.4,1,200,0,20000,37,"2023-02-02T09:54:00.000Z",1675331640000,37.1,37,37.1,50,50,0,0.1,0.1,,1,200,400,38000,,14820000,7420000,7400000,
1698.6,-15900,-587370000,1506110000,2244.6,5.4,0,,-2500,-92500000,37,"2023-02-02T09:56:00.000Z",1675331760000,37,37,37,0,100,0,,1.1,,Infinity,2500,2500,40500,,92500000,,92500000,
1698.6,-16500,-609570000,1528310000,2244.6,5.4,0,,-600,-22200000,37,"2023-02-02T10:00:00.000Z",1675332000000,37,37,37,0,100,0,,0.3,,Infinity,600,600,41100,,22200000,,22200000,
1698.6,-34000,-1257070000,2175810000,2244.6,5.4,0,,-17500,-647500000,37,"2023-02-02T10:12:00.000Z",1675332720000,37,37,37,0,100,0,,7.8,,Infinity,17500,17500,58600,,647500000,,647500000,
1698.6,-44000,-1626070000,2544810000,2244.6,5.4,0,,-10000,-369000000,36.9,"2023-02-02T10:20:00.000Z",1675333200000,36.9,36.9,36.9,0,100,0,,4.5,,Infinity,10000,10000,68600,,369000000,,369000000,
1698.6,-43800,-1618390000,2773290000,2244.6,5.4,1.1,3200,200,7680000.000000015,36.9,"2023-02-02T10:24:00.000Z",1675333440000,36.9,36.8,36.9,51.6,48.4,0,1.9,1.3,,0.9,3000,6200,74800,,228480000,118080000,110399999.99999999,
1698.6,-44300,-1636840000,2791740000,2244.6,5.4,0,,-500,-18450000,36.9,"2023-02-02T10:26:00.000Z",1675333560000,36.9,36.9,36.9,0,100,0,,0.2,,Infinity,500,500,75300,,18450000,,18450000,
1698.6,-44500,-1644220000,2799120000,2244.6,5.4,0,,-200,-7380000,36.9,"2023-02-02T10:30:00.000Z",1675333800000,36.9,36.9,36.9,0,100,0,,0.1,,Infinity,200,200,75500,,7380000,,7380000,
1698.6,-42800,-1581320000,2862020000,2244.6,5.4,Infinity,1700,1700,62900000,37,"2023-02-02T10:36:00.000Z",1675334160000,37,37,37,100,0,0,1,,,0,,1700,77200,,62900000,62900000,,
1698.6,-46700,-1725230000,3005930000,2244.6,5.4,0,,-3900,-143910000,36.9,"2023-02-02T10:38:00.000Z",1675334280000,36.9,36.9,36.9,0,100,0,,1.7,,Infinity,3900,3900,81100,,143910000,,143910000,
1698.6,-46800,-1728840000,3779140000,2244.6,5.4,1,10400,-100,-3610000,36.9,"2023-02-02T10:40:00.000Z",1675334400000,37,36.9,36.9,49.8,50.2,0,6.1,4.7,,1,10500,20900,102000,,773210000,384800000,388410000,
1698.6,-46900,-1732530000,3782830000,2244.6,5.4,0,,-100,-3690000,36.9,"2023-02-02T10:48:00.000Z",1675334880000,36.9,36.9,36.9,0,100,0,,0,,Infinity,100,100,102100,,3690000,,3690000,
1698.6,-39800,-1469830000,4045530000,2244.6,5.4,Infinity,7100,7100,262700000,37,"2023-02-02T10:52:00.000Z",1675335120000,37,37,37,100,0,0,4.2,,,0,,7100,109200,,262700000,262700000,,
1698.6,-37700,-1392130000,4123230000,2244.6,5.4,Infinity,2100,2100,77700000,37,"2023-02-02T10:54:00.000Z",1675335240000,37,37,37,100,0,0,1.2,,,0,,2100,111300,,77700000,77700000,,
1698.6,-31700,-1170130000,4345230000,2244.6,5.4,Infinity,6000,6000,222000000,37,"2023-02-02T10:56:00.000Z",1675335360000,37,37,37,100,0,0,3.5,,,0,,6000,117300,,222000000,222000000,,
1698.6,-30300,-1118330000,4397030000,2244.6,5.4,Infinity,1400,1400,51800000,37,"2023-02-02T10:58:00.000Z",1675335480000,37,37,37,100,0,0,0.8,,,0,,1400,118700,,51800000,51800000,,
1698.6,-16800,-618830000,4896530000,2244.6,5.4,Infinity,13500,13500,499500000,37,"2023-02-02T11:00:00.000Z",1675335600000,37,37,37,100,0,0,7.9,,,0,,13500,132200,,499500000,499500000,,
1698.6,-16700,-615130000,4900230000,2244.6,5.4,Infinity,100,100,3700000,37,"2023-02-02T11:04:00.000Z",1675335840000,37,37,37,100,0,0,0.1,,,0,,100,132300,,3700000,3700000,,
1698.6,-3700,-134130000,5381230000,2244.6,5.4,Infinity,13000,13000,481000000,37,"2023-02-02T11:10:00.000Z",1675336200000,37,37,37,100,0,0,7.7,,,0,,13000,145300,,481000000,481000000,,
1698.6,-2200,-78630000,5436730000,2244.6,5.4,Infinity,1500,1500,55500000,37,"2023-02-02T11:12:00.000Z",1675336320000,37,37,37,100,0,0,0.9,,,0,,1500,146800,,55500000,55500000,,
1698.6,-2300,-82320000,5440420000,2244.6,5.4,0,,-100,-3690000,36.9,"2023-02-02T11:24:00.000Z",1675337040000,36.9,36.9,36.9,0,100,0,,0,,Infinity,100,100,146900,,3690000,,3690000,
1698.6,-7000,-255750000,5613850000,2244.6,5.4,0,,-4700,-173430000,36.9,"2023-02-02T11:26:00.000Z",1675337160000,36.9,36.9,36.9,0,100,0,,2.1,,Infinity,4700,4700,151600,,173430000,,173430000,
1698.6,-8000,-292650000,5650750000,2244.6,5.4,0,,-1000,-36900000,36.9,"2023-02-02T11:28:00.000Z",1675337280000,36.9,36.9,36.9,0,100,0,,0.4,,Infinity,1000,1000,152600,,36900000,,36900000,
1698.6,2700,102480000,6266680000,2244.6,5.4,4.6,13700,10700,395130000,36.8,"2023-02-02T13:00:00.000Z",1675342800000,36.9,36.8,36.9,82,18,0,8.1,1.3,,0.2,3000,16700,169300,,615930000,505530000,110400000,
1698.6,-28400,-1038940000,7408100000,2244.6,5.4,0,,-31100,-1141420000,36.7,"2023-02-02T13:02:00.000Z",1675342920000,36.8,36.7,36.8,0,100,0,,13.9,,Infinity,31100,31100,200400,,1141420000,,1141420000,
1698.6,-32200,-1178400000,7547560000,2244.6,5.4,0,,-3800,-139460000,36.7,"2023-02-02T13:04:00.000Z",1675343040000,36.7,36.7,36.7,0,100,0,,1.7,,Infinity,3800,3800,204200,,139460000,,139460000,
1698.6,-36900,-1350890000,7720050000,2244.6,5.4,0,,-4700,-172490000,36.7,"2023-02-02T13:10:00.000Z",1675343400000,36.7,36.7,36.7,0,100,0,,2.1,,Infinity,4700,4700,208900,,172490000,,172490000,
1698.6,-37500,-1372850000,7742010000,2244.6,5.4,0,,-600,-21960000,36.6,"2023-02-02T13:14:00.000Z",1675343640000,36.6,36.6,36.6,0,100,0,,0.3,,Infinity,600,600,209500,,21960000,,21960000,
1698.6,-40500,-1482650000,7851810000,2244.6,5.4,0,,-3000,-109800000,36.6,"2023-02-02T13:16:00.000Z",1675343760000,36.6,36.6,36.6,0,100,0,,1.3,,Infinity,3000,3000,212500,,109800000,,109800000,
1698.6,-42500,-1555850000,7925010000,2244.6,5.4,0,,-2000,-73200000,36.6,"2023-02-02T13:18:00.000Z",1675343880000,36.6,36.6,36.6,0,100,0,,0.9,,Infinity,2000,2000,214500,,73200000,,73200000,
1698.6,-44000,-1610750000,8236110000,2244.6,5.4,0.7,3500,-1500,-54900000,36.6,"2023-02-02T13:20:00.000Z",1675344000000,36.6,36.6,36.6,41.2,58.8,0,2.1,2.2,,1.4,5000,8500,223000,,311100000,128100000,183000000,
1698.6,-43900,-1607090000,8239770000,2244.6,5.4,Infinity,100,100,3660000,36.6,"2023-02-02T13:22:00.000Z",1675344120000,36.6,36.6,36.6,100,0,0,0.1,,,0,,100,223100,,3660000,3660000,,
1698.6,-54400,-1990340000,8623020000,2244.6,5.4,0,,-10500,-383250000,36.5,"2023-02-02T13:26:00.000Z",1675344360000,36.5,36.5,36.5,0,100,0,,4.7,,Infinity,10500,10500,233600,,383250000,,383250000,
1698.6,-55500,-2030490000,8663170000,2244.6,5.4,0,,-1100,-40150000,36.5,"2023-02-02T13:28:00.000Z",1675344480000,36.5,36.5,36.5,0,100,0,,0.5,,Infinity,1100,1100,234700,,40150000,,40150000,
1698.6,-56000,-2048640000,8718020000,2244.6,5.4,0.5,500,-500,-18150000,36.7,"2023-02-02T13:30:00.000Z",1675344600000,36.7,36.5,36.5,33.3,66.7,0,0.3,0.4,,2,1000,1500,236200,,54850000,18350000,36500000,
1698.6,-58700,-2148330000,8839730000,2244.6,5.4,0.1,300,-2700,-99690000,36.9,"2023-02-02T13:34:00.000Z",1675344840000,36.9,36.7,36.7,9.1,90.9,0,0.2,1.3,,10,3000,3300,239500,,121710000,11010000,110700000,
1698.6,-58900,-2155700000,8854500000,2244.6,5.4,0.3,100,-200,-7370000,37,"2023-02-02T13:36:00.000Z",1675344960000,37,36.9,36.9,25,75,0,0.1,0.1,,3,300,400,239900,,14770000,3700000,11070000,
1698.6,-60200,-2203660000,8909860000,2244.6,5.4,0.1,100,-1300,-47960000,36.9,"2023-02-02T13:38:00.000Z",1675345080000,37,36.9,36.9,6.7,93.3,0,0.1,0.6,,14,1400,1500,241400,,55360000,3700000,51660000,
1698.6,-62800,-2299600000,9005800000,2244.6,5.4,0,,-2600,-95940000,36.9,"2023-02-02T13:44:00.000Z",1675345440000,36.9,36.9,36.9,0,100,0,,1.2,,Infinity,2600,2600,244000,,95940000,,95940000,
1698.6,-65100,-2384470000,9090670000,2244.6,5.4,0,,-2300,-84870000,36.9,"2023-02-02T13:46:00.000Z",1675345560000,36.9,36.9,36.9,0,100,0,,1,,Infinity,2300,2300,246300,,84870000,,84870000,
1698.6,-59700,-2184670000,9290470000,2244.6,5.4,Infinity,5400,5400,199800000,37,"2023-02-02T13:48:00.000Z",1675345680000,37,37,37,100,0,0,3.2,,,0,,5400,251700,,199800000,199800000,,
1698.6,-54700,-1999670000,9475470000,2244.6,5.4,Infinity,5000,5000,185000000,37,"2023-02-02T13:50:00.000Z",1675345800000,37,37,37,100,0,0,2.9,,,0,,5000,256700,,185000000,185000000,,
1698.6,-44700,-1629670000,9845470000,2244.6,5.4,Infinity,10000,10000,370000000,37,"2023-02-02T13:52:00.000Z",1675345920000,37,37,37,100,0,0,5.9,,,0,,10000,266700,,370000000,370000000,,
1698.6,-41700,-1518470000,10104270000,2244.6,5.4,2.5,5000,3000,111200000,37,"2023-02-02T13:54:00.000Z",1675346040000,37,36.9,36.9,71.4,28.6,0,2.9,0.9,,0.4,2000,7000,273700,,258800000,185000000,73800000,
1698.6,-36700,-1333470000,10289270000,2244.6,5.4,Infinity,5000,5000,185000000,37,"2023-02-02T13:56:00.000Z",1675346160000,37,37,37,100,0,0,2.9,,,0,,5000,278700,,185000000,185000000,,
1698.6,-37600,-1366680000,10322480000,2244.6,5.4,0,,-900,-33210000,36.9,"2023-02-02T13:58:00.000Z",1675346280000,36.9,36.9,36.9,0,100,0,,0.4,,Infinity,900,900,279600,,33210000,,33210000,
1698.6,-38400,-1396200000,10433180000,2244.6,5.4,0.6,1100,-800,-29520000,36.9,"2023-02-02T14:00:00.000Z",1675346400000,36.9,36.9,36.9,36.7,63.3,0,0.6,0.8,,1.7,1900,3000,282600,,110700000,40590000,70110000,
1698.6,-38500,-1399890000,10436870000,2244.6,5.4,0,,-100,-3690000,36.9,"2023-02-02T14:04:00.000Z",1675346640000,36.9,36.9,36.9,0,100,0,,0,,Infinity,100,100,282700,,3690000,,3690000,
1698.6,-39500,-1436790000,10473770000,2244.6,5.4,0,,-1000,-36900000,36.9,"2023-02-02T14:06:00.000Z",1675346760000,36.9,36.9,36.9,0,100,0,,0.4,,Infinity,1000,1000,283700,,36900000,,36900000,
1698.6,-36600,-1329480000,10588460000,2244.6,5.4,30,3000,2900,107310000,36.9,"2023-02-02T14:10:00.000Z",1675347000000,37,36.9,37,96.8,3.2,0,1.8,0,,0,100,3100,286800,,114690000,111000000,3690000,
1698.6,-41200,-1499220000,10758200000,2244.6,5.4,0,,-4600,-169740000,36.9,"2023-02-02T14:18:00.000Z",1675347480000,36.9,36.9,36.9,0,100,0,,2,,Infinity,4600,4600,291400,,169740000,,169740000,
1698.6,-40900,-1488150000,10769270000,2244.6,5.4,Infinity,300,300,11070000,36.9,"2023-02-02T14:20:00.000Z",1675347600000,36.9,36.9,36.9,100,0,0,0.2,,,0,,300,291700,,11070000,11070000,,
1698.6,-40400,-1469750000,10787670000,2244.6,5.4,Infinity,500,500,18400000,36.8,"2023-02-02T14:56:00.000Z",1675349760000,36.8,36.8,36.8,100,0,0,0.3,,,0,,500,292200,,18400000,18400000,,
