"abu","acum_busd","acum_busd_val","acum_val_bu","acum_val_sd","acum_val","avg_val_bu","avg_val_sd","rbusd","asd","auk","bs","bu","bu-sd","bu-sd_val","c","date","datetime","h","l","o","pbu","psd","puk","rbu","rsd","ruk","sb","sd","sum_vol","total_vol","uk","val","val_bu","val_sd","val_uk"
1258.7,500,33900000,33900000,0,33900000,72826965.1,25599993.7,0.7,412.7,0,Infinity,500,500,33900000,67.8,"2023-02-02T09:18:00.000Z",1675329480000,67.8,67.8,67.8,100,0,0,0.4,,,0,,500,500,,33900000,33900000,,
1258.7,200,13620000,33900000,20280000,54180000,72826965.1,25599993.7,0.4,412.7,0,0,,-300,-20280000,67.6,"2023-02-02T09:22:00.000Z",1675329720000,67.6,67.6,67.6,0,100,0,,0.7,,Infinity,300,300,800,,20280000,,20280000,
1258.7,2400,162340000,182620000,20280000,202900000,72826965.1,25599993.7,3.1,412.7,0,Infinity,2200,2200,148720000,67.6,"2023-02-02T09:24:00.000Z",1675329840000,67.6,67.6,67.6,100,0,0,1.7,,,0,,2200,3000,,148720000,148720000,,
1258.7,3400,230140000,250420000,20280000,270700000,72826965.1,25599993.7,1.4,412.7,0,Infinity,1000,1000,67800000,67.8,"2023-02-02T09:28:00.000Z",1675330080000,67.8,67.8,67.8,100,0,0,0.8,,,0,,1000,4000,,67800000,67800000,,
1258.7,7400,501740000,576260000,74520000,650780000,72826965.1,25599993.7,5.8,412.7,0,6,4800,4000,271600000,67.9,"2023-02-02T09:32:00.000Z",1675330320000,67.9,67.8,67.8,85.7,14.3,0,3.8,1.9,,0.2,800,5600,9600,,380080000,325840000,54240000,
1258.7,7600,515300000,589820000,74520000,664340000,72826965.1,25599993.7,0.3,412.7,0,Infinity,200,200,13560000,67.8,"2023-02-02T09:34:00.000Z",1675330440000,67.8,67.8,67.8,100,0,0,0.2,,,0,,200,9800,,13560000,13560000,,
1258.7,7500,508530000,589820000,81290000,671110000,72826965.1,25599993.7,0.1,412.7,0,0,,-100,-6770000,67.7,"2023-02-02T09:38:00.000Z",1675330680000,67.7,67.7,67.7,0,100,0,,0.2,,Infinity,100,100,9900,,6770000,,6770000,
1258.7,6200,420540000,691670000,271130000,962800000,72826965.1,25599993.7,1.9,412.7,0,0.5,1500,-1300,-87989999.99999999,67.9,"2023-02-02T09:42:00.000Z",1675330920000,67.9,67.8,67.8,34.9,65.1,0,1.2,6.8,,1.9,2800,4300,14200,,291690000,101850000.00000001,189840000,
1258.7,7700,522390000,793520000,271130000,1064650000,72826965.1,25599993.7,2.2,412.7,0,Infinity,1500,1500,101850000.00000001,67.9,"2023-02-02T09:46:00.000Z",1675331160000,67.9,67.9,67.9,100,0,0,1.2,,,0,,1500,15700,,101850000.00000001,101850000.00000001,,
1258.7,7600,413852000,793622000,379770000,1173392000,72826965.1,25599993.7,2.3,412.7,0,0.9,1500,-100,-108538000.00000001,68,"2023-02-02T09:50:00.000Z",1675331400000,68,67.9,67.9,48.4,51.6,0,1.2,3.9,,1.1,1600,3100,18800,,108742000.00000001,102000,108640000.00000001,
1258.7,9600,413988000,793758000,379770000,1173528000,72826965.1,25599993.7,0,412.7,0,Infinity,2000,2000,136000,68,"2023-02-02T09:56:00.000Z",1675331760000,68,68,68,100,0,0,1.6,,,0,,2000,20800,,136000,136000,,
1258.7,8100,413886000,793758000,379872000,1173630000,72826965.1,25599993.7,0,412.7,0,0,,-1500,-102000,68,"2023-02-02T10:04:00.000Z",1675332240000,68,68,68,0,100,0,,3.6,,Infinity,1500,1500,22300,,102000,,102000,
1258.7,10600,414056000,793928000,379872000,1173800000,72826965.1,25599993.7,0,412.7,0,Infinity,2500,2500,170000,68,"2023-02-02T10:06:00.000Z",1675332360000,68,68,68,100,0,0,2,,,0,,2500,24800,,170000,170000,,
1258.7,10600,414036000,807488000,393452000,1200940000,72826965.1,25599993.7,0,412.7,0,1,200,0,-20000.000000001863,67.8,"2023-02-02T10:16:00.000Z",1675332960000,67.9,67.8,67.9,50,50,0,0.2,0.5,,1,200,400,25200,,27140000,13560000,13580000.000000002,
1258.7,13900,637776000,1031228000,393452000,1424680000,72826965.1,25599993.7,4.7,412.7,0,Infinity,3300,3300,223740000,67.8,"2023-02-02T10:24:00.000Z",1675333440000,67.8,67.8,67.8,100,0,0,2.6,,,0,,3300,28500,,223740000,223740000,,
1258.7,15400,739626000,1133078000,393452000,1526530000,72826965.1,25599993.7,2.2,412.7,0,Infinity,1500,1500,101850000.00000001,67.9,"2023-02-02T10:26:00.000Z",1675333560000,67.9,67.9,67.9,100,0,0,1.2,,,0,,1500,30000,,101850000.00000001,101850000.00000001,,
1258.7,14100,651356000,1133078000,481722000,1614800000,72826965.1,25599993.7,1.9,412.7,0,0,,-1300,-88270000.00000001,67.9,"2023-02-02T10:30:00.000Z",1675333800000,67.9,67.9,67.9,0,100,0,,3.1,,Infinity,1300,1300,31300,,88270000.00000001,,88270000.00000001,
1258.7,14500,678496000,1160218000,481722000,1641940000,72826965.1,25599993.7,0.6,412.7,0,Infinity,400,400,27140000,67.8,"2023-02-02T10:36:00.000Z",1675334160000,67.9,67.8,67.9,100,0,0,0.3,,,0,,400,31700,,27140000,27140000,,
1258.7,15700,760056000,1296018000,535962000,1831980000,72826965.1,25599993.7,1.7,412.7,0,2.5,2000,1200,81560000,67.9,"2023-02-02T10:38:00.000Z",1675334280000,67.9,67.8,67.8,71.4,28.6,0,1.6,1.9,,0.4,800,2800,34500,,190040000,135800000,54240000,
1258.7,13900,570004000,1296086000,726082000,2022168000,72826965.1,25599993.7,4,412.7,0,0.4,1000,-1800,-190052000.00000003,68,"2023-02-02T10:40:00.000Z",1675334400000,68,67.9,67.9,26.3,73.7,0,0.8,6.8,,2.8,2800,3800,38300,,190188000.00000003,68000,190120000.00000003,
1258.7,14100,583584000,1309666000,726082000,2035748000,72826965.1,25599993.7,0.3,412.7,0,Infinity,200,200,13580000.000000002,67.9,"2023-02-02T10:42:00.000Z",1675334520000,67.9,67.9,67.9,100,0,0,0.2,,,0,,200,38500,,13580000.000000002,13580000.000000002,,
1258.7,16600,753334000,1479416000,726082000,2205498000,72826965.1,25599993.7,3.6,412.7,0,Infinity,2500,2500,169750000,67.9,"2023-02-02T10:48:00.000Z",1675334880000,67.9,67.9,67.9,100,0,0,2,,,0,,2500,41000,,169750000,169750000,,
1258.7,16300,699048000,1479450000,780402000,2259852000,72826965.1,25599993.7,1.1,412.7,0,0.6,500,-300,-54286000.00000001,68,"2023-02-02T10:50:00.000Z",1675335000000,68,67.9,67.9,38.5,61.5,0,0.4,1.9,,1.6,800,1300,42300,,54354000.00000001,34000,54320000.00000001,
1258.7,18100,733186400,1513636000,780449600,2294085600,72826965.1,25599993.7,0.7,412.7,0,3.6,2500,1800,34138400,68.1,"2023-02-02T10:58:00.000Z",1675335480000,68.1,68,68,78.1,21.9,0,2,1.7,,0.3,700,3200,45500,,34233600,34186000,47600,
1258.7,18400,733206800,1513656400,780449600,2294106000,72826965.1,25599993.7,0,412.7,0,Infinity,300,300,20400,68,"2023-02-02T11:00:00.000Z",1675335600000,68,68,68,100,0,0,0.2,,,0,,300,45800,,20400,20400,,
1258.7,18200,719626800,1513656400,794029600,2307686000,72826965.1,25599993.7,0.3,412.7,0,0,,-200,-13580000.000000002,67.9,"2023-02-02T11:06:00.000Z",1675335960000,67.9,67.9,67.9,0,100,0,,0.5,,Infinity,200,200,46000,,13580000.000000002,,13580000.000000002,
1258.7,19700,821476800,1615506400,794029600,2409536000,72826965.1,25599993.7,2.2,412.7,0,Infinity,1500,1500,101850000,67.9,"2023-02-02T11:12:00.000Z",1675336320000,67.9,67.9,67.9,100,0,0,1.2,,,0,,1500,47500,,101850000,101850000,,
1258.7,21200,923326800,1717356400,794029600,2511386000,72826965.1,25599993.7,2.2,412.7,0,Infinity,1500,1500,101850000.00000001,67.9,"2023-02-02T11:24:00.000Z",1675337040000,67.9,67.9,67.9,100,0,0,1.2,,,0,,1500,49000,,101850000.00000001,101850000.00000001,,
1258.7,20400,869006800,1717356400,848349600,2565706000,72826965.1,25599993.7,1.2,412.7,0,0,,-800,-54320000.00000001,67.9,"2023-02-02T11:26:00.000Z",1675337160000,67.9,67.9,67.9,0,100,0,,1.9,,Infinity,800,800,49800,,54320000.00000001,,54320000.00000001,
1258.7,21000,869047600,1717397200,848349600,2565746800,72826965.1,25599993.7,0,412.7,0,Infinity,600,600,40800,68,"2023-02-02T13:00:00.000Z",1675342800000,68,68,68,100,0,0,0.5,,,0,,600,50400,,40800,40800,,
1258.7,21500,902997600,1819247200,916249600,2735496800,72826965.1,25599993.7,0.7,412.7,0,1.5,1500,500,33950000,67.9,"2023-02-02T13:08:00.000Z",1675343280000,67.9,67.9,67.9,60,40,0,1.2,2.4,,0.7,1000,2500,52900,,169750000.00000003,101850000.00000001,67900000.00000001,
1258.7,22900,916659200,1832908800,916249600,2749158400,72826965.1,25599993.7,0.3,412.7,0,Infinity,1400,1400,13661600.000000002,67.9,"2023-02-02T13:10:00.000Z",1675343400000,68,67.9,68,100,0,0,1.1,,,0,,1400,54300,,13661600.000000002,13661600.000000002,,
1258.7,22700,903099200,1832908800,929809600,2762718400,72826965.1,25599993.7,0.3,412.7,0,0,,-200,-13560000,67.8,"2023-02-02T13:14:00.000Z",1675343640000,67.8,67.8,67.8,0,100,0,,0.5,,Infinity,200,200,54500,,13560000,,13560000,
1258.7,23400,950499200,1900608800,950109600,2850718400,72826965.1,25599993.7,1,412.7,0,3.3,1000,700,47400000,67.7,"2023-02-02T13:20:00.000Z",1675344000000,67.7,67.6,67.7,76.9,23.1,0,0.8,0.7,,0.3,300,1300,55800,,88000000,67700000,20300000,
1258.7,25400,1085899200,2036008800,950109600,2986118400,72826965.1,25599993.7,2.9,412.7,0,Infinity,2000,2000,135400000,67.7,"2023-02-02T13:22:00.000Z",1675344120000,67.7,67.7,67.7,100,0,0,1.6,,,0,,2000,57800,,135400000,135400000,,
1258.7,24600,1031739200,2036008800,1004269600,3040278400,72826965.1,25599993.7,1.1,412.7,0,0,,-800,-54160000,67.7,"2023-02-02T13:24:00.000Z",1675344240000,67.7,67.7,67.7,0,100,0,,1.9,,Infinity,800,800,58600,,54160000,,54160000,
1258.7,24400,1018199200,2036008800,1017809600,3053818400,72826965.1,25599993.7,0.3,412.7,0,0,,-200,-13540000,67.7,"2023-02-02T13:28:00.000Z",1675344480000,67.7,67.7,67.7,0,100,0,,0.5,,Infinity,200,200,58800,,13540000,,13540000,
1258.7,26200,1140029200,2157838800,1017809600,3175648400,72826965.1,25599993.7,2.6,412.7,0,Infinity,1800,1800,121830000,67.6,"2023-02-02T13:30:00.000Z",1675344600000,67.7,67.6,67.7,100,0,0,1.4,,,0,,1800,60600,,121830000,121830000,,
1258.7,25900,1119749200,2259238800,1139489600,3398728400,72826965.1,25599993.7,0.4,412.7,0,0.8,1500,-300,-20280000,67.6,"2023-02-02T13:32:00.000Z",1675344720000,67.6,67.6,67.6,45.5,54.5,0,1.2,4.4,,1.2,1800,3300,63900,,223079999.99999997,101399999.99999999,121679999.99999999,
1258.7,27400,1221299200,2360788800,1139489600,3500278400,72826965.1,25599993.7,2.2,412.7,0,Infinity,1500,1500,101550000,67.7,"2023-02-02T13:36:00.000Z",1675344960000,67.7,67.7,67.7,100,0,0,1.2,,,0,,1500,65400,,101550000,101550000,,
1258.7,30000,1397319200,2536808800,1139489600,3676298400,72826965.1,25599993.7,3.7,412.7,0,Infinity,2600,2600,176020000,67.7,"2023-02-02T13:40:00.000Z",1675345200000,67.7,67.7,67.7,100,0,0,2.1,,,0,,2600,68000,,176020000,176020000,,
1258.7,30600,1437919200,2577408800,1139489600,3716898400,72826965.1,25599993.7,0.9,412.7,0,Infinity,600,600,40600000,67.6,"2023-02-02T13:44:00.000Z",1675345440000,67.7,67.6,67.7,100,0,0,0.5,,,0,,600,68600,,40600000,40600000,,
1258.7,29800,1383839200,2577408800,1193569600,3770978400,72826965.1,25599993.7,1.1,412.7,0,0,,-800,-54079999.99999999,67.6,"2023-02-02T13:46:00.000Z",1675345560000,67.6,67.6,67.6,0,100,0,,1.9,,Infinity,800,800,69400,,54079999.99999999,,54079999.99999999,
1258.7,31500,1498929200,2692498800,1193569600,3886068400,72826965.1,25599993.7,2.4,412.7,0,Infinity,1700,1700,115090000,67.7,"2023-02-02T13:52:00.000Z",1675345920000,67.7,67.7,67.7,100,0,0,1.4,,,0,,1700,71100,,115090000,115090000,,
1258.7,30700,1444769200,2692498800,1247729600,3940228400,72826965.1,25599993.7,1.1,412.7,0,0,,-800,-54160000,67.7,"2023-02-02T13:54:00.000Z",1675346040000,67.7,67.7,67.7,0,100,0,,1.9,,Infinity,800,800,71900,,54160000,,54160000,
1258.7,30000,1397709200,2861588800,1463879600,4325468400,72826965.1,25599993.7,1,412.7,0,0.8,2500,-700,-47060000,67.7,"2023-02-02T13:58:00.000Z",1675346280000,67.7,67.5,67.7,43.9,56.1,0,2,7.8,,1.3,3200,5700,77600,,385240000,169090000,216150000,
1258.7,31700,1512779200,2976658800,1463879600,4440538400,72826965.1,25599993.7,2.4,412.7,0,Infinity,1700,1700,115070000,67.6,"2023-02-02T14:00:00.000Z",1675346400000,67.7,67.6,67.7,100,0,0,1.4,,,0,,1700,79300,,115070000,115070000,,
1258.7,33500,1634459200,3098338800,1463879600,4562218400,72826965.1,25599993.7,2.6,412.7,0,Infinity,1800,1800,121679999.99999999,67.6,"2023-02-02T14:06:00.000Z",1675346760000,67.6,67.6,67.6,100,0,0,1.4,,,0,,1800,81100,,121679999.99999999,121679999.99999999,,
1258.7,34700,1715579200,3179458800,1463879600,4643338400,72826965.1,25599993.7,1.7,412.7,0,Infinity,1200,1200,81120000,67.6,"2023-02-02T14:14:00.000Z",1675347240000,67.6,67.6,67.6,100,0,0,1,,,0,,1200,82300,,81120000,81120000,,
1258.7,37500,1905059200,3368938800,1463879600,4832818400,72826965.1,25599993.7,4,412.7,0,Infinity,2800,2800,189480000,67.7,"2023-02-02T14:22:00.000Z",1675347720000,67.7,67.6,67.6,100,0,0,2.2,,,0,,2800,85100,,189480000,189480000,,
1258.7,39800,2060539200,3537938800,1477399600,5015338400,72826965.1,25599993.7,3.3,412.7,0,12.5,2500,2300,155480000,67.6,"2023-02-02T14:24:00.000Z",1675347840000,67.6,67.6,67.6,92.6,7.4,0,2,0.5,,0.1,200,2700,87800,,182520000,169000000,13519999.999999998,
1258.7,42100,2216219200,3693618800,1477399600,5171018400,72826965.1,25599993.7,3.3,412.7,0,Infinity,2300,2300,155680000,67.7,"2023-02-02T14:26:00.000Z",1675347960000,67.7,67.6,67.6,100,0,0,1.8,,,0,,2300,90100,,155680000,155680000,,
1258.7,45100,2419519200,3896918800,1477399600,5374318400,72826965.1,25599993.7,4.3,412.7,0,Infinity,3000,3000,203300000,67.8,"2023-02-02T14:30:00.000Z",1675348200000,67.8,67.7,67.7,100,0,0,2.4,,,0,,3000,93100,,203300000,203300000,,
1258.7,45300,2433059200,3910458800,1477399600,5387858400,72826965.1,25599993.7,0.3,412.7,0,Infinity,200,200,13540000,67.7,"2023-02-02T14:32:00.000Z",1675348320000,67.7,67.7,67.7,100,0,0,0.2,,,0,,200,93300,,13540000,13540000,,
1258.7,46800,2534609200,4012008800,1477399600,5489408400,72826965.1,25599993.7,2.2,412.7,0,Infinity,1500,1500,101550000,67.7,"2023-02-02T14:34:00.000Z",1675348440000,67.7,67.7,67.7,100,0,0,1.2,,,0,,1500,94800,,101550000,101550000,,
1258.7,49200,2697089200,4174488800,1477399600,5651888400,72826965.1,25599993.7,3.4,412.7,0,Infinity,2400,2400,162480000,67.7,"2023-02-02T14:38:00.000Z",1675348680000,67.7,67.7,67.7,100,0,0,1.9,,,0,,2400,97200,,162480000,162480000,,
1258.7,50100,2758119200,4242288800,1484169600,5726458400,72826965.1,25599993.7,1.3,412.7,0,10,1000,900,61030000,67.7,"2023-02-02T14:40:00.000Z",1675348800000,67.8,67.7,67.8,90.9,9.1,0,0.8,0.2,,0.1,100,1100,98300,,74570000,67800000,6770000,
1258.7,48200,2629489200,4242288800,1612799600,5855088400,72826965.1,25599993.7,2.7,412.7,0,0,,-1900,-128630000,67.7,"2023-02-02T14:44:00.000Z",1675349040000,67.7,67.7,67.7,0,100,0,,4.6,,Infinity,1900,1900,100200,,128630000,,128630000,
1258.7,48900,2676949200,4289748800,1612799600,5902548400,72826965.1,25599993.7,1,412.7,0,Infinity,700,700,47460000,67.8,"2023-02-02T14:46:00.000Z",1675349160000,67.8,67.8,67.8,100,0,0,0.6,,,0,,700,100900,,47460000,47460000,,
1258.7,50900,2812549200,4425348800,1612799600,6038148400,72826965.1,25599993.7,2.9,412.7,0,Infinity,2000,2000,135600000,67.8,"2023-02-02T14:50:00.000Z",1675349400000,67.8,67.8,67.8,100,0,0,1.6,,,0,,2000,102900,,135600000,135600000,,
1258.7,52700,2934589200,4547388800,1612799600,6160188400,72826965.1,25599993.7,2.6,412.7,0,Infinity,1800,1800,122040000,67.8,"2023-02-02T14:52:00.000Z",1675349520000,67.8,67.8,67.8,100,0,0,1.4,,,0,,1800,104700,,122040000,122040000,,
1258.7,53200,2968519200,4581318800,1612799600,6194118400,72826965.1,25599993.7,0.7,412.7,0,Infinity,500,500,33930000,67.8,"2023-02-02T14:54:00.000Z",1675349640000,67.9,67.8,67.9,100,0,0,0.4,,,0,,500,105200,,33930000,33930000,,
1258.7,53300,2975299200,4588098800,1612799600,6200898400,72826965.1,25599993.7,0.1,412.7,0,Infinity,100,100,6780000,67.8,"2023-02-02T14:58:00.000Z",1675349880000,67.8,67.8,67.8,100,0,0,0.1,,,0,,100,105300,,6780000,6780000,,
