"abu","acum_busd","acum_busd_val","acum_val_bu","acum_val_sd","acum_val","avg_val_bu","avg_val_sd","rbusd","asd","auk","bs","bu","bu-sd","bu-sd_val","c","date","datetime","h","l","o","pbu","psd","puk","rbu","rsd","ruk","sb","sd","sum_vol","total_vol","uk","val","val_bu","val_sd","val_uk"
686.8,300,25100000,25100000,0,25100000,56715789.5,156737631.6,-0.3,1897.4,1310.5,Infinity,300,300,25100000,84000,"2023-03-10T09:15:00.000Z",1678439700000,84000,83000,83000,100,0,0,0.4,,,0,,300,300,,25100000,25100000,,
686.8,100,8470000,25100000,16630000,41730000,56715789.5,156737631.6,0.2,1897.4,1310.5,0,,-200,-16630000,83100,"2023-03-10T09:30:00.000Z",1678440600000,83200,83100,83200,0,100,0,,0.1,,Infinity,200,200,500,,16630000,,16630000,
686.8,-100,-8160000,25100000,33260000,58360000,56715789.5,156737631.6,0.2,1897.4,1310.5,0,,-200,-16630000,83100,"2023-03-10T09:35:00.000Z",1678440900000,83200,83100,83200,0,100,0,,0.1,,Infinity,200,200,700,,16630000,,16630000,
686.8,-1600,-132810000,25100000,157910000,183010000,56715789.5,156737631.6,1.2,1897.4,1310.5,0,,-1500,-124650000,83100,"2023-03-10T09:40:00.000Z",1678441200000,83100,83100,83100,0,100,0,,0.8,,Infinity,1500,1500,2200,,124650000,,124650000,
686.8,-5100,-423480000,25100000,448580000,473680000,56715789.5,156737631.6,2.9,1897.4,1310.5,0,,-3500,-290670000,83000,"2023-03-10T09:50:00.000Z",1678441800000,83200,83000,83200,0,100,0,,1.8,,Infinity,3500,3500,5700,,290670000,,290670000,
686.8,-6600,-547860000,41690000,589550000,631240000,56715789.5,156737631.6,1.2,1897.4,1310.5,0.1,200,-1500,-124380000,82900,"2023-03-10T09:55:00.000Z",1678442100000,83000,82900,83000,10.5,89.5,0,0.3,0.9,,8.5,1700,1900,7600,,157560000,16590000,140970000,
686.8,-9200,-763610000,41690000,805300000,846990000,56715789.5,156737631.6,2.2,1897.4,1310.5,0,,-2600,-215750000,82900,"2023-03-10T10:05:00.000Z",1678442700000,83000,82900,83000,0,100,0,,1.4,,Infinity,2600,2600,10200,,215750000,,215750000,
686.8,-9200,-763570000,58310000,821880000,880190000,56715789.5,156737631.6,0,1897.4,1310.5,1,200,0,40000,82900,"2023-03-10T10:10:00.000Z",1678443000000,83100,82900,83100,50,50,0,0.3,0.1,,1,200,400,10600,,33200000,16620000,16580000,
686.8,-10100,-838060000,66620000,904680000,1037620000,56715789.5,156737631.6,0.7,1897.4,1310.5,0.1,100,-900,-74490000,82800,"2023-03-10T10:15:00.000Z",1678443300000,83100,82800,82900,5.3,52.6,42.1,0.1,0.5,0.6,10,1000,1900,12500,800,157430000,8310000,82800000,66320000
686.8,-9100,-755060000,149620000,904680000,1120620000,56715789.5,156737631.6,-0.8,1897.4,1310.5,Infinity,1000,1000,83000000,83000,"2023-03-10T10:20:00.000Z",1678443600000,83000,83000,83000,100,0,0,1.5,,,0,,1000,13500,,83000000,83000000,,
686.8,-11000,-912480000,149620000,1062100000,1278040000,56715789.5,156737631.6,1.6,1897.4,1310.5,0,,-1900,-157420000,82800,"2023-03-10T10:25:00.000Z",1678443900000,82900,82800,82900,0,100,0,,1,,Infinity,1900,1900,15400,,157420000,,157420000,
686.8,-13600,-1127760000,149620000,1277380000,1493320000,56715789.5,156737631.6,2.2,1897.4,1310.5,0,,-2600,-215280000,82800,"2023-03-10T10:30:00.000Z",1678444200000,82800,82800,82800,0,100,0,,1.4,,Infinity,2600,2600,18000,,215280000,,215280000,
686.8,-14200,-1177440000,149620000,1327060000,1584400000,56715789.5,156737631.6,0.5,1897.4,1310.5,0,,-600,-49680000,82800,"2023-03-10T10:40:00.000Z",1678444800000,82800,82800,82800,0,54.5,45.5,,0.3,0.4,Infinity,600,1100,19100,500,91080000,,49680000,41400000
686.8,-15600,-1293220000,149620000,1442840000,1700180000,56715789.5,156737631.6,1.2,1897.4,1310.5,0,,-1400,-115780000,82700,"2023-03-10T10:45:00.000Z",1678445100000,82700,82700,82700,0,100,0,,0.7,,Infinity,1400,1400,20500,,115780000,,115780000,
686.8,-17600,-1458620000,149620000,1608240000,1865580000,56715789.5,156737631.6,1.7,1897.4,1310.5,0,,-2000,-165400000,82700,"2023-03-10T10:50:00.000Z",1678445400000,82700,82700,82700,0,100,0,,1.1,,Infinity,2000,2000,22500,,165400000,,165400000,
686.8,-19600,-1623930000,157890000,1781820000,2047430000,56715789.5,156737631.6,1.7,1897.4,1310.5,0,100,-2000,-165310000,82600,"2023-03-10T10:55:00.000Z",1678445700000,82700,82600,82700,4.5,95.5,0,0.1,1.1,,21,2100,2200,24700,,181850000,8270000,173580000,
686.8,-19900,-1648710000,157890000,1806600000,2072210000,56715789.5,156737631.6,0.2,1897.4,1310.5,0,,-300,-24780000,82600,"2023-03-10T11:00:00.000Z",1678446000000,82600,82600,82600,0,100,0,,0.2,,Infinity,300,300,25000,,24780000,,24780000,
686.8,-21900,-1813910000,157890000,1971800000,2237410000,56715789.5,156737631.6,1.7,1897.4,1310.5,0,,-2000,-165200000,82600,"2023-03-10T11:05:00.000Z",1678446300000,82600,82600,82600,0,100,0,,1.1,,Infinity,2000,2000,27000,,165200000,,165200000,
686.8,-21300,-1764290000,207510000,1971800000,2287030000,56715789.5,156737631.6,-0.5,1897.4,1310.5,Infinity,600,600,49620000,82700,"2023-03-10T11:10:00.000Z",1678446600000,82700,82700,82700,100,0,0,0.9,,,0,,600,27600,,49620000,49620000,,
686.8,-29900,-2474190000,207510000,2681700000,2996930000,56715789.5,156737631.6,7.1,1897.4,1310.5,0,,-8600,-709900000,82500,"2023-03-10T11:25:00.000Z",1678447500000,82700,82500,82700,0,100,0,,4.5,,Infinity,8600,8600,36200,,709900000,,709900000,
686.8,-29900,-2474140000,224070000,2698210000,3030000000,56715789.5,156737631.6,0,1897.4,1310.5,1,200,0,50000,82600,"2023-03-10T13:00:00.000Z",1678453200000,82800,82500,82500,50,50,0,0.3,0.1,,1,200,400,36600,,33070000,16560000,16510000,
686.8,-31400,-2598040000,224070000,2822110000,3153900000,56715789.5,156737631.6,1.2,1897.4,1310.5,0,,-1500,-123900000,82600,"2023-03-10T13:10:00.000Z",1678453800000,82600,82600,82600,0,100,0,,0.8,,Infinity,1500,1500,38100,,123900000,,123900000,
686.8,-34700,-2870260000,323170000,3193430000,3649070000,56715789.5,156737631.6,2.7,1897.4,1310.5,0.3,1200,-3300,-272220000,82600,"2023-03-10T13:15:00.000Z",1678454100000,82600,82500,82600,20,75,5,1.7,2.4,0.2,3.8,4500,6000,44100,300,495170000,99100000,371320000,24750000
686.8,-37700,-3117600000,323170000,3440770000,3896410000,56715789.5,156737631.6,2.5,1897.4,1310.5,0,,-3000,-247340000,82400,"2023-03-10T13:20:00.000Z",1678454400000,82500,82400,82500,0,100,0,,1.6,,Infinity,3000,3000,47100,,247340000,,247340000,
686.8,-38600,-3191670000,562600000,3754270000,4449340000,56715789.5,156737631.6,0.7,1897.4,1310.5,0.8,2900,-900,-74070000,82600,"2023-03-10T13:25:00.000Z",1678454700000,82600,82500,82500,43.3,56.7,0,4.2,2,,1.3,3800,6700,53800,,552930000,239430000,313500000,
686.8,-38000,-3142100000,620430000,3762530000,4515430000,56715789.5,156737631.6,-0.5,1897.4,1310.5,7,700,600,49570000,82600,"2023-03-10T13:30:00.000Z",1678455000000,82700,82600,82600,87.5,12.5,0,1,0.1,,0.1,100,800,54600,,66090000,57830000,8260000,
686.8,-41700,-3447240000,752590000,4199830000,5084890000,56715789.5,156737631.6,3.1,1897.4,1310.5,0.3,1600,-3700,-305140000,82500,"2023-03-10T13:35:00.000Z",1678455300000,82600,82500,82600,23.2,76.8,0,2.3,2.8,,3.3,5300,6900,61500,,569460000,132160000,437300000,
686.8,-39500,-3265560000,1082590000,4348150000,5563210000,56715789.5,156737631.6,-1.8,1897.4,1310.5,2.2,4000,2200,181680000,82500,"2023-03-10T13:40:00.000Z",1678455600000,82500,82400,82500,69,31,0,5.8,0.9,,0.5,1800,5800,67300,,478320000,330000000,148320000,
686.8,-36200,-2993310000,1387840000,4381150000,5909710000,56715789.5,156737631.6,-2.7,1897.4,1310.5,9.3,3700,3300,272250000,82500,"2023-03-10T13:45:00.000Z",1678455900000,82500,82500,82500,88.1,9.5,2.4,5.4,0.2,0.1,0.1,400,4200,71500,100,346500000,305250000,33000000,8250000
686.8,-43900,-3628480000,1396090000,5024570000,6561380000,56715789.5,156737631.6,6.4,1897.4,1310.5,0,100,-7700,-635170000,82500,"2023-03-10T13:50:00.000Z",1678456200000,82500,82400,82500,1.3,98.7,0,0.1,4.1,,78,7800,7900,79400,,651670000,8250000,643420000,
686.8,-43300,-3578960000,1503340000,5082300000,6726360000,56715789.5,156737631.6,-0.5,1897.4,1310.5,1.9,1300,600,49520000,82500,"2023-03-10T13:55:00.000Z",1678456500000,82500,82400,82400,65,35,0,1.9,0.4,,0.5,700,2000,81400,,164980000,107250000,57730000,
686.8,-46200,-3818170000,1536360000,5354530000,7048110000,56715789.5,156737631.6,2.4,1897.4,1310.5,0.1,400,-2900,-239210000,82400,"2023-03-10T14:00:00.000Z",1678456800000,82600,82400,82500,10.3,84.6,5.1,0.6,1.7,0.2,8.3,3300,3900,85300,200,321750000,33020000,272230000,16500000
686.8,-42800,-3537670000,1816860000,5354530000,7328610000,56715789.5,156737631.6,-2.8,1897.4,1310.5,Infinity,3400,3400,280500000,82500,"2023-03-10T14:05:00.000Z",1678457100000,82500,82500,82500,100,0,0,5,,,0,,3400,88700,,280500000,280500000,,
686.8,-45700,-3776560000,1907540000,5684100000,7748860000,56715789.5,156737631.6,2.4,1897.4,1310.5,0.3,1100,-2900,-238890000,82300,"2023-03-10T14:10:00.000Z",1678457400000,82500,82300,82500,21.6,78.4,0,1.6,2.1,,3.6,4000,5100,93800,,420250000,90680000,329570000,
686.8,-47700,-3941250000,1907540000,5848790000,7913550000,56715789.5,156737631.6,1.6,1897.4,1310.5,0,,-2000,-164690000,82400,"2023-03-10T14:15:00.000Z",1678457700000,82400,82300,82300,0,100,0,,1.1,,Infinity,2000,2000,95800,,164690000,,164690000,
686.8,-45800,-3784490000,2072540000,5857030000,8086790000,56715789.5,156737631.6,-1.6,1897.4,1310.5,20,2000,1900,156760000,82500,"2023-03-10T14:20:00.000Z",1678458000000,82500,82400,82400,95.2,4.8,0,2.9,0.1,,0.1,100,2100,97900,,173240000,165000000,8240000,
686.8,-46000,-3800830000,2155200000,5956030000,8268450000,56715789.5,156737631.6,0.2,1897.4,1310.5,0.8,1000,-200,-16340000,83300,"2023-03-10T14:25:00.000Z",1678458300000,83300,82500,82500,45.5,54.5,0,1.5,0.6,,1.2,1200,2200,100100,,181660000,82660000,99000000,
686.8,-46000,-3800830000,2155200000,5956030000,12282470000,56715789.5,156737631.6,0,1897.4,1310.5,NaN,,0,0,83800,"2023-03-10T14:45:00.000Z",1678459500000,83800,83800,83800,0,0,100,,,36.6,NaN,,47900,148000,47900,4014020000,,,4014020000
