"abu","acum_busd","acum_busd_val","acum_val_bu","acum_val_sd","acum_val","avg_val_bu","avg_val_sd","rbusd","asd","auk","bs","bu","bu-sd","bu-sd_val","c","date","datetime","h","l","o","pbu","psd","puk","rbu","rsd","ruk","sb","sd","sum_vol","total_vol","uk","val","val_bu","val_sd","val_uk"
35080.4,-43500,-572280000,3119975000,3692255000,29413650000,488562934.8,582081087,6.1,41923.9,36802.2,0.8,221400,-43500,-572280000,14100,"2023-03-10T09:15:00.000Z",1678439700000,14200,13700,14200,10.7,12.7,76.6,6.3,6.3,43.3,1.2,264900,2078000,2078000,1591700,29413650000,3119975000,3692255000,22601420000
35080.4,-149300,-2054910000,4393145000,6448055000,33547625000,488562934.8,582081087,15.9,41923.9,36802.2,0.5,90600,-105800,-1482630000,14000,"2023-03-10T09:20:00.000Z",1678440000000,14100,13950,14100,30.8,66.7,2.5,2.6,4.7,0.2,2.2,196400,294500,2372500,7500,4133975000,1273170000,2755800000,105005000
35080.4,-203400,-2803635000,5653680000,8457315000,36817420000,488562934.8,582081087,8,41923.9,36802.2,0.6,90300,-54100,-748725000,13950,"2023-03-10T09:25:00.000Z",1678440300000,14000,13850,14000,38.5,61.5,0,2.6,3.4,,1.6,144400,234700,2607200,,3269795000,1260535000,2009260000,
35080.4,-390900,-5401650000,6265255000,11666905000,40638585000,488562934.8,582081087,27.8,41923.9,36802.2,0.2,44100,-187500,-2598015000,13800,"2023-03-10T09:30:00.000Z",1678440600000,13950,13800,13950,16,84,0,1.3,5.5,,5.3,231600,275700,2882900,,3821165000,611575000,3209590000,
35080.4,-365800,-5051770000,6921215000,11972985000,41600625000,488562934.8,582081087,-3.7,41923.9,36802.2,2.1,47200,25100,349880000,13900,"2023-03-10T09:35:00.000Z",1678440900000,13900,13800,13800,68.1,31.9,0,1.3,0.5,,0.5,22100,69300,2952200,,962040000,655960000,306080000,
35080.4,-309100,-4262130000,7841105000,12103235000,42650765000,488562934.8,582081087,-8.4,41923.9,36802.2,7,66100,56700,789640000,13950,"2023-03-10T09:40:00.000Z",1678441200000,13950,13850,13850,87.5,12.5,0,1.9,0.2,,0.1,9400,75500,3027700,,1050140000,919890000,130250000,
35080.4,-340000,-4691405000,7913645000,12605050000,43225120000,488562934.8,582081087,4.6,41923.9,36802.2,0.1,5200,-30900,-429275000,13900,"2023-03-10T09:45:00.000Z",1678441500000,13950,13900,13950,12.6,87.4,0,0.1,0.9,,6.9,36100,41300,3069000,,574355000,72540000,501815000,
35080.4,-321900,-4439715000,8206935000,12646650000,43564180000,488562934.8,582081087,-2.7,41923.9,36802.2,7,21100,18100,251690000,13900,"2023-03-10T09:50:00.000Z",1678441800000,13900,13850,13900,86.5,12.3,1.2,0.6,0.1,0,0.1,3000,24400,3093400,300,339060000,293290000,41600000,4170000
35080.4,-281700,-3876645000,9794610000,13671255000,46176460000,488562934.8,582081087,-6,41923.9,36802.2,1.5,114100,40200,563070000,13900,"2023-03-10T09:55:00.000Z",1678442100000,13950,13850,13900,60.7,39.3,0,3.3,1.8,,0.6,73900,188000,3281400,,2612280000,1587675000,1024605000,
35080.4,-275800,-3794630000,9880790000,13675420000,46266805000,488562934.8,582081087,-0.9,41923.9,36802.2,20.7,6200,5900,82015000,13900,"2023-03-10T10:00:00.000Z",1678442400000,13900,13850,13900,95.4,4.6,0,0.2,0,,0,300,6500,3287900,,90345000,86180000,4165000,
35080.4,-305700,-4210110000,9958660000,14168770000,46868605000,488562934.8,582081087,4.4,41923.9,36802.2,0.2,5600,-29900,-415480000,13900,"2023-03-10T10:05:00.000Z",1678442700000,13950,13850,13900,12.9,82,5.1,0.2,0.8,0.1,6.3,35500,43300,3331200,2200,601800000,77870000,493350000,30580000
35080.4,-331500,-4568290000,10004630000,14572920000,47318725000,488562934.8,582081087,3.8,41923.9,36802.2,0.1,3300,-25800,-358180000,13900,"2023-03-10T10:10:00.000Z",1678443000000,13950,13850,13900,10.2,89.8,0,0.1,0.7,,8.8,29100,32400,3363600,,450120000,45970000,404150000,
35080.4,-352400,-4858485000,10092515000,14951000000,47784690000,488562934.8,582081087,3.1,41923.9,36802.2,0.2,6300,-20900,-290195000,13900,"2023-03-10T10:15:00.000Z",1678443300000,13950,13900,13900,18.8,81.2,0,0.2,0.6,,4.3,27200,33500,3397100,,465965000,87885000,378080000,
35080.4,-372600,-5139160000,10233000000,15372160000,48364405000,488562934.8,582081087,3,41923.9,36802.2,0.3,10100,-20200,-280675000,13900,"2023-03-10T10:20:00.000Z",1678443600000,13950,13850,13900,24.2,72.7,3.1,0.3,0.7,0,3,30300,41700,3438800,1300,579715000,140485000,421160000,18070000
35080.4,-374400,-5163685000,10345590000,15509275000,48614110000,488562934.8,582081087,0.3,41923.9,36802.2,0.8,8100,-1800,-24525000,13850,"2023-03-10T10:25:00.000Z",1678443900000,13900,13850,13850,45,55,0,0.2,0.2,,1.2,9900,18000,3456800,,249705000,112590000,137115000,
35080.4,-339900,-4683400000,11064550000,15747950000,49571745000,488562934.8,582081087,-5.1,41923.9,36802.2,3,51700,34500,480285000,13900,"2023-03-10T10:30:00.000Z",1678444200000,13950,13850,13850,75,25,0,1.5,0.4,,0.3,17200,68900,3525700,,957635000,718960000,238675000,
35080.4,-322800,-4445590000,11335600000,15781190000,49876035000,488562934.8,582081087,-2.5,41923.9,36802.2,8.1,19500,17100,237810000,13900,"2023-03-10T10:35:00.000Z",1678444500000,13900,13850,13850,89,11,0,0.6,0.1,,0.1,2400,21900,3547600,,304290000,271050000,33240000,
35080.4,-316800,-4361835000,11576355000,15938190000,50273790000,488562934.8,582081087,-0.9,41923.9,36802.2,1.5,17300,6000,83755000,13900,"2023-03-10T10:40:00.000Z",1678444800000,13950,13850,13900,60.5,39.5,0,0.5,0.3,,0.7,11300,28600,3576200,,397755000,240755000,157000000,
35080.4,-322600,-4441645000,11720915000,16162560000,50642720000,488562934.8,582081087,0.9,41923.9,36802.2,0.6,10400,-5800,-79810000,13850,"2023-03-10T10:45:00.000Z",1678445100000,13900,13850,13900,39.1,60.9,0,0.3,0.4,,1.6,16200,26600,3602800,,368930000,144560000,224370000,
35080.4,-312300,-4298215000,11936365000,16234580000,50930190000,488562934.8,582081087,-1.5,41923.9,36802.2,3,15500,10300,143430000,13900,"2023-03-10T10:50:00.000Z",1678445400000,13900,13850,13850,74.9,25.1,0,0.4,0.1,,0.3,5200,20700,3623500,,287470000,215450000,72020000,
35080.4,-301000,-4141040000,12122625000,16263665000,51145535000,488562934.8,582081087,-1.7,41923.9,36802.2,6.4,13400,11300,157175000,13850,"2023-03-10T10:55:00.000Z",1678445700000,13900,13850,13900,86.5,13.5,0,0.4,0.1,,0.2,2100,15500,3639000,,215345000,186260000,29085000,
35080.4,-312300,-4297290000,12193515000,16490805000,51443565000,488562934.8,582081087,1.7,41923.9,36802.2,0.3,5100,-11300,-156250000,13850,"2023-03-10T11:00:00.000Z",1678446000000,13900,13850,13850,23.7,76.3,0,0.1,0.4,,3.2,16400,21500,3660500,,298030000,70890000,227140000,
35080.4,-369400,-5087325000,12296005000,17383330000,52438580000,488562934.8,582081087,8.4,41923.9,36802.2,0.1,7400,-57100,-790035000,13800,"2023-03-10T11:05:00.000Z",1678446300000,13850,13800,13850,10.3,89.7,0,0.2,1.5,,8.7,64500,71900,3732400,,995015000,102490000,892525000,
35080.4,-372100,-5124515000,12315395000,17439910000,52514550000,488562934.8,582081087,0.4,41923.9,36802.2,0.3,1400,-2700,-37190000,13850,"2023-03-10T11:10:00.000Z",1678446600000,13850,13800,13800,25.5,74.5,0,0,0.1,,2.9,4100,5500,3737900,,75970000,19390000,56580000,
35080.4,-348900,-4803160000,12772445000,17575605000,53107295000,488562934.8,582081087,-3.4,41923.9,36802.2,3.4,33000,23200,321355000,13850,"2023-03-10T11:15:00.000Z",1678446900000,13850,13800,13800,77.1,22.9,0,0.9,0.2,,0.3,9800,42800,3780700,,592745000,457050000,135695000,
35080.4,-349100,-4805925000,12880475000,17686400000,53326120000,488562934.8,582081087,0,41923.9,36802.2,1,7800,-200,-2765000,13850,"2023-03-10T11:20:00.000Z",1678447200000,13850,13800,13850,49.4,50.6,0,0.2,0.2,,1,8000,15800,3796500,,218825000,108030000,110795000,
35080.4,-379400,-5225580000,12942800000,18168380000,53870425000,488562934.8,582081087,4.5,41923.9,36802.2,0.1,4500,-30300,-419655000,13850,"2023-03-10T11:25:00.000Z",1678447500000,13850,13850,13850,11.5,88.5,0,0.1,0.8,,7.7,34800,39300,3835800,,544305000,62325000,481980000,
35080.4,-407600,-5612785000,13484335000,19097120000,55340700000,488562934.8,582081087,4.1,41923.9,36802.2,0.6,39100,-28200,-387205000,13850,"2023-03-10T13:00:00.000Z",1678453200000,13850,13800,13850,36.7,63.3,0,1.1,1.6,,1.7,67300,106400,3942200,,1470275000,541535000,928740000,
35080.4,-391700,-5392220000,13801500000,19193720000,55754465000,488562934.8,582081087,-2.4,41923.9,36802.2,3.3,22900,15900,220565000,13850,"2023-03-10T13:05:00.000Z",1678453500000,13850,13800,13850,76.6,23.4,0,0.7,0.2,,0.3,7000,29900,3972100,,413765000,317165000,96600000,
35080.4,-380400,-5235280000,14078500000,19313780000,56151525000,488562934.8,582081087,-1.7,41923.9,36802.2,2.3,20000,11300,156940000,13800,"2023-03-10T13:10:00.000Z",1678453800000,13850,13800,13850,69.7,30.3,0,0.6,0.2,,0.4,8700,28700,4000800,,397060000,277000000,120060000,
35080.4,-427300,-5881970000,14225310000,20107280000,57091835000,488562934.8,582081087,6.9,41923.9,36802.2,0.2,10600,-46900,-646690000,13800,"2023-03-10T13:15:00.000Z",1678454100000,13850,13800,13800,15.6,84.4,0,0.3,1.4,,5.4,57500,68100,4068900,,940310000,146810000,793500000,
35080.4,-436500,-6007010000,15303205000,21310215000,59372665000,488562934.8,582081087,1.3,41923.9,36802.2,0.9,78000,-9200,-125040000,13800,"2023-03-10T13:20:00.000Z",1678454400000,13850,13750,13800,47.2,52.8,0,2.2,2.1,,1.1,87200,165200,4234100,,2280830000,1077895000,1202935000,
35080.4,-447200,-6154400000,15377995000,21532395000,59669635000,488562934.8,582081087,1.6,41923.9,36802.2,0.3,5400,-10700,-147390000,13850,"2023-03-10T13:25:00.000Z",1678454700000,13850,13800,13800,25.1,74.9,0,0.2,0.4,,3,16100,21500,4255600,,296970000,74790000,222180000,
35080.4,-423300,-5823300000,15843380000,21666680000,60269305000,488562934.8,582081087,-3.5,41923.9,36802.2,3.5,33600,23900,331100000,13850,"2023-03-10T13:30:00.000Z",1678455000000,13900,13800,13850,77.6,22.4,0,1,0.2,,0.3,9700,43300,4298900,,599670000,465385000,134285000,
35080.4,-398500,-5479235000,16201245000,21680480000,60948440000,488562934.8,582081087,-3.7,41923.9,36802.2,25.8,25800,24800,344065000,13900,"2023-03-10T13:35:00.000Z",1678455300000,13900,13800,13850,52.7,2,45.3,0.7,0,0.6,0,1000,49000,4347900,22200,679135000,357865000,13800000,307470000
35080.4,-378700,-5203920000,16621985000,21825905000,61514605000,488562934.8,582081087,-2.9,41923.9,36802.2,2.9,30300,19800,275315000,13850,"2023-03-10T13:40:00.000Z",1678455600000,13900,13850,13850,74.3,25.7,0,0.9,0.3,,0.3,10500,40800,4388700,,566165000,420740000,145425000,
35080.4,-392400,-5393535000,16658125000,22051660000,61776500000,488562934.8,582081087,2,41923.9,36802.2,0.2,2600,-13700,-189615000,13850,"2023-03-10T13:45:00.000Z",1678455900000,13900,13850,13850,13.8,86.2,0,0.1,0.4,,6.3,16300,18900,4407600,,261895000,36140000,225755000,
35080.4,-399100,-5485605000,16910920000,22396525000,62374160000,488562934.8,582081087,1,41923.9,36802.2,0.7,18200,-6700,-92070000,13900,"2023-03-10T13:50:00.000Z",1678456200000,13900,13850,13850,42.2,57.8,0,0.5,0.6,,1.4,24900,43100,4450700,,597660000,252795000,344865000,
35080.4,-418700,-5755005000,17483600000,23238605000,63788920000,488562934.8,582081087,2.9,41923.9,36802.2,0.7,41200,-19600,-269400000,13900,"2023-03-10T13:55:00.000Z",1678456500000,13900,13850,13900,40.4,59.6,0,1.2,1.5,,1.5,60800,102000,4552700,,1414760000,572680000,842080000,
35080.4,-379500,-5209625000,18167480000,23377105000,64611300000,488562934.8,582081087,-5.8,41923.9,36802.2,4.9,49200,39200,545380000,13850,"2023-03-10T14:00:00.000Z",1678456800000,13900,13850,13900,83.1,16.9,0,1.4,0.2,,0.2,10000,59200,4611900,,822380000,683880000,138500000,
35080.4,-382200,-5246800000,18228640000,23475440000,64770795000,488562934.8,582081087,0.4,41923.9,36802.2,0.6,4400,-2700,-37175000,13900,"2023-03-10T14:05:00.000Z",1678457100000,13900,13850,13850,38.3,61.7,0,0.1,0.2,,1.6,7100,11500,4623400,,159495000,61160000,98335000,
35080.4,-436900,-6002745000,19305000000,25307745000,67679460000,488562934.8,582081087,8.1,41923.9,36802.2,0.6,77600,-54700,-755945000,13850,"2023-03-10T14:10:00.000Z",1678457400000,13900,13800,13900,37,63,0,2.2,3.2,,1.7,132300,209900,4833300,,2908665000,1076360000,1832305000,
35080.4,-412600,-5666075000,19752355000,25418430000,68237500000,488562934.8,582081087,-3.6,41923.9,36802.2,4,32300,24300,336670000,13850,"2023-03-10T14:15:00.000Z",1678457700000,13850,13800,13850,80.1,19.9,0,0.9,0.2,,0.2,8000,40300,4873600,,558040000,447355000,110685000,
35080.4,-419600,-5760920000,20337545000,26098465000,69502725000,488562934.8,582081087,1,41923.9,36802.2,0.9,42100,-7000,-94845000,13850,"2023-03-10T14:20:00.000Z",1678458000000,13900,13850,13850,46.2,53.8,0,1.2,1.2,,1.2,49100,91200,4964800,,1265225000,585190000,680035000,
35080.4,-314800,-4301835000,22473895000,26775730000,72316340000,488562934.8,582081087,-15.6,41923.9,36802.2,3.1,153700,104800,1459085000,13850,"2023-03-10T14:25:00.000Z",1678458300000,13900,13850,13850,75.9,24.1,0,4.4,1.2,,0.3,48900,202600,5167400,,2813615000,2136350000,677265000,
35080.4,-314800,-4301835000,22473895000,26775730000,73260755000,488562934.8,582081087,0,41923.9,36802.2,NaN,,0,0,13950,"2023-03-10T14:45:00.000Z",1678459500000,13950,13950,13950,0,0,100,,,1.8,NaN,,67700,5235100,67700,944415000,,,944415000
