"abu","acum_busd","acum_busd_val","acum_val_bu","acum_val_sd","acum_val","avg_val_bu","avg_val_sd","rbusd","asd","auk","bs","bu","bu-sd","bu-sd_val","c","date","datetime","h","l","o","pbu","psd","puk","rbu","rsd","ruk","sb","sd","sum_vol","total_vol","uk","val","val_bu","val_sd","val_uk"
5541,700,2416000,2416000,0,2416000,19330410.3,13851794.9,0.4,3982.1,0,Infinity,700,700,2416000,3460,"2023-03-10T09:15:00.000Z",1678439700000,3460,3450,3450,100,0,0,0.1,,,0,,700,700,,2416000,2416000,,
5541,2300,7920000,8608000,688000,9296000,19330410.3,13851794.9,1,3982.1,0,9,1800,1600,5504000,3440,"2023-03-10T09:25:00.000Z",1678440300000,3440,3440,3440,90,10,0,0.3,0.1,,0.1,200,2000,2700,,6880000,6192000,688000,
5541,3100,10708000,15832000,5124000,20956000,19330410.3,13851794.9,0.5,3982.1,0,1.6,2100,800,2788000,3400,"2023-03-10T09:30:00.000Z",1678440600000,3440,3400,3440,61.8,38.2,0,0.4,0.3,,0.6,1300,3400,6100,,11660000,7224000,4436000,
5541,43600,149628000,154752000,5124000,159876000,19330410.3,13851794.9,25.4,3982.1,0,Infinity,40500,40500,138920000,3440,"2023-03-10T09:35:00.000Z",1678440900000,3440,3430,3430,100,0,0,7.3,,,0,,40500,46600,,138920000,138920000,,
5541,44700,153412000,158880000,5468000,164348000,19330410.3,13851794.9,0.7,3982.1,0,12,1200,1100,3784000,3440,"2023-03-10T09:40:00.000Z",1678441200000,3440,3440,3440,92.3,7.7,0,0.2,0,,0.1,100,1300,47900,,4472000,4128000,344000,
5541,47400,162820000,172820000,10000000,182820000,19330410.3,13851794.9,1.7,3982.1,0,3.1,4000,2700,9408000,3490,"2023-03-10T09:45:00.000Z",1678441500000,3490,3440,3440,75.5,24.5,0,0.7,0.3,,0.3,1300,5300,53200,,18472000,13940000,4532000,
5541,52400,180170000,225170000,45000000,270170000,19330410.3,13851794.9,3.2,3982.1,0,1.5,15000,5000,17350000,3500,"2023-03-10T09:50:00.000Z",1678441800000,3500,3490,3490,60,40,0,2.7,2.5,,0.7,10000,25000,78200,,87350000,52350000,35000000,
5541,55800,192036000,237036000,45000000,282036000,19330410.3,13851794.9,2.2,3982.1,0,Infinity,3400,3400,11866000,3490,"2023-03-10T09:55:00.000Z",1678442100000,3490,3490,3490,100,0,0,0.6,,,0,,3400,81600,,11866000,11866000,,
5541,61100,210608000,263352000,52744000,316096000,19330410.3,13851794.9,3.4,3982.1,0,3.4,7500,5300,18572000,3520,"2023-03-10T10:00:00.000Z",1678442400000,3520,3500,3500,77.3,22.7,0,1.4,0.6,,0.3,2200,9700,91300,,34060000,26316000,7744000,
5541,56200,193470000,265464000,71994000,337458000,19330410.3,13851794.9,-3.1,3982.1,0,0.1,600,-4900,-17138000,3500,"2023-03-10T10:05:00.000Z",1678442700000,3520,3500,3520,9.8,90.2,0,0.1,1.4,,9.2,5500,6100,97400,,21362000,2112000,19250000,
5541,65000,224280000,296274000,71994000,368268000,19330410.3,13851794.9,5.6,3982.1,0,Infinity,8800,8800,30810000,3500,"2023-03-10T10:15:00.000Z",1678443300000,3510,3500,3500,100,0,0,1.6,,,0,,8800,106200,,30810000,30810000,,
5541,67700,233730000,305724000,71994000,377718000,19330410.3,13851794.9,1.7,3982.1,0,Infinity,2700,2700,9450000,3500,"2023-03-10T10:20:00.000Z",1678443600000,3500,3500,3500,100,0,0,0.5,,,0,,2700,108900,,9450000,9450000,,
5541,63300,218330000,305724000,87394000,393118000,19330410.3,13851794.9,-2.8,3982.1,0,0,,-4400,-15400000,3500,"2023-03-10T10:25:00.000Z",1678443900000,3500,3500,3500,0,100,0,,1.1,,Infinity,4400,4400,113300,,15400000,,15400000,
5541,60100,207130000,305724000,98594000,404318000,19330410.3,13851794.9,-2,3982.1,0,0,,-3200,-11200000,3500,"2023-03-10T10:30:00.000Z",1678444200000,3500,3500,3500,0,100,0,,0.8,,Infinity,3200,3200,116500,,11200000,,11200000,
5541,60400,208180000,306774000,98594000,405368000,19330410.3,13851794.9,0.2,3982.1,0,Infinity,300,300,1050000,3500,"2023-03-10T10:35:00.000Z",1678444500000,3500,3500,3500,100,0,0,0.1,,,0,,300,116800,,1050000,1050000,,
5541,59500,205075000,306774000,101699000,408473000,19330410.3,13851794.9,-0.6,3982.1,0,0,,-900,-3105000,3450,"2023-03-10T10:40:00.000Z",1678444800000,3450,3450,3450,0,100,0,,0.2,,Infinity,900,900,117700,,3105000,,3105000,
5541,59000,203355000,306774000,103419000,410193000,19330410.3,13851794.9,-0.3,3982.1,0,0,,-500,-1720000,3440,"2023-03-10T10:45:00.000Z",1678445100000,3440,3440,3440,0,100,0,,0.1,,Infinity,500,500,118200,,1720000,,1720000,
5541,57000,196475000,306774000,110299000,417073000,19330410.3,13851794.9,-1.3,3982.1,0,0,,-2000,-6880000,3440,"2023-03-10T10:50:00.000Z",1678445400000,3440,3440,3440,0,100,0,,0.5,,Infinity,2000,2000,120200,,6880000,,6880000,
5541,55200,190283000,306774000,116491000,423265000,19330410.3,13851794.9,-1.1,3982.1,0,0,,-1800,-6192000,3440,"2023-03-10T10:55:00.000Z",1678445700000,3440,3440,3440,0,100,0,,0.5,,Infinity,1800,1800,122000,,6192000,,6192000,
5541,58400,201291000,317782000,116491000,434273000,19330410.3,13851794.9,2,3982.1,0,Infinity,3200,3200,11008000,3440,"2023-03-10T11:10:00.000Z",1678446600000,3440,3440,3440,100,0,0,0.6,,,0,,3200,125200,,11008000,11008000,,
5541,58500,201635000,318126000,116491000,434617000,19330410.3,13851794.9,0.1,3982.1,0,Infinity,100,100,344000,3440,"2023-03-10T11:20:00.000Z",1678447200000,3440,3440,3440,100,0,0,0,,,0,,100,125300,,344000,344000,,
5541,58300,200947000,318126000,117179000,435305000,19330410.3,13851794.9,-0.1,3982.1,0,0,,-200,-688000,3440,"2023-03-10T13:00:00.000Z",1678453200000,3440,3440,3440,0,100,0,,0.1,,Infinity,200,200,125500,,688000,,688000,
5541,54600,188316000,321616000,133300000,454916000,19330410.3,13851794.9,-2.3,3982.1,0,0.2,1000,-3700,-12631000,3490,"2023-03-10T13:05:00.000Z",1678453500000,3490,3430,3430,17.5,82.5,0,0.2,1.2,,4.7,4700,5700,131200,,19611000,3490000,16121000,
5541,84000,291082000,424382000,133300000,557682000,19330410.3,13851794.9,18.8,3982.1,0,Infinity,29400,29400,102766000,3500,"2023-03-10T13:10:00.000Z",1678453800000,3500,3480,3480,100,0,0,5.3,,,0,,29400,160600,,102766000,102766000,,
5541,103800,360707000,509430000,148723000,658153000,19330410.3,13851794.9,12.7,3982.1,0,5.5,24200,19800,69625000,3520,"2023-03-10T13:15:00.000Z",1678454100000,3520,3500,3510,84.6,15.4,0,4.4,1.1,,0.2,4400,28600,189200,,100471000,85048000,15423000,
5541,103600,360023000,527080000,167057000,694137000,19330410.3,13851794.9,-0.1,3982.1,0,1,5000,-200,-684000,3530,"2023-03-10T13:20:00.000Z",1678454400000,3530,3520,3530,49,51,0,0.9,1.3,,1,5200,10200,199400,,35984000,17650000,18334000,
5541,118900,414023000,597318000,183295000,780613000,19330410.3,13851794.9,9.9,3982.1,0,4.3,19900,15300,54000000,3530,"2023-03-10T13:25:00.000Z",1678454700000,3540,3520,3520,81.2,18.8,0,3.6,1.2,,0.2,4600,24500,223900,,86476000,70238000,16238000,
5541,117800,410163000,597318000,187155000,784473000,19330410.3,13851794.9,-0.7,3982.1,0,0,,-1100,-3860000,3500,"2023-03-10T13:30:00.000Z",1678455000000,3510,3500,3510,0,100,0,,0.3,,Infinity,1100,1100,225000,,3860000,,3860000,
5541,115800,403213000,621868000,218655000,840523000,19330410.3,13851794.9,-1.3,3982.1,0,0.8,7000,-2000,-6950000,3500,"2023-03-10T13:35:00.000Z",1678455300000,3510,3500,3510,43.8,56.3,0,1.3,2.3,,1.3,9000,16000,241000,,56050000,24550000,31500000,
5541,101000,351413000,621868000,270455000,892323000,19330410.3,13851794.9,-9.5,3982.1,0,0,,-14800,-51800000,3500,"2023-03-10T13:40:00.000Z",1678455600000,3500,3500,3500,0,100,0,,3.7,,Infinity,14800,14800,255800,,51800000,,51800000,
5541,106000,369013000,656968000,287955000,944923000,19330410.3,13851794.9,3.2,3982.1,0,2,10000,5000,17600000,3500,"2023-03-10T13:45:00.000Z",1678455900000,3510,3500,3500,66.7,33.3,0,1.8,1.3,,0.5,5000,15000,270800,,52600000,35100000,17500000,
5541,78500,274009000,660468000,386459000,1046927000,19330410.3,13851794.9,-17.3,3982.1,0,0,1000,-27500,-95004000,3450,"2023-03-10T13:50:00.000Z",1678456200000,3500,3450,3500,3.4,96.6,0,0.2,7.2,,28.5,28500,29500,300300,,102004000,3500000,98504000,
5541,68900,240777000,667388000,426611000,1093999000,19330410.3,13851794.9,-6.1,3982.1,0,0.2,2000,-9600,-33232000,3460,"2023-03-10T14:00:00.000Z",1678456800000,3470,3460,3470,14.7,85.3,0,0.4,2.9,,5.8,11600,13600,313900,,47072000,6920000,40152000,
5541,50900,178497000,667388000,488891000,1156279000,19330410.3,13851794.9,-11.4,3982.1,0,0,,-18000,-62280000,3460,"2023-03-10T14:05:00.000Z",1678457100000,3460,3460,3460,0,100,0,,4.5,,Infinity,18000,18000,331900,,62280000,,62280000,
5541,40900,143897000,667388000,523491000,1190879000,19330410.3,13851794.9,-6.3,3982.1,0,0,,-10000,-34600000,3460,"2023-03-10T14:10:00.000Z",1678457400000,3460,3460,3460,0,100,0,,2.5,,Infinity,10000,10000,341900,,34600000,,34600000,
5541,39700,139757000,668427000,528670000,1197097000,19330410.3,13851794.9,-0.8,3982.1,0,0.2,300,-1200,-4140000,3470,"2023-03-10T14:15:00.000Z",1678457700000,3470,3450,3460,16.7,83.3,0,0.1,0.4,,5,1500,1800,343700,,6218000,1039000,5179000,
5541,45100,158633000,698853000,540220000,1239073000,19330410.3,13851794.9,3.4,3982.1,0,2.6,8700,5400,18876000,3500,"2023-03-10T14:20:00.000Z",1678458000000,3500,3470,3470,72.5,27.5,0,1.6,0.8,,0.4,3300,12000,355700,,41976000,30426000,11550000,
5541,51500,181023000,721243000,540220000,1261463000,19330410.3,13851794.9,4.1,3982.1,0,Infinity,6400,6400,22390000,3500,"2023-03-10T14:25:00.000Z",1678458300000,3500,3480,3480,100,0,0,1.2,,,0,,6400,362100,,22390000,22390000,,
5541,60800,213666000,753886000,540220000,1294106000,19330410.3,13851794.9,6,3982.1,0,Infinity,9300,9300,32643000,3510,"2023-03-10T14:45:00.000Z",1678459500000,3510,3510,3510,100,0,0,1.7,,,0,,9300,371400,,32643000,32643000,,
