"abu","acum_busd","acum_busd_val","acum_val","asd","auk","bs","bu","bu-sd","bu-sd_val","c","date","datetime","h","l","o","pbu","psd","puk","rbu","rsd","ruk","sb","sd","sum_vol","total_vol","uk","val","val_bu","val_sd","val_uk"
2012.5,6000,82800000,82800000,4608.8,0,Infinity,6000,6000,82800000,13.8,"2023-01-06T09:14:00.000Z",1672996440000,13.8,13.8,13.8,100,0,0,3,,,0,,6000,6000,,82800000,82800000,,
2012.5,6100,84175000,84175000,4608.8,0,Infinity,100,100,1375000,13.75,"2023-01-06T09:30:00.000Z",1672997400000,13.75,13.75,13.75,100,0,0,0,,,0,,100,6100,,1375000,1375000,,
2012.5,5100,70525000,97825000,4608.8,0,0,,-1000,-13650000,13.65,"2023-01-06T09:38:00.000Z",1672997880000,13.65,13.65,13.65,0,100,0,,0.2,,Infinity,1000,1000,7100,,13650000,,13650000,
2012.5,5900,81405000,108705000,4608.8,0,Infinity,800,800,10880000,13.6,"2023-01-06T09:40:00.000Z",1672998000000,13.6,13.6,13.6,100,0,0,0.4,,,0,,800,7900,,10880000,10880000,,
2012.5,-1400,-17415000,207525000,4608.8,0,0,,-7300,-98820000,13.5,"2023-01-06T09:44:00.000Z",1672998240000,13.55,13.5,13.55,0,100,0,,1.6,,Infinity,7300,7300,15200,,98820000,,98820000,
2012.5,-2400,-30915000,221025000,4608.8,0,0,,-1000,-13500000,13.5,"2023-01-06T09:46:00.000Z",1672998360000,13.5,13.5,13.5,0,100,0,,0.2,,Infinity,1000,1000,16200,,13500000,,13500000,
2012.5,-8200,-109215000,315525000,4608.8,0,0.1,600,-5800,-78300000,13.5,"2023-01-06T09:48:00.000Z",1672998480000,13.5,13.5,13.5,8.6,91.4,0,0.3,1.4,,10.7,6400,7000,23200,,94500000,8100000,86400000,
2012.5,-12300,-164460000,370770000,4608.8,0,0,,-4100,-55245000,13.45,"2023-01-06T09:52:00.000Z",1672998720000,13.5,13.45,13.5,0,100,0,,0.9,,Infinity,4100,4100,27300,,55245000,,55245000,
2012.5,-8600,-114325000,420905000,4608.8,0,Infinity,3700,3700,50135000,13.55,"2023-01-06T09:56:00.000Z",1672998960000,13.55,13.55,13.55,100,0,0,1.8,,,0,,3700,31000,,50135000,50135000,,
2012.5,-7700,-102130000,433100000,4608.8,0,Infinity,900,900,12195000,13.55,"2023-01-06T09:58:00.000Z",1672999080000,13.55,13.55,13.55,100,0,0,0.4,,,0,,900,31900,,12195000,12195000,,
2012.5,-9200,-122455000,453425000,4608.8,0,0,,-1500,-20325000,13.55,"2023-01-06T10:00:00.000Z",1672999200000,13.55,13.55,13.55,0,100,0,,0.3,,Infinity,1500,1500,33400,,20325000,,20325000,
2012.5,-10200,-136005000,466975000,4608.8,0,0,,-1000,-13550000,13.55,"2023-01-06T10:02:00.000Z",1672999320000,13.55,13.55,13.55,0,100,0,,0.2,,Infinity,1000,1000,34400,,13550000,,13550000,
2012.5,-11200,-149505000,493975000,4608.8,0,0.3,500,-1000,-13500000,13.5,"2023-01-06T10:04:00.000Z",1672999440000,13.5,13.5,13.5,25,75,0,0.2,0.3,,3,1500,2000,36400,,27000000,6750000,20250000,
2012.5,-11000,-146790000,499390000,4608.8,0,3,300,200,2715000,13.55,"2023-01-06T10:06:00.000Z",1672999560000,13.55,13.5,13.5,75,25,0,0.1,0,,0.3,100,400,36800,,5415000,4065000,1350000,
2012.5,-10800,-144080000,502100000,4608.8,0,Infinity,200,200,2710000,13.55,"2023-01-06T10:12:00.000Z",1672999920000,13.55,13.55,13.55,100,0,0,0.1,,,0,,200,37000,,2710000,2710000,,
2012.5,-13400,-179180000,537200000,4608.8,0,0,,-2600,-35100000,13.5,"2023-01-06T10:16:00.000Z",1673000160000,13.5,13.5,13.5,0,100,0,,0.6,,Infinity,2600,2600,39600,,35100000,,35100000,
2012.5,-13000,-173780000,569600000,4608.8,0,1.4,1400,400,5400000,13.5,"2023-01-06T10:18:00.000Z",1673000280000,13.5,13.5,13.5,58.3,41.7,0,0.7,0.2,,0.7,1000,2400,42000,,32400000,18900000,13500000,
2012.5,-17900,-239860000,638380000,4608.8,0,0,100,-4900,-66080000,13.5,"2023-01-06T10:20:00.000Z",1673000400000,13.5,13.45,13.5,2,98,0,0,1.1,,50,5000,5100,47100,,68780000,1350000,67430000,
2012.5,-22000,-294960000,717780000,4608.8,0,0.2,900,-4100,-55100000,13.45,"2023-01-06T10:22:00.000Z",1673000520000,13.5,13.45,13.5,15.3,84.7,0,0.4,1.1,,5.6,5000,5900,53000,,79400000,12150000,67250000,
2012.5,-17000,-227450000,785290000,4608.8,0,Infinity,5000,5000,67510000,13.55,"2023-01-06T10:24:00.000Z",1673000640000,13.55,13.5,13.5,100,0,0,2.5,,,0,,5000,58000,,67510000,67510000,,
2012.5,-13000,-173450000,852790000,4608.8,0,9,4500,4000,54000000,13.5,"2023-01-06T10:26:00.000Z",1673000760000,13.5,13.5,13.5,90,10,0,2.2,0.1,,0.1,500,5000,63000,,67500000,60750000,6750000,
2012.5,-11500,-153200000,889240000,4608.8,0,3.5,2100,1500,20250000,13.5,"2023-01-06T10:28:00.000Z",1673000880000,13.5,13.5,13.5,77.8,22.2,0,1,0.1,,0.3,600,2700,65700,,36450000,28350000,8100000,
2012.5,-8600,-114050000,928390000,4608.8,0,Infinity,2900,2900,39150000,13.5,"2023-01-06T10:30:00.000Z",1673001000000,13.5,13.5,13.5,100,0,0,1.4,,,0,,2900,68600,,39150000,39150000,,
2012.5,-9600,-127550000,1009390000,4608.8,0,0.7,2500,-1000,-13500000,13.5,"2023-01-06T10:32:00.000Z",1673001120000,13.5,13.5,13.5,41.7,58.3,0,1.2,0.8,,1.4,3500,6000,74600,,81000000,33750000,47250000,
2012.5,-10100,-134300000,1056640000,4608.8,0,0.8,1500,-500,-6750000,13.5,"2023-01-06T10:34:00.000Z",1673001240000,13.5,13.5,13.5,42.9,57.1,0,0.7,0.4,,1.3,2000,3500,78100,,47250000,20250000,27000000,
2012.5,-14100,-188300000,1110640000,4608.8,0,0,,-4000,-54000000,13.5,"2023-01-06T10:36:00.000Z",1673001360000,13.5,13.5,13.5,0,100,0,,0.9,,Infinity,4000,4000,82100,,54000000,,54000000,
2012.5,-16100,-215300000,1137640000,4608.8,0,0,,-2000,-27000000,13.5,"2023-01-06T10:38:00.000Z",1673001480000,13.5,13.5,13.5,0,100,0,,0.4,,Infinity,2000,2000,84100,,27000000,,27000000,
2012.5,-11800,-157250000,1195690000,4608.8,0,Infinity,4300,4300,58050000,13.5,"2023-01-06T10:40:00.000Z",1673001600000,13.5,13.5,13.5,100,0,0,2.1,,,0,,4300,88400,,58050000,58050000,,
2012.5,-13800,-184250000,1222690000,4608.8,0,0,,-2000,-27000000,13.5,"2023-01-06T10:42:00.000Z",1673001720000,13.5,13.5,13.5,0,100,0,,0.4,,Infinity,2000,2000,90400,,27000000,,27000000,
2012.5,-16500,-220700000,1259140000,4608.8,0,0,,-2700,-36450000,13.5,"2023-01-06T10:46:00.000Z",1673001960000,13.5,13.5,13.5,0,100,0,,0.6,,Infinity,2700,2700,93100,,36450000,,36450000,
2012.5,-16400,-219350000,1260490000,4608.8,0,Infinity,100,100,1350000,13.5,"2023-01-06T10:48:00.000Z",1673002080000,13.5,13.5,13.5,100,0,0,0,,,0,,100,93200,,1350000,1350000,,
2012.5,-12800,-170750000,1309090000,4608.8,0,Infinity,3600,3600,48600000,13.5,"2023-01-06T10:50:00.000Z",1673002200000,13.5,13.5,13.5,100,0,0,1.8,,,0,,3600,96800,,48600000,48600000,,
2012.5,-18900,-252795000,1391135000,4608.8,0,0,,-6100,-82045000,13.45,"2023-01-06T10:56:00.000Z",1673002560000,13.45,13.45,13.45,0,100,0,,1.3,,Infinity,6100,6100,102900,,82045000,,82045000,
2012.5,-21900,-292970000,1444760000,4608.8,0,0.1,500,-3000,-40175000,13.4,"2023-01-06T10:58:00.000Z",1673002680000,13.45,13.4,13.4,12.5,87.5,0,0.2,0.8,,7,3500,4000,106900,,53625000,6725000,46900000,
2012.5,-19500,-260690000,1477040000,4608.8,0,Infinity,2400,2400,32280000,13.45,"2023-01-06T11:00:00.000Z",1673002800000,13.45,13.45,13.45,100,0,0,1.2,,,0,,2400,109300,,32280000,32280000,,
2012.5,-10900,-144530000,1612170000,4608.8,0,13.3,9300,8600,116160000,13.55,"2023-01-06T11:02:00.000Z",1673002920000,13.55,13.45,13.45,93,7,0,4.6,0.2,,0.1,700,10000,119300,,135130000,125645000,9485000,
2012.5,-12800,-170075000,1653875000,4608.8,0,0.2,600,-1900,-25545000,13.45,"2023-01-06T11:08:00.000Z",1673003280000,13.55,13.45,13.55,19.4,80.6,0,0.3,0.5,,4.2,2500,3100,122400,,41705000,8080000,33625000,
2012.5,-12300,-163300000,1660650000,4608.8,0,Infinity,500,500,6775000,13.55,"2023-01-06T11:14:00.000Z",1673003640000,13.55,13.55,13.55,100,0,0,0.2,,,0,,500,122900,,6775000,6775000,,
2012.5,-11700,-155170000,1668780000,4608.8,0,Infinity,600,600,8130000,13.55,"2023-01-06T11:16:00.000Z",1673003760000,13.55,13.55,13.55,100,0,0,0.3,,,0,,600,123500,,8130000,8130000,,
2012.5,-10700,-141620000,1682330000,4608.8,0,Infinity,1000,1000,13550000,13.55,"2023-01-06T11:18:00.000Z",1673003880000,13.55,13.55,13.55,100,0,0,0.5,,,0,,1000,124500,,13550000,13550000,,
2012.5,-9300,-122650000,1701300000,4608.8,0,Infinity,1400,1400,18970000,13.55,"2023-01-06T11:20:00.000Z",1673004000000,13.55,13.55,13.55,100,0,0,0.7,,,0,,1400,125900,,18970000,18970000,,
2012.5,-8300,-109100000,1714850000,4608.8,0,Infinity,1000,1000,13550000,13.55,"2023-01-06T11:26:00.000Z",1673004360000,13.55,13.55,13.55,100,0,0,0.5,,,0,,1000,126900,,13550000,13550000,,
2012.5,-13800,-182980000,1810330000,4608.8,0,0.1,800,-5500,-73880000,13.4,"2023-01-06T13:00:00.000Z",1673010000000,13.5,13.4,13.5,11.3,88.7,0,0.4,1.4,,7.9,6300,7100,134000,,95480000,10800000,84680000,
2012.5,-14200,-188340000,1815690000,4608.8,0,0,,-400,-5360000,13.4,"2023-01-06T13:02:00.000Z",1673010120000,13.4,13.4,13.4,0,100,0,,0.1,,Infinity,400,400,134400,,5360000,,5360000,
2012.5,-22200,-295540000,1922890000,4608.8,0,0,,-8000,-107200000,13.4,"2023-01-06T13:04:00.000Z",1673010240000,13.4,13.4,13.4,0,100,0,,1.7,,Infinity,8000,8000,142400,,107200000,,107200000,
2012.5,-22900,-304955000,1932305000,4608.8,0,0,,-700,-9415000,13.45,"2023-01-06T13:06:00.000Z",1673010360000,13.45,13.45,13.45,0,100,0,,0.2,,Infinity,700,700,143100,,9415000,,9415000,
2012.5,-24900,-331855000,1959205000,4608.8,0,0,,-2000,-26900000,13.45,"2023-01-06T13:08:00.000Z",1673010480000,13.45,13.45,13.45,0,100,0,,0.4,,Infinity,2000,2000,145100,,26900000,,26900000,
2012.5,-60400,-807160000,2447910000,4608.8,0,0,500,-35500,-475305000,13.35,"2023-01-06T13:10:00.000Z",1673010600000,13.45,13.35,13.45,1.4,98.6,0,0.2,7.8,,72,36000,36500,181600,,488705000,6700000,482005000,
2012.5,-60100,-803130000,2457280000,4608.8,0,2.5,500,300,4030000,13.4,"2023-01-06T13:12:00.000Z",1673010720000,13.4,13.35,13.35,71.4,28.6,0,0.2,0,,0.4,200,700,182300,,9370000,6700000,2670000,
2012.5,-59900,-800450000,2459960000,4608.8,0,Infinity,200,200,2680000,13.4,"2023-01-06T13:14:00.000Z",1673010840000,13.4,13.4,13.4,100,0,0,0.1,,,0,,200,182500,,2680000,2680000,,
2012.5,-58900,-786840000,2604930000,4608.8,0,1.2,5900,1000,13610000,13.4,"2023-01-06T13:16:00.000Z",1673010960000,13.45,13.4,13.4,54.6,45.4,0,2.9,1.1,,0.8,4900,10800,193300,,144970000,79290000,65680000,
2012.5,-58400,-780140000,2611630000,4608.8,0,Infinity,500,500,6700000,13.4,"2023-01-06T13:18:00.000Z",1673011080000,13.4,13.4,13.4,100,0,0,0.2,,,0,,500,193800,,6700000,6700000,,
2012.5,-69300,-925655000,2757145000,4608.8,0,0,,-10900,-145515000,13.35,"2023-01-06T13:22:00.000Z",1673011320000,13.35,13.35,13.35,0,100,0,,2.4,,Infinity,10900,10900,204700,,145515000,,145515000,
2012.5,-84200,-1123820000,2957980000,4608.8,0,0,100,-14900,-198165000,13.3,"2023-01-06T13:24:00.000Z",1673011440000,13.35,13.3,13.35,0.7,99.3,0,0,3.3,,150,15000,15100,219800,,200835000,1335000,199500000,
2012.5,-87300,-1165000000,3025860000,4608.8,0,0.2,1000,-3100,-41180000,13.35,"2023-01-06T13:26:00.000Z",1673011560000,13.35,13.3,13.3,19.6,80.4,0,0.5,0.9,,4.1,4100,5100,224900,,67880000,13350000,54530000,
2012.5,-87200,-1163665000,3027195000,4608.8,0,Infinity,100,100,1335000,13.35,"2023-01-06T13:28:00.000Z",1673011680000,13.35,13.35,13.35,100,0,0,0,,,0,,100,225000,,1335000,1335000,,
2012.5,-87100,-1162325000,3028535000,4608.8,0,Infinity,100,100,1340000,13.4,"2023-01-06T13:30:00.000Z",1673011800000,13.4,13.4,13.4,100,0,0,0,,,0,,100,225100,,1340000,1340000,,
2012.5,-89100,-1189025000,3055235000,4608.8,0,0,,-2000,-26700000,13.35,"2023-01-06T13:34:00.000Z",1673012040000,13.35,13.35,13.35,0,100,0,,0.4,,Infinity,2000,2000,227100,,26700000,,26700000,
2012.5,-90600,-1209050000,3075260000,4608.8,0,0,,-1500,-20025000,13.35,"2023-01-06T13:36:00.000Z",1673012160000,13.35,13.35,13.35,0,100,0,,0.3,,Infinity,1500,1500,228600,,20025000,,20025000,
2012.5,-98800,-1318220000,3184430000,4608.8,0,0,,-8200,-109170000,13.3,"2023-01-06T13:38:00.000Z",1673012280000,13.35,13.3,13.35,0,100,0,,1.8,,Infinity,8200,8200,236800,,109170000,,109170000,
2012.5,-100300,-1338145000,3217705000,4608.8,0,0.3,500,-1500,-19925000,13.3,"2023-01-06T13:40:00.000Z",1673012400000,13.35,13.3,13.35,20,80,0,0.2,0.4,,4,2000,2500,239300,,33275000,6675000,26600000,
2012.5,-101100,-1348825000,3287125000,4608.8,0,0.7,2200,-800,-10680000,13.35,"2023-01-06T13:42:00.000Z",1673012520000,13.35,13.35,13.35,42.3,57.7,0,1.1,0.7,,1.4,3000,5200,244500,,69420000,29370000,40050000,
2012.5,-104100,-1388875000,3327175000,4608.8,0,0,,-3000,-40050000,13.35,"2023-01-06T13:44:00.000Z",1673012640000,13.35,13.35,13.35,0,100,0,,0.7,,Infinity,3000,3000,247500,,40050000,,40050000,
2012.5,-110100,-1468975000,3407275000,4608.8,0,0,,-6000,-80100000,13.35,"2023-01-06T13:46:00.000Z",1673012760000,13.35,13.35,13.35,0,100,0,,1.3,,Infinity,6000,6000,253500,,80100000,,80100000,
2012.5,-108200,-1443515000,3438095000,4608.8,0,10.5,2100,1900,25460000,13.4,"2023-01-06T13:54:00.000Z",1673013240000,13.4,13.4,13.4,91.3,8.7,0,1,0,,0.1,200,2300,255800,,30820000,28140000,2680000,
2012.5,-108400,-1446195000,3440775000,4608.8,0,0,,-200,-2680000,13.4,"2023-01-06T14:00:00.000Z",1673013600000,13.4,13.4,13.4,0,100,0,,0,,Infinity,200,200,256000,,2680000,,2680000,
2012.5,-116700,-1556685000,3564615000,4608.8,0,0.1,500,-8300,-110490000,13.3,"2023-01-06T14:02:00.000Z",1673013720000,13.35,13.3,13.35,5.4,94.6,0,0.2,1.9,,17.6,8800,9300,265300,,123840000,6675000,117165000,
2012.5,-123000,-1640475000,3648405000,4608.8,0,0,,-6300,-83790000,13.3,"2023-01-06T14:04:00.000Z",1673013840000,13.3,13.3,13.3,0,100,0,,1.4,,Infinity,6300,6300,271600,,83790000,,83790000,
2012.5,-125000,-1666975000,3674905000,4608.8,0,0,,-2000,-26500000,13.25,"2023-01-06T14:06:00.000Z",1673013960000,13.25,13.25,13.25,0,100,0,,0.4,,Infinity,2000,2000,273600,,26500000,,26500000,
2012.5,-123000,-1640375000,3701505000,4608.8,0,Infinity,2000,2000,26600000,13.3,"2023-01-06T14:10:00.000Z",1673014200000,13.3,13.3,13.3,100,0,0,1,,,0,,2000,275600,,26600000,26600000,,
2012.5,-133700,-1782090000,3880460000,4608.8,0,0.1,1400,-10700,-141715000,13.25,"2023-01-06T14:12:00.000Z",1673014320000,13.3,13.25,13.3,10.4,89.6,0,0.7,2.6,,8.6,12100,13500,289100,,178955000,18620000,160335000,
2012.5,-132700,-1768985000,3973365000,4608.8,0,1.3,4000,1000,13105000,13.3,"2023-01-06T14:14:00.000Z",1673014440000,13.3,13.25,13.25,57.1,42.9,0,2,0.7,,0.8,3000,7000,296100,,92905000,53005000,39900000,
2012.5,-132200,-1762330000,3980020000,4608.8,0,Infinity,500,500,6655000,13.35,"2023-01-06T14:16:00.000Z",1673014560000,13.35,13.3,13.3,100,0,0,0.2,,,0,,500,296600,,6655000,6655000,,
2012.5,-164100,-2184685000,4402375000,4608.8,0,0,,-31900,-422355000,13.2,"2023-01-06T14:18:00.000Z",1673014680000,13.3,13.2,13.3,0,100,0,,6.9,,Infinity,31900,31900,328500,,422355000,,422355000,
2012.5,-183400,-2436770000,4659720000,4608.8,0,0,200,-19300,-252085000,13.15,"2023-01-06T14:20:00.000Z",1673014800000,13.15,13.05,13.1,1,99,0,0.1,4.2,,97.5,19500,19700,348200,,257345000,2630000,254715000,
2012.5,-230100,-2776642800,4999923000,4608.8,0,0.2,12700,-46700,-339872800,13,"2023-01-06T14:22:00.000Z",1673014920000,13.05,12.95,13.05,17.6,82.4,0,6.3,12.9,,4.7,59400,72100,420300,,340203000,165100,340037900,
2012.5,-229700,-2770207800,5260098000,4608.8,0,1,10000,400,6435000,13.4,"2023-01-06T14:24:00.000Z",1673015040000,13.4,13.2,13.2,51,49,0,5,2.1,,1,9600,19600,439900,,260175000,133305000,126870000,
2012.5,-233600,-2821377800,5313928000,4608.8,0,0,100,-3900,-51170000,13.15,"2023-01-06T14:26:00.000Z",1673015160000,13.3,13.1,13.1,2.4,97.6,0,0,0.9,,40,4000,4100,444000,,53830000,1330000,52500000,
2012.5,-246900,-2982169500,5488238300,4608.8,0,0.6,16600,-13300,-160791700,13,"2023-01-06T14:28:00.000Z",1673015280000,13.1,12.9,13.1,35.7,64.3,0,8.2,6.5,,1.8,29900,46500,490500,,174310300,6759300,167551000,
2012.5,-207700,-2981659900,5488747900,4608.8,0,Infinity,39200,39200,509600,13,"2023-01-06T14:44:00.000Z",1673016240000,13,13,13,100,0,0,19.5,,,0,,39200,529700,,509600,509600,,
