"abu","acum_busd","acum_busd_val","acum_val","asd","auk","bs","bu","bu-sd","bu-sd_val","c","date","datetime","h","l","o","pbu","psd","puk","rbu","rsd","ruk","sb","sd","sum_vol","total_vol","uk","val","val_bu","val_sd","val_uk"
2576.6,15600,212000000,212000000,670.2,24.5,Infinity,15600,15600,212000000,12,"2023-01-06T09:00:00.000Z",1672995600000,22.4,12,22.4,100,0,0,6.1,,,0,,15600,15600,,212000000,212000000,,
2576.6,16100,217950000,217950000,670.2,24.5,Infinity,500,500,5950000,11.9,"2023-01-06T09:02:00.000Z",1672995720000,11.9,11.9,11.9,100,0,0,0.2,,,0,,500,16100,,5950000,5950000,,
2576.6,11100,167950000,267950000,670.2,24.5,0,,-5000,-50000000,10,"2023-01-06T09:04:00.000Z",1672995840000,10,10,10,0,100,0,,7.5,,Infinity,5000,5000,21100,,50000000,,50000000,
2576.6,15300,209950000,309950000,670.2,24.5,Infinity,4200,4200,42000000,10,"2023-01-06T09:06:00.000Z",1672995960000,10,10,10,100,0,0,1.6,,,0,,4200,25300,,42000000,42000000,,
2576.6,25400,328950000,435950000,670.2,24.5,Infinity,10100,10100,119000000,11.8,"2023-01-06T09:08:00.000Z",1672996080000,11.8,10,10,93.5,0,6.5,3.9,,28.6,0,,10800,36100,700,126000000,119000000,,7000000
2576.6,25700,332430000,439430000,670.2,24.5,Infinity,300,300,3480000,11.6,"2023-01-06T09:10:00.000Z",1672996200000,11.6,11.6,11.6,100,0,0,0.1,,,0,,300,36400,,3480000,3480000,,
2576.6,25800,333510000,440510000,670.2,24.5,Infinity,100,100,1080000,10.8,"2023-01-06T09:12:00.000Z",1672996320000,10.8,10.8,10.8,100,0,0,0,,,0,,100,36500,,1080000,1080000,,
2576.6,35800,433510000,540510000,670.2,24.5,Infinity,10000,10000,100000000,10,"2023-01-06T09:22:00.000Z",1672996920000,10,10,10,100,0,0,3.9,,,0,,10000,46500,,100000000,100000000,,
2576.6,37600,451510000,558510000,670.2,24.5,Infinity,1800,1800,18000000,10,"2023-01-06T09:24:00.000Z",1672997040000,10,10,10,100,0,0,0.7,,,0,,1800,48300,,18000000,18000000,,
2576.6,39800,473510000,580510000,670.2,24.5,Infinity,2200,2200,22000000,10,"2023-01-06T09:26:00.000Z",1672997160000,10,10,10,100,0,0,0.9,,,0,,2200,50500,,22000000,22000000,,
2576.6,45800,533510000,640510000,670.2,24.5,Infinity,6000,6000,60000000,10,"2023-01-06T09:28:00.000Z",1672997280000,10,10,10,100,0,0,2.3,,,0,,6000,56500,,60000000,60000000,,
2576.6,44300,518510000,677510000,670.2,24.5,0.4,1100,-1500,-15000000,10,"2023-01-06T09:30:00.000Z",1672997400000,10,10,10,29.7,70.3,0,0.4,3.9,,2.4,2600,3700,60200,,37000000,11000000,26000000,
2576.6,39800,474010000,732010000,670.2,24.5,0.1,500,-4500,-44500000,9.9,"2023-01-06T09:32:00.000Z",1672997520000,10,9.9,10,9.1,90.9,0,0.2,7.5,,10,5000,5500,65700,,54500000,5000000,49500000,
2576.6,36800,444310000,761710000,670.2,24.5,0,,-3000,-29700000,9.9,"2023-01-06T09:40:00.000Z",1672998000000,9.9,9.9,9.9,0,100,0,,4.5,,Infinity,3000,3000,68700,,29700000,,29700000,
2576.6,36400,440360000,767660000,670.2,24.5,0.2,100,-400,-3950000,10,"2023-01-06T09:44:00.000Z",1672998240000,10,9.9,9.9,16.7,83.3,0,0,0.7,,5,500,600,69300,,5950000,1000000,4950000,
2576.6,36500,441360000,768660000,670.2,24.5,Infinity,100,100,1000000,10,"2023-01-06T09:46:00.000Z",1672998360000,10,10,10,100,0,0,0,,,0,,100,69400,,1000000,1000000,,
2576.6,36600,442360000,769660000,670.2,24.5,Infinity,100,100,1000000,10,"2023-01-06T09:50:00.000Z",1672998600000,10,10,10,100,0,0,0,,,0,,100,69500,,1000000,1000000,,
2576.6,36600,442370000,771650000,670.2,24.5,1,100,0,10000,9.9,"2023-01-06T09:52:00.000Z",1672998720000,10,9.9,10,50,50,0,0,0.1,,1,100,200,69700,,1990000,1000000,990000,
2576.6,39500,471370000,800650000,670.2,24.5,Infinity,2900,2900,29000000,10,"2023-01-06T09:54:00.000Z",1672998840000,10,10,10,100,0,0,1.1,,,0,,2900,72600,,29000000,29000000,,
2576.6,41200,488370000,817650000,670.2,24.5,Infinity,1700,1700,17000000,10,"2023-01-06T09:56:00.000Z",1672998960000,10,10,10,100,0,0,0.7,,,0,,1700,74300,,17000000,17000000,,
2576.6,41700,493370000,822650000,670.2,24.5,Infinity,500,500,5000000,10,"2023-01-06T09:58:00.000Z",1672999080000,10,10,10,100,0,0,0.2,,,0,,500,74800,,5000000,5000000,,
2576.6,52200,598370000,927650000,670.2,24.5,Infinity,10500,10500,105000000,10,"2023-01-06T10:00:00.000Z",1672999200000,10,10,10,100,0,0,4.1,,,0,,10500,85300,,105000000,105000000,,
2576.6,53200,608370000,937650000,670.2,24.5,Infinity,1000,1000,10000000,10,"2023-01-06T10:02:00.000Z",1672999320000,10,10,10,100,0,0,0.4,,,0,,1000,86300,,10000000,10000000,,
2576.6,55400,630370000,959650000,670.2,24.5,Infinity,2200,2200,22000000,10,"2023-01-06T10:04:00.000Z",1672999440000,10,10,10,100,0,0,0.9,,,0,,2200,88500,,22000000,22000000,,
2576.6,57500,651370000,980650000,670.2,24.5,Infinity,2100,2100,21000000,10,"2023-01-06T10:06:00.000Z",1672999560000,10,10,10,100,0,0,0.8,,,0,,2100,90600,,21000000,21000000,,
2576.6,57800,654370000,983650000,670.2,24.5,Infinity,300,300,3000000,10,"2023-01-06T10:08:00.000Z",1672999680000,10,10,10,100,0,0,0.1,,,0,,300,90900,,3000000,3000000,,
2576.6,53600,612790000,1025230000,670.2,24.5,0,,-4200,-41580000,9.9,"2023-01-06T10:12:00.000Z",1672999920000,9.9,9.9,9.9,0,100,0,,6.3,,Infinity,4200,4200,95100,,41580000,,41580000,
2576.6,51400,591010000,1047010000,670.2,24.5,0,,-2200,-21780000,9.9,"2023-01-06T10:14:00.000Z",1673000040000,9.9,9.9,9.9,0,100,0,,3.3,,Infinity,2200,2200,97300,,21780000,,21780000,
2576.6,48800,565270000,1072750000,670.2,24.5,0,,-2600,-25740000,9.9,"2023-01-06T10:16:00.000Z",1673000160000,9.9,9.9,9.9,0,100,0,,3.9,,Infinity,2600,2600,99900,,25740000,,25740000,
2576.6,48900,566320000,1085560000,670.2,24.5,1.2,700,100,1050000,9.8,"2023-01-06T10:20:00.000Z",1673000400000,9.9,9.8,9.9,53.8,46.2,0,0.3,0.9,,0.9,600,1300,101200,,12810000,6930000,5880000,
2576.6,47400,551690000,1107050000,670.2,24.5,0,,-1500,-14630000,9.7,"2023-01-06T10:22:00.000Z",1673000520000,9.8,9.7,9.8,0,68.2,31.8,,2.2,28.6,Infinity,1500,2200,103400,700,21490000,,14630000,6860000.000000001
2576.6,41900,498850000,1169590000,670.2,24.5,0.1,500,-5500,-52840000,9.7,"2023-01-06T10:24:00.000Z",1673000640000,9.7,9.6,9.7,7.7,92.3,0,0.2,9,,12,6000,6500,109900,,62540000,4850000,57690000,
2576.6,31900,402850000,1265590000,670.2,24.5,0,,-10000,-96000000,9.6,"2023-01-06T10:26:00.000Z",1673000760000,9.6,9.6,9.6,0,100,0,,14.9,,Infinity,10000,10000,119900,,96000000,,96000000,
2576.6,31600,399940000,1268500000,670.2,24.5,0,,-300,-2910000,9.7,"2023-01-06T10:30:00.000Z",1673001000000,9.7,9.7,9.7,0,100,0,,0.4,,Infinity,300,300,120200,,2910000,,2910000,
2576.6,32400,407940000,1282320000,670.2,24.5,Infinity,800,800,8000000,9.7,"2023-01-06T10:32:00.000Z",1673001120000,10,9.7,10,57.1,0,42.9,0.3,,24.5,0,,1400,121600,600,13820000,8000000,,5820000
2576.6,32600,409880000,1284260000,670.2,24.5,Infinity,200,200,1939999.9999999998,9.7,"2023-01-06T10:34:00.000Z",1673001240000,9.7,9.7,9.7,100,0,0,0.1,,,0,,200,121800,,1939999.9999999998,1939999.9999999998,,
2576.6,31800,402120000,1292020000,670.2,24.5,0,,-800,-7759999.999999999,9.7,"2023-01-06T10:36:00.000Z",1673001360000,9.7,9.7,9.7,0,100,0,,1.2,,Infinity,800,800,122600,,7759999.999999999,,7759999.999999999,
2576.6,32000,404090000,1301810000,670.2,24.5,1.5,600,200,1970000,9.8,"2023-01-06T10:38:00.000Z",1673001480000,9.8,9.7,9.7,60,40,0,0.2,0.6,,0.7,400,1000,123600,,9790000,5880000,3910000,
2576.6,31800,402140000,1307680000,670.2,24.5,0.5,200,-200,-1949999.9999999998,9.8,"2023-01-06T10:40:00.000Z",1673001600000,9.8,9.7,9.7,33.3,66.7,0,0.1,0.6,,2,400,600,124200,,5870000,1960000.0000000002,3910000,
2576.6,43000,509440000,1438500000,670.2,24.5,10.3,12400,11200,107300000,9.6,"2023-01-06T10:44:00.000Z",1673001840000,9.8,9.6,9.8,91.2,8.8,0,4.8,1.8,,0.1,1200,13600,137800,,130820000,119060000,11760000,
2576.6,44500,523840000,1452900000,670.2,24.5,Infinity,1500,1500,14400000,9.6,"2023-01-06T10:46:00.000Z",1673001960000,9.6,9.6,9.6,100,0,0,0.6,,,0,,1500,139300,,14400000,14400000,,
2576.6,46800,545920000,1474980000,670.2,24.5,Infinity,2300,2300,22080000,9.6,"2023-01-06T10:48:00.000Z",1673002080000,9.6,9.6,9.6,100,0,0,0.9,,,0,,2300,141600,,22080000,22080000,,
2576.6,51900,594880000,1523940000,670.2,24.5,Infinity,5100,5100,48960000,9.6,"2023-01-06T10:50:00.000Z",1673002200000,9.6,9.6,9.6,100,0,0,2,,,0,,5100,146700,,48960000,48960000,,
2576.6,53400,609280000,1538340000,670.2,24.5,Infinity,1500,1500,14400000,9.6,"2023-01-06T10:56:00.000Z",1673002560000,9.6,9.6,9.6,100,0,0,0.6,,,0,,1500,148200,,14400000,14400000,,
2576.6,53800,613120000,1542180000,670.2,24.5,Infinity,400,400,3840000,9.6,"2023-01-06T10:58:00.000Z",1673002680000,9.6,9.6,9.6,100,0,0,0.2,,,0,,400,148600,,3840000,3840000,,
2576.6,54800,622720000,1551780000,670.2,24.5,Infinity,1000,1000,9600000,9.6,"2023-01-06T11:00:00.000Z",1673002800000,9.6,9.6,9.6,100,0,0,0.4,,,0,,1000,149600,,9600000,9600000,,
2576.6,57600,649600000,1578660000,670.2,24.5,Infinity,2800,2800,26880000,9.6,"2023-01-06T11:04:00.000Z",1673003040000,9.6,9.6,9.6,100,0,0,1.1,,,0,,2800,152400,,26880000,26880000,,
2576.6,59100,664000000,1593060000,670.2,24.5,Infinity,1500,1500,14400000,9.6,"2023-01-06T11:06:00.000Z",1673003160000,9.6,9.6,9.6,100,0,0,0.6,,,0,,1500,153900,,14400000,14400000,,
2576.6,74100,808000000,1737060000,670.2,24.5,Infinity,15000,15000,144000000,9.6,"2023-01-06T11:08:00.000Z",1673003280000,9.6,9.6,9.6,100,0,0,5.8,,,0,,15000,168900,,144000000,144000000,,
2576.6,89700,957760000,1886820000,670.2,24.5,Infinity,15600,15600,149760000,9.6,"2023-01-06T11:12:00.000Z",1673003520000,9.6,9.6,9.6,100,0,0,6.1,,,0,,15600,184500,,149760000,149760000,,
2576.6,126500,1311040000,2240100000,670.2,24.5,Infinity,36800,36800,353280000,9.6,"2023-01-06T11:14:00.000Z",1673003640000,9.6,9.6,9.6,100,0,0,14.3,,,0,,36800,221300,,353280000,353280000,,
2576.6,127800,1323630000,2252690000,670.2,24.5,Infinity,1300,1300,12590000,9.7,"2023-01-06T11:16:00.000Z",1673003760000,9.7,9.6,9.6,100,0,0,0.5,,,0,,1300,222600,,12590000,12590000,,
2576.6,127600,1321710000,2254610000,670.2,24.5,0,,-200,-1920000,9.6,"2023-01-06T11:18:00.000Z",1673003880000,9.6,9.6,9.6,0,100,0,,0.3,,Infinity,200,200,222800,,1920000,,1920000,
2576.6,128600,1331460000,2273960000,670.2,24.5,3,1500,1000,9750000,9.7,"2023-01-06T11:24:00.000Z",1673004240000,9.7,9.6,9.6,75,25,0,0.6,0.7,,0.3,500,2000,224800,,19350000,14550000,4800000,
2576.6,130100,1346010000,2288510000,670.2,24.5,Infinity,1500,1500,14549999.999999998,9.7,"2023-01-06T11:26:00.000Z",1673004360000,9.7,9.7,9.7,100,0,0,0.6,,,0,,1500,226300,,14549999.999999998,14549999.999999998,,
2576.6,132800,1372540000,2315040000,670.2,24.5,Infinity,2700,2700,26530000,9.9,"2023-01-06T11:28:00.000Z",1673004480000,9.9,9.7,9.9,100,0,0,1,,,0,,2700,229000,,26530000,26530000,,
2576.6,133800,1382440000,2327910000,670.2,24.5,Infinity,1000,1000,9900000,9.9,"2023-01-06T13:00:00.000Z",1673010000000,9.9,9.9,9.9,76.9,0,23.1,0.4,,12.2,0,,1300,230300,300,12870000,9900000,,2970000
2576.6,133700,1381440000,2338910000,670.2,24.5,0.8,500,-100,-1000000,10,"2023-01-06T13:02:00.000Z",1673010120000,10,10,10,45.5,54.5,0,0.2,0.9,,1.2,600,1100,231400,,11000000,5000000,6000000,
2576.6,135200,1396440000,2353910000,670.2,24.5,Infinity,1500,1500,15000000,10,"2023-01-06T13:06:00.000Z",1673010360000,10,10,10,100,0,0,0.6,,,0,,1500,232900,,15000000,15000000,,
2576.6,136600,1410440000,2367910000,670.2,24.5,Infinity,1400,1400,14000000,10,"2023-01-06T13:10:00.000Z",1673010600000,10,10,10,100,0,0,0.5,,,0,,1400,234300,,14000000,14000000,,
2576.6,137800,1422440000,2437910000,670.2,24.5,1.4,4100,1200,12000000,10,"2023-01-06T13:12:00.000Z",1673010720000,10,10,10,58.6,41.4,0,1.6,4.3,,0.7,2900,7000,241300,,70000000,41000000,29000000,
2576.6,138400,1428440000,2443910000,670.2,24.5,Infinity,600,600,6000000,10,"2023-01-06T13:14:00.000Z",1673010840000,10,10,10,100,0,0,0.2,,,0,,600,241900,,6000000,6000000,,
2576.6,141600,1460440000,2475910000,670.2,24.5,Infinity,3200,3200,32000000,10,"2023-01-06T13:16:00.000Z",1673010960000,10,10,10,100,0,0,1.2,,,0,,3200,245100,,32000000,32000000,,
2576.6,149400,1538440000,2553910000,670.2,24.5,Infinity,7800,7800,78000000,10,"2023-01-06T13:18:00.000Z",1673011080000,10,10,10,100,0,0,3,,,0,,7800,252900,,78000000,78000000,,
2576.6,157200,1616440000,2631910000,670.2,24.5,Infinity,7800,7800,78000000,10,"2023-01-06T13:20:00.000Z",1673011200000,10,10,10,100,0,0,3,,,0,,7800,260700,,78000000,78000000,,
2576.6,157500,1619440000,2634910000,670.2,24.5,Infinity,300,300,3000000,10,"2023-01-06T13:22:00.000Z",1673011320000,10,10,10,100,0,0,0.1,,,0,,300,261000,,3000000,3000000,,
2576.6,157800,1622440000,2637910000,670.2,24.5,Infinity,300,300,3000000,10,"2023-01-06T13:24:00.000Z",1673011440000,10,10,10,100,0,0,0.1,,,0,,300,261300,,3000000,3000000,,
2576.6,158300,1627390000,2642860000,670.2,24.5,Infinity,500,500,4950000,9.9,"2023-01-06T13:28:00.000Z",1673011680000,9.9,9.9,9.9,100,0,0,0.2,,,0,,500,261800,,4950000,4950000,,
2576.6,158600,1630360000,2645830000,670.2,24.5,Infinity,300,300,2970000,9.9,"2023-01-06T13:30:00.000Z",1673011800000,9.9,9.9,9.9,100,0,0,0.1,,,0,,300,262100,,2970000,2970000,,
2576.6,158800,1632340000,2647810000,670.2,24.5,Infinity,200,200,1980000,9.9,"2023-01-06T13:32:00.000Z",1673011920000,9.9,9.9,9.9,100,0,0,0.1,,,0,,200,262300,,1980000,1980000,,
2576.6,157800,1622540000,2665450000,670.2,24.5,0.3,400,-1000,-9800000.000000002,9.8,"2023-01-06T13:34:00.000Z",1673012040000,9.8,9.8,9.8,22.2,77.8,0,0.2,2.1,,3.5,1400,1800,264100,,17640000.000000004,3920000.0000000005,13720000.000000002,
2576.6,147900,1527500000,2781610000,670.2,24.5,0.1,1100,-9900,-95040000,9.6,"2023-01-06T13:38:00.000Z",1673012280000,9.6,9.6,9.6,9.1,90.9,0,0.4,16.4,,10,11000,12100,276200,,116160000,10560000,105600000,
2576.6,151900,1565900000,2820010000,670.2,24.5,Infinity,4000,4000,38400000,9.6,"2023-01-06T13:40:00.000Z",1673012400000,9.6,9.6,9.6,100,0,0,1.6,,,0,,4000,280200,,38400000,38400000,,
2576.6,152100,1567820000,2821930000,670.2,24.5,Infinity,200,200,1920000,9.6,"2023-01-06T13:42:00.000Z",1673012520000,9.6,9.6,9.6,100,0,0,0.1,,,0,,200,280400,,1920000,1920000,,
2576.6,155300,1598540000,2852650000,670.2,24.5,Infinity,3200,3200,30720000,9.6,"2023-01-06T13:44:00.000Z",1673012640000,9.6,9.6,9.6,100,0,0,1.2,,,0,,3200,283600,,30720000,30720000,,
2576.6,157900,1623500000,2877610000,670.2,24.5,Infinity,2600,2600,24960000,9.6,"2023-01-06T13:46:00.000Z",1673012760000,9.6,9.6,9.6,100,0,0,1,,,0,,2600,286200,,24960000,24960000,,
2576.6,163700,1679180000,2933290000,670.2,24.5,Infinity,5800,5800,55680000,9.6,"2023-01-06T13:48:00.000Z",1673012880000,9.6,9.6,9.6,100,0,0,2.3,,,0,,5800,292000,,55680000,55680000,,
2576.6,165000,1691660000,2945770000,670.2,24.5,Infinity,1300,1300,12480000,9.6,"2023-01-06T13:50:00.000Z",1673013000000,9.6,9.6,9.6,100,0,0,0.5,,,0,,1300,293300,,12480000,12480000,,
2576.6,166000,1701260000,2955370000,670.2,24.5,Infinity,1000,1000,9600000,9.6,"2023-01-06T13:52:00.000Z",1673013120000,9.6,9.6,9.6,100,0,0,0.4,,,0,,1000,294300,,9600000,9600000,,
2576.6,167200,1712780000,2966890000,670.2,24.5,Infinity,1200,1200,11520000,9.6,"2023-01-06T13:54:00.000Z",1673013240000,9.6,9.6,9.6,100,0,0,0.5,,,0,,1200,295500,,11520000,11520000,,
2576.6,170000,1739660000,2993770000,670.2,24.5,Infinity,2800,2800,26880000,9.6,"2023-01-06T13:56:00.000Z",1673013360000,9.6,9.6,9.6,100,0,0,1.1,,,0,,2800,298300,,26880000,26880000,,
2576.6,171100,1750220000,3004330000,670.2,24.5,Infinity,1100,1100,10560000,9.6,"2023-01-06T14:00:00.000Z",1673013600000,9.6,9.6,9.6,100,0,0,0.4,,,0,,1100,299400,,10560000,10560000,,
2576.6,171200,1751180000,3005290000,670.2,24.5,Infinity,100,100,960000,9.6,"2023-01-06T14:02:00.000Z",1673013720000,9.6,9.6,9.6,100,0,0,0,,,0,,100,299500,,960000,960000,,
2576.6,171300,1752140000,3006250000,670.2,24.5,Infinity,100,100,960000,9.6,"2023-01-06T14:04:00.000Z",1673013840000,9.6,9.6,9.6,100,0,0,0,,,0,,100,299600,,960000,960000,,
2576.6,171700,1755980000,3010090000,670.2,24.5,Infinity,400,400,3840000,9.6,"2023-01-06T14:06:00.000Z",1673013960000,9.6,9.6,9.6,100,0,0,0.2,,,0,,400,300000,,3840000,3840000,,
2576.6,171900,1757900000,3012010000,670.2,24.5,Infinity,200,200,1920000,9.6,"2023-01-06T14:10:00.000Z",1673014200000,9.6,9.6,9.6,100,0,0,0.1,,,0,,200,300200,,1920000,1920000,,
2576.6,172000,1758860000,3012970000,670.2,24.5,Infinity,100,100,960000,9.6,"2023-01-06T14:12:00.000Z",1673014320000,9.6,9.6,9.6,100,0,0,0,,,0,,100,300300,,960000,960000,,
2576.6,172600,1764620000,3018730000,670.2,24.5,Infinity,600,600,5760000,9.6,"2023-01-06T14:18:00.000Z",1673014680000,9.6,9.6,9.6,100,0,0,0.2,,,0,,600,300900,,5760000,5760000,,
2576.6,172800,1766540000,3020650000,670.2,24.5,Infinity,200,200,1920000,9.6,"2023-01-06T14:20:00.000Z",1673014800000,9.6,9.6,9.6,100,0,0,0.1,,,0,,200,301100,,1920000,1920000,,
2576.6,173800,1776140000,3030250000,670.2,24.5,Infinity,1000,1000,9600000,9.6,"2023-01-06T14:22:00.000Z",1673014920000,9.6,9.6,9.6,100,0,0,0.4,,,0,,1000,302100,,9600000,9600000,,
2576.6,174000,1778060000,3032170000,670.2,24.5,Infinity,200,200,1920000,9.6,"2023-01-06T14:40:00.000Z",1673016000000,9.6,9.6,9.6,100,0,0,0.1,,,0,,200,302300,,1920000,1920000,,
2576.6,174100,1779020000,3033130000,670.2,24.5,Infinity,100,100,960000,9.6,"2023-01-06T14:52:00.000Z",1673016720000,9.6,9.6,9.6,100,0,0,0,,,0,,100,302400,,960000,960000,,
2576.6,179100,1827020000,3081130000,670.2,24.5,Infinity,5000,5000,48000000,9.6,"2023-01-06T14:56:00.000Z",1673016960000,9.6,9.6,9.6,100,0,0,1.9,,,0,,5000,307400,,48000000,48000000,,
2576.6,179200,1827980000,3082090000,670.2,24.5,Infinity,100,100,960000,9.6,"2023-01-06T14:58:00.000Z",1673017080000,9.6,9.6,9.6,100,0,0,0,,,0,,100,307500,,960000,960000,,
