"abu","acum_busd","acum_busd_val","acum_val","asd","auk","bs","bu","bu-sd","bu-sd_val","c","date","datetime","h","l","o","pbu","psd","puk","rbu","rsd","ruk","sb","sd","sum_vol","total_vol","uk","val","val_bu","val_sd","val_uk"
23485.1,-28600,-307115000,898695000,49400,5812.8,0.5,27900,-28600,-307115000,10.6,"2023-01-06T09:15:00.000Z",1672996500000,10.7,10.55,10.7,33.1,66.9,0,1.2,1.1,,2,56500,84400,84400,,898695000,295790000,602905000,
23485.1,-25800,-277205000,1045575000,49400,5812.8,1.5,8300,2800,29910000,10.65,"2023-01-06T09:20:00.000Z",1672996800000,10.65,10.6,10.6,60.1,39.9,0,0.4,0.1,,0.7,5500,13800,98200,,146880000,88395000,58485000,
23485.1,122600,1325330000,2823170000,49400,5812.8,19.3,156500,148400,1602535000,10.85,"2023-01-06T09:25:00.000Z",1672997100000,10.9,10.65,10.65,95.1,4.9,0,6.7,0.2,,0.1,8100,164600,262800,,1777595000,1690065000,87530000,
23485.1,102400,1107850000,4113840000,49400,5812.8,0.7,49300,-20200,-217480000,10.85,"2023-01-06T09:30:00.000Z",1672997400000,10.9,10.85,10.9,41.5,58.5,0,2.1,1.4,,1.4,69500,118800,381600,,1290670000,536595000,754075000,
23485.1,40400,439350000,4853590000,49400,5812.8,0.1,3300,-62000,-668500000,10.7,"2023-01-06T09:35:00.000Z",1672997700000,10.85,10.7,10.85,4.8,95.2,0,0.1,1.3,,19.8,65300,68600,450200,,739750000,35625000,704125000,
23485.1,29700,325830000,5159710000,49400,5812.8,0.5,9000,-10700,-113520000,10.65,"2023-01-06T09:40:00.000Z",1672998000000,10.7,10.65,10.7,31.4,68.6,0,0.4,0.4,,2.2,19700,28700,478900,,306120000,96300000,209820000,
23485.1,80000,862065000,5941945000,49400,5812.8,5.3,61900,50300,536235000,10.65,"2023-01-06T09:45:00.000Z",1672998300000,10.65,10.6,10.65,84.2,15.8,0,2.6,0.2,,0.2,11600,73500,552400,,782235000,659235000,123000000,
23485.1,129900,1396870000,6849820000,49400,5812.8,3.9,67400,49900,534805000,10.75,"2023-01-06T09:50:00.000Z",1672998600000,10.75,10.65,10.7,79.4,20.6,0,2.9,0.4,,0.3,17500,84900,637300,,907875000,721340000,186535000,
23485.1,118300,1272820000,7003970000,49400,5812.8,0.1,1400,-11600,-124050000,10.7,"2023-01-06T09:55:00.000Z",1672998900000,10.75,10.7,10.7,9.7,90.3,0,0.1,0.3,,9.3,13000,14400,651700,,154150000,15050000,139100000,
23485.1,105900,1140205000,7164535000,49400,5812.8,0.1,1300,-12400,-132615000,10.75,"2023-01-06T10:00:00.000Z",1672999200000,10.75,10.7,10.7,8.7,91.3,0,0.1,0.3,,10.5,13700,15000,666700,,160565000,13975000,146590000,
23485.1,81800,882430000,7675020000,49400,5812.8,0.3,11800,-24100,-257775000,10.7,"2023-01-06T10:05:00.000Z",1672999500000,10.75,10.7,10.75,24.7,75.3,0,0.5,0.7,,3,35900,47700,714400,,510485000,126355000,384130000,
23485.1,43900,477675000,8081915000,49400,5812.8,0,100,-37900,-404755000,10.65,"2023-01-06T10:10:00.000Z",1672999800000,10.7,10.65,10.7,0.3,99.7,0,0,0.8,,380,38000,38100,752500,,406895000,1070000,405825000,
23485.1,43500,473795000,8248435000,49400,5812.8,1,7600,-400,-3880000,10.7,"2023-01-06T10:15:00.000Z",1673000100000,10.7,10.65,10.65,48.7,51.3,0,0.3,0.2,,1.1,8000,15600,768100,,166520000,81320000,85200000,
23485.1,60500,655695000,8430335000,49400,5812.8,Infinity,17000,17000,181900000,10.7,"2023-01-06T10:20:00.000Z",1673000400000,10.7,10.7,10.7,100,0,0,0.7,,,0,,17000,785100,,181900000,181900000,,
23485.1,43100,470685000,8743745000,49400,5812.8,0.3,6000,-17400,-185010000,10.65,"2023-01-06T10:25:00.000Z",1673000700000,10.7,10.65,10.65,20.4,79.6,0,0.3,0.5,,3.9,23400,29400,814500,,313410000,64200000,249210000,
23485.1,24100,268335000,8946095000,49400,5812.8,0,,-19000,-202350000,10.65,"2023-01-06T10:30:00.000Z",1673001000000,10.65,10.65,10.65,0,100,0,,0.4,,Infinity,19000,19000,833500,,202350000,,202350000,
23485.1,-9700,-91635000,9306065000,49400,5812.8,0,,-33800,-359970000,10.65,"2023-01-06T10:35:00.000Z",1673001300000,10.65,10.65,10.65,0,100,0,,0.7,,Infinity,33800,33800,867300,,359970000,,359970000,
23485.1,8400,101130000,9626630000,49400,5812.8,4,24100,18100,192765000,10.65,"2023-01-06T10:40:00.000Z",1673001600000,10.65,10.65,10.65,80.1,19.9,0,1,0.1,,0.2,6000,30100,897400,,320565000,256665000,63900000,
23485.1,-14800,-145950000,9873710000,49400,5812.8,0,,-23200,-247080000,10.65,"2023-01-06T10:45:00.000Z",1673001900000,10.65,10.65,10.65,0,100,0,,0.5,,Infinity,23200,23200,920600,,247080000,,247080000,
23485.1,-67900,-708805000,10462125000,49400,5812.8,0,1200,-53100,-562855000,10.6,"2023-01-06T10:50:00.000Z",1673002200000,10.65,10.6,10.65,2.2,97.8,0,0.1,1.1,,45.3,54300,55500,976100,,588415000,12780000,575635000,
23485.1,-64100,-668525000,10568125000,49400,5812.8,2.2,6900,3800,40280000,10.6,"2023-01-06T10:55:00.000Z",1673002500000,10.6,10.6,10.6,69,31,0,0.3,0.1,,0.4,3100,10000,986100,,106000000,73140000,32860000,
23485.1,-54800,-569650000,10791490000,49400,5812.8,2.6,15200,9300,98875000,10.55,"2023-01-06T11:00:00.000Z",1673002800000,10.6,10.55,10.6,72,28,0,0.6,0.1,,0.4,5900,21100,1007200,,223365000,161120000,62245000,
23485.1,-32800,-335815000,11082495000,49400,5812.8,9.1,24700,22000,233835000,10.65,"2023-01-06T11:05:00.000Z",1673003100000,10.65,10.55,10.55,90.1,9.9,0,1.1,0.1,,0.1,2700,27400,1034600,,291005000,262420000,28585000,
23485.1,-61700,-641600000,11624710000,49400,5812.8,0.3,11100,-28900,-305785000,10.65,"2023-01-06T11:10:00.000Z",1673003400000,10.65,10.6,10.65,21.7,78.3,0,0.5,0.8,,3.6,40000,51100,1085700,,542215000,118215000,424000000,
23485.1,-110500,-1156775000,12190765000,49400,5812.8,0,2400,-48800,-515175000,10.6,"2023-01-06T11:15:00.000Z",1673003700000,10.6,10.55,10.6,4.5,95.5,0,0.1,1,,21.3,51200,53600,1139300,,566055000,25440000,540615000,
23485.1,-110400,-1155395000,12640925000,49400,5812.8,1,21400,100,1380000,10.55,"2023-01-06T11:20:00.000Z",1673004000000,10.55,10.5,10.55,50.1,49.9,0,0.9,0.4,,1,21300,42700,1182000,,450160000,225770000,224390000,
23485.1,-100800,-1053555000,12785005000,49400,5812.8,5.8,11600,9600,101840000,10.6,"2023-01-06T11:25:00.000Z",1673004300000,10.6,10.55,10.55,85.3,14.7,0,0.5,0,,0.2,2000,13600,1195600,,144080000,122960000,21120000,
23485.1,-150200,-1569725000,14312025000,49400,5812.8,0.5,47400,-49400,-516170000,10.55,"2023-01-06T13:00:00.000Z",1673010000000,10.6,10.45,10.6,32.6,66.6,0.8,2,2,0.2,2,96800,145300,1340900,1100,1527020000,499650000,1015820000,11550000
23485.1,-336000,-3507865000,16281715000,49400,5812.8,0,1500,-185800,-1938140000,10.4,"2023-01-06T13:05:00.000Z",1673010300000,10.55,10.4,10.55,0.8,99.2,0,0.1,3.8,,124.9,187300,188800,1529700,,1969690000,15775000,1953915000,
23485.1,-352900,-3681720000,17389800000,49400,5812.8,0.7,44700,-16900,-173855000,10.4,"2023-01-06T13:10:00.000Z",1673010600000,10.45,10.4,10.4,42.1,57.9,0,1.9,1.2,,1.4,61600,106300,1636000,,1108085000,467115000,640970000,
23485.1,-404100,-4211145000,18870635000,49400,5812.8,0.5,45600,-51200,-529425000,10.4,"2023-01-06T13:15:00.000Z",1673010900000,10.45,10.35,10.4,32,68,0,1.9,2,,2.1,96800,142400,1778400,,1480835000,475705000,1005130000,
23485.1,-446000,-4646390000,19852910000,49400,5812.8,0.4,25000,-41900,-435245000,10.4,"2023-01-06T13:20:00.000Z",1673011200000,10.45,10.4,10.4,26.5,70.9,2.6,1.1,1.4,0.4,2.7,66900,94400,1872800,2500,982275000,260515000,695760000,26000000
23485.1,-453800,-4727115000,20450265000,49400,5812.8,0.8,24800,-7800,-80725000,10.45,"2023-01-06T13:25:00.000Z",1673011500000,10.45,10.4,10.4,43.2,56.8,0,1.1,0.7,,1.3,32600,57400,1930200,,597355000,258315000,339040000,
23485.1,-474600,-4942700000,20973080000,49400,5812.8,0.4,14700,-20800,-215585000,10.45,"2023-01-06T13:30:00.000Z",1673011800000,10.45,10.4,10.45,29.3,70.7,0,0.6,0.7,,2.4,35500,50200,1980400,,522815000,153615000,369200000,
23485.1,-492700,-5130415000,21380245000,49400,5812.8,0.4,10500,-18100,-187715000,10.4,"2023-01-06T13:35:00.000Z",1673012100000,10.45,10.4,10.4,26.9,73.1,0,0.4,0.6,,2.7,28600,39100,2019500,,407165000,109725000,297440000,
23485.1,-478700,-4983770000,21670410000,49400,5812.8,3,20900,14000,146645000,10.45,"2023-01-06T13:40:00.000Z",1673012400000,10.45,10.4,10.4,75.2,24.8,0,0.9,0.1,,0.3,6900,27800,2047300,,290165000,218405000,71760000,
23485.1,-493000,-5132435000,22142475000,49400,5812.8,0.5,15400,-14300,-148665000,10.45,"2023-01-06T13:45:00.000Z",1673012700000,10.5,10.45,10.45,34.1,65.9,0,0.7,0.6,,1.9,29700,45100,2092400,,472065000,161700000,310365000,
23485.1,-469800,-4887890000,22782030000,49400,5812.8,2.2,42100,23200,244545000,10.5,"2023-01-06T13:50:00.000Z",1673013000000,10.5,10.45,10.45,69,31,0,1.8,0.4,,0.4,18900,61000,2153400,,639555000,442050000,197505000,
23485.1,-466900,-4856695000,23092515000,49400,5812.8,1.2,16200,2900,31195000,10.55,"2023-01-06T13:55:00.000Z",1673013300000,10.55,10.45,10.45,54.9,45.1,0,0.7,0.3,,0.8,13300,29500,2182900,,310485000,170840000,139645000,
23485.1,-640400,-6679520000,25217070000,49400,5812.8,0.1,14300,-173500,-1822825000,10.45,"2023-01-06T14:00:00.000Z",1673013600000,10.55,10.45,10.55,7.1,92.9,0,0.6,3.8,,13.1,187800,202100,2385000,,2124555000,150865000,1973690000,
23485.1,-809800,-8444405000,27452375000,49400,5812.8,0.1,22600,-169400,-1764885000,10.4,"2023-01-06T14:05:00.000Z",1673013900000,10.5,10.4,10.45,10.5,89.5,0,1,3.9,,8.5,192000,214600,2599600,,2235305000,235210000,2000095000,
23485.1,-832600,-8680345000,28194035000,49400,5812.8,0.5,24200,-22800,-235940000,10.45,"2023-01-06T14:10:00.000Z",1673014200000,10.45,10.4,10.4,34,66,0,1,1,,1.9,47000,71200,2670800,,741660000,252860000,488800000,
23485.1,-883300,-9206210000,29464070000,49400,5812.8,0.4,35600,-50700,-525865000,10.35,"2023-01-06T14:15:00.000Z",1673014500000,10.5,10.35,10.45,29.2,70.8,0,1.5,1.7,,2.4,86300,121900,2792700,,1270035000,372085000,897950000,
23485.1,-1206400,-12530915000,33561715000,49400,5812.8,0.1,37700,-323100,-3324705000,10.3,"2023-01-06T14:20:00.000Z",1673014800000,10.4,10.2,10.35,9.5,90.5,0,1.6,7.3,,9.6,360800,398500,3191200,,4097645000,386470000,3711175000,
23485.1,-1217500,-12640645000,36014965000,49400,5812.8,0.9,113200,-11100,-109730000,10.25,"2023-01-06T14:25:00.000Z",1673015100000,10.45,10.25,10.3,47.7,52.3,0,4.8,2.5,,1.1,124300,237500,3428700,,2453250000,1171760000,1281490000,
23485.1,-1218000,-12645770000,36020090000,49400,5812.8,0,,-500,-5125000,10.25,"2023-01-06T14:30:00.000Z",1673015400000,10.25,10.25,10.25,0,100,0,,0,,Infinity,500,500,3429200,,5125000,,5125000,
23485.1,-1218000,-12645770000,38783490000,49400,5812.8,NaN,,0,0,10.25,"2023-01-06T14:45:00.000Z",1673016300000,10.25,10.25,10.25,0,0,100,,,46.4,NaN,,269600,3698800,269600,2763400000,,,2763400000