"abu","acum_busd","acum_busd_val","acum_val_bu","acum_val_sd","acum_val","avg_val_bu","avg_val_sd","rbusd","asd","auk","bs","bu","bu-sd","bu-sd_val","c","date","datetime","h","l","o","pbu","psd","puk","rbu","rsd","ruk","sb","sd","sum_vol","total_vol","uk","val","val_bu","val_sd","val_uk"
1732.6,-3000,-4800000,0,4800000,4800000,2874651.2,8249302.3,0.9,5155.8,0,0,,-3000,-4800000,1.6,"2023-01-06T09:00:00.000Z",1672995600000,1.6,1.6,1.6,0,100,0,,0.6,,Infinity,3000,3000,3000,,4800000,,4800000,
1732.6,1100,2170000,6970000,4800000,11770000,2874651.2,8249302.3,1.3,5155.8,0,Infinity,4100,4100,6970000,1.7,"2023-01-06T09:06:00.000Z",1672995960000,1.7,1.7,1.7,100,0,0,2.4,,,0,,4100,7100,,6970000,6970000,,
1732.6,3600,6420000,11220000,4800000,16020000,2874651.2,8249302.3,0.8,5155.8,0,Infinity,2500,2500,4250000,1.7,"2023-01-06T09:12:00.000Z",1672996320000,1.7,1.7,1.7,100,0,0,1.4,,,0,,2500,9600,,4250000,4250000,,
1732.6,3900,6930000,11730000,4800000,16530000,2874651.2,8249302.3,0.1,5155.8,0,Infinity,300,300,510000,1.7,"2023-01-06T09:20:00.000Z",1672996800000,1.7,1.7,1.7,100,0,0,0.2,,,0,,300,9900,,510000,510000,,
1732.6,9000,15600000,20400000,4800000,25200000,2874651.2,8249302.3,1.6,5155.8,0,Infinity,5100,5100,8670000,1.7,"2023-01-06T09:22:00.000Z",1672996920000,1.7,1.7,1.7,100,0,0,2.9,,,0,,5100,15000,,8670000,8670000,,
1732.6,23900,40940000,45900000,4960000,50860000,2874651.2,8249302.3,4.7,5155.8,0,150,15000,14900,25340000,1.7,"2023-01-06T09:24:00.000Z",1672997040000,1.7,1.6,1.6,99.3,0.7,0,8.7,0,,0,100,15100,30100,,25660000,25500000,160000,
1732.6,24000,41110000,46070000,4960000,51030000,2874651.2,8249302.3,0,5155.8,0,Infinity,100,100,170000,1.7,"2023-01-06T09:38:00.000Z",1672997880000,1.7,1.7,1.7,100,0,0,0.1,,,0,,100,30200,,170000,170000,,
1732.6,24500,41990000,47430000,5440000,52870000,2874651.2,8249302.3,0.2,5155.8,0,2.7,800,500,880000,1.6,"2023-01-06T09:40:00.000Z",1672998000000,1.7,1.6,1.7,72.7,27.3,0,0.5,0.1,,0.4,300,1100,31300,,1840000,1360000,480000,
1732.6,24000,41190000,47430000,6240000,53670000,2874651.2,8249302.3,0.1,5155.8,0,0,,-500,-800000,1.6,"2023-01-06T09:48:00.000Z",1672998480000,1.6,1.6,1.6,0,100,0,,0.1,,Infinity,500,500,31800,,800000,,800000,
1732.6,25100,43060000,49300000,6240000,55540000,2874651.2,8249302.3,0.3,5155.8,0,Infinity,1100,1100,1870000,1.7,"2023-01-06T10:06:00.000Z",1672999560000,1.7,1.7,1.7,100,0,0,0.6,,,0,,1100,32900,,1870000,1870000,,
1732.6,29900,51220000,57460000,6240000,63700000,2874651.2,8249302.3,1.5,5155.8,0,Infinity,4800,4800,8160000,1.7,"2023-01-06T10:50:00.000Z",1673002200000,1.7,1.7,1.7,100,0,0,2.8,,,0,,4800,37700,,8160000,8160000,,
1732.6,11900,22420000,57460000,35040000,92500000,2874651.2,8249302.3,5.4,5155.8,0,0,,-18000,-28800000,1.6,"2023-01-06T10:52:00.000Z",1673002320000,1.6,1.6,1.6,0,100,0,,3.5,,Infinity,18000,18000,55700,,28800000,,28800000,
1732.6,11400,21620000,57460000,35840000,93300000,2874651.2,8249302.3,0.1,5155.8,0,0,,-500,-800000,1.6,"2023-01-06T11:24:00.000Z",1673004240000,1.6,1.6,1.6,0,100,0,,0.1,,Infinity,500,500,56200,,800000,,800000,
1732.6,-35500,-53420000,57460000,110880000,168340000,2874651.2,8249302.3,14,5155.8,0,0,,-46900,-75040000,1.6,"2023-01-06T13:00:00.000Z",1673010000000,1.6,1.6,1.6,0,100,0,,9.1,,Infinity,46900,46900,103100,,75040000,,75040000,
1732.6,-46700,-71340000,57460000,128800000,186260000,2874651.2,8249302.3,3.3,5155.8,0,0,,-11200,-17920000,1.6,"2023-01-06T13:02:00.000Z",1673010120000,1.6,1.6,1.6,0,100,0,,2.2,,Infinity,11200,11200,114300,,17920000,,17920000,
1732.6,-61700,-95340000,57460000,152800000,210260000,2874651.2,8249302.3,4.5,5155.8,0,0,,-15000,-24000000,1.6,"2023-01-06T13:06:00.000Z",1673010360000,1.6,1.6,1.6,0,100,0,,2.9,,Infinity,15000,15000,129300,,24000000,,24000000,
1732.6,-60200,-92790000,60010000,152800000,212810000,2874651.2,8249302.3,0.5,5155.8,0,Infinity,1500,1500,2550000,1.7,"2023-01-06T13:08:00.000Z",1673010480000,1.7,1.7,1.7,100,0,0,0.9,,,0,,1500,130800,,2550000,2550000,,
1732.6,-61200,-94290000,61710000,156000000,217710000,2874651.2,8249302.3,0.3,5155.8,0,0.5,1000,-1000,-1500000,1.7,"2023-01-06T13:12:00.000Z",1673010720000,1.7,1.6,1.6,33.3,66.7,0,0.6,0.4,,2,2000,3000,133800,,4900000,1700000,3200000,
1732.6,-59600,-91570000,64430000,156000000,220430000,2874651.2,8249302.3,0.5,5155.8,0,Infinity,1600,1600,2720000,1.7,"2023-01-06T13:24:00.000Z",1673011440000,1.7,1.7,1.7,100,0,0,0.9,,,0,,1600,135400,,2720000,2720000,,
1732.6,-58600,-89870000,66130000,156000000,222130000,2874651.2,8249302.3,0.3,5155.8,0,Infinity,1000,1000,1700000,1.7,"2023-01-06T13:26:00.000Z",1673011560000,1.7,1.7,1.7,100,0,0,0.6,,,0,,1000,136400,,1700000,1700000,,
1732.6,-58500,-89700000,66300000,156000000,222300000,2874651.2,8249302.3,0,5155.8,0,Infinity,100,100,170000,1.7,"2023-01-06T13:30:00.000Z",1673011800000,1.7,1.7,1.7,100,0,0,0.1,,,0,,100,136500,,170000,170000,,
1732.6,-58300,-89360000,66640000,156000000,222640000,2874651.2,8249302.3,0.1,5155.8,0,Infinity,200,200,340000,1.7,"2023-01-06T13:34:00.000Z",1673012040000,1.7,1.7,1.7,100,0,0,0.1,,,0,,200,136700,,340000,340000,,
1732.6,-57700,-88340000,67660000,156000000,223660000,2874651.2,8249302.3,0.2,5155.8,0,Infinity,600,600,1020000,1.7,"2023-01-06T13:36:00.000Z",1673012160000,1.7,1.7,1.7,100,0,0,0.3,,,0,,600,137300,,1020000,1020000,,
1732.6,-57100,-87320000,68680000,156000000,224680000,2874651.2,8249302.3,0.2,5155.8,0,Infinity,600,600,1020000,1.7,"2023-01-06T13:38:00.000Z",1673012280000,1.7,1.7,1.7,100,0,0,0.3,,,0,,600,137900,,1020000,1020000,,
1732.6,-54500,-82900000,73100000,156000000,229100000,2874651.2,8249302.3,0.8,5155.8,0,Infinity,2600,2600,4420000,1.7,"2023-01-06T13:40:00.000Z",1673012400000,1.7,1.7,1.7,100,0,0,1.5,,,0,,2600,140500,,4420000,4420000,,
1732.6,-53900,-81880000,74120000,156000000,230120000,2874651.2,8249302.3,0.2,5155.8,0,Infinity,600,600,1020000,1.7,"2023-01-06T13:42:00.000Z",1673012520000,1.7,1.7,1.7,100,0,0,0.3,,,0,,600,141100,,1020000,1020000,,
1732.6,-53400,-81030000,74970000,156000000,230970000,2874651.2,8249302.3,0.2,5155.8,0,Infinity,500,500,850000,1.7,"2023-01-06T13:54:00.000Z",1673013240000,1.7,1.7,1.7,100,0,0,0.3,,,0,,500,141600,,850000,850000,,
1732.6,-54400,-82630000,74970000,157600000,232570000,2874651.2,8249302.3,0.3,5155.8,0,0,,-1000,-1600000,1.6,"2023-01-06T14:00:00.000Z",1673013600000,1.6,1.6,1.6,0,100,0,,0.2,,Infinity,1000,1000,142600,,1600000,,1600000,
1732.6,-59400,-90630000,74970000,165600000,240570000,2874651.2,8249302.3,1.5,5155.8,0,0,,-5000,-8000000,1.6,"2023-01-06T14:04:00.000Z",1673013840000,1.6,1.6,1.6,0,100,0,,1,,Infinity,5000,5000,147600,,8000000,,8000000,
1732.6,-64500,-98790000,74970000,173760000,248730000,2874651.2,8249302.3,1.5,5155.8,0,0,,-5100,-8160000,1.6,"2023-01-06T14:08:00.000Z",1673014080000,1.6,1.6,1.6,0,100,0,,1,,Infinity,5100,5100,152700,,8160000,,8160000,
1732.6,-106000,-165190000,74970000,240160000,315130000,2874651.2,8249302.3,12.4,5155.8,0,0,,-41500,-66400000,1.6,"2023-01-06T14:12:00.000Z",1673014320000,1.6,1.6,1.6,0,100,0,,8,,Infinity,41500,41500,194200,,66400000,,66400000,
1732.6,-129000,-201990000,74970000,276960000,351930000,2874651.2,8249302.3,6.8,5155.8,0,0,,-23000,-36800000,1.6,"2023-01-06T14:14:00.000Z",1673014440000,1.6,1.6,1.6,0,100,0,,4.5,,Infinity,23000,23000,217200,,36800000,,36800000,
1732.6,-163100,-256550000,74970000,331520000,406490000,2874651.2,8249302.3,10.2,5155.8,0,0,,-34100,-54560000,1.6,"2023-01-06T14:16:00.000Z",1673014560000,1.6,1.6,1.6,0,100,0,,6.6,,Infinity,34100,34100,251300,,54560000,,54560000,
1732.6,-165000,-259590000,74970000,334560000,409530000,2874651.2,8249302.3,0.6,5155.8,0,0,,-1900,-3040000,1.6,"2023-01-06T14:20:00.000Z",1673014800000,1.6,1.6,1.6,0,100,0,,0.4,,Infinity,1900,1900,253200,,3040000,,3040000,
1732.6,-166700,-262310000,75930000,338240000,414170000,2874651.2,8249302.3,0.5,5155.8,0,0.3,600,-1700,-2720000,1.6,"2023-01-06T14:24:00.000Z",1673015040000,1.6,1.6,1.6,20.7,79.3,0,0.3,0.4,,3.8,2300,2900,256100,,4640000,960000,3680000,
1732.6,-164800,-259270000,78970000,338240000,417210000,2874651.2,8249302.3,0.6,5155.8,0,Infinity,1900,1900,3040000,1.6,"2023-01-06T14:26:00.000Z",1673015160000,1.6,1.6,1.6,100,0,0,1.1,,,0,,1900,258000,,3040000,3040000,,
1732.6,-149600,-234950000,103290000,338240000,441530000,2874651.2,8249302.3,4.5,5155.8,0,Infinity,15200,15200,24320000,1.6,"2023-01-06T14:30:00.000Z",1673015400000,1.6,1.6,1.6,100,0,0,8.8,,,0,,15200,273200,,24320000,24320000,,
1732.6,-149700,-235110000,103290000,338400000,441690000,2874651.2,8249302.3,0,5155.8,0,0,,-100,-160000,1.6,"2023-01-06T14:34:00.000Z",1673015640000,1.6,1.6,1.6,0,100,0,,0,,Infinity,100,100,273300,,160000,,160000,
1732.6,-151700,-238310000,103290000,341600000,444890000,2874651.2,8249302.3,0.6,5155.8,0,0,,-2000,-3200000,1.6,"2023-01-06T14:44:00.000Z",1673016240000,1.6,1.6,1.6,0,100,0,,0.4,,Infinity,2000,2000,275300,,3200000,,3200000,
1732.6,-159000,-249990000,103290000,353280000,456570000,2874651.2,8249302.3,2.2,5155.8,0,0,,-7300,-11680000,1.6,"2023-01-06T14:46:00.000Z",1673016360000,1.6,1.6,1.6,0,100,0,,1.4,,Infinity,7300,7300,282600,,11680000,,11680000,
1732.6,-157000,-246790000,106490000,353280000,459770000,2874651.2,8249302.3,0.6,5155.8,0,Infinity,2000,2000,3200000,1.6,"2023-01-06T14:48:00.000Z",1673016480000,1.6,1.6,1.6,100,0,0,1.2,,,0,,2000,284600,,3200000,3200000,,
1732.6,-146300,-229670000,123610000,353280000,476890000,2874651.2,8249302.3,3.2,5155.8,0,Infinity,10700,10700,17120000,1.6,"2023-01-06T14:50:00.000Z",1673016600000,1.6,1.6,1.6,100,0,0,6.2,,,0,,10700,295300,,17120000,17120000,,
1732.6,-147200,-231110000,123610000,354720000,478330000,2874651.2,8249302.3,0.3,5155.8,0,0,,-900,-1440000,1.6,"2023-01-06T14:52:00.000Z",1673016720000,1.6,1.6,1.6,0,100,0,,0.2,,Infinity,900,900,296200,,1440000,,1440000,
