"abu","acum_busd","acum_busd_val","acum_val_bu","acum_val_sd","acum_val","avg_val_bu","avg_val_sd","rbusd","asd","auk","bs","bu","bu-sd","bu-sd_val","c","date","datetime","h","l","o","pbu","psd","puk","rbu","rsd","ruk","sb","sd","sum_vol","total_vol","uk","val","val_bu","val_sd","val_uk"
642.2,1000,42100000,42100000,0,42100000,24662297.8,14081844.4,4,366.7,0,Infinity,1000,1000,42100000,42.1,"2023-01-06T09:06:00.000Z",1672995960000,42.1,42.1,42.1,100,0,0,1.6,,,0,,1000,1000,,42100000,42100000,,
642.2,1400,42116800,42116800,0,42116800,24662297.8,14081844.4,0,366.7,0,Infinity,400,400,16800,42,"2023-01-06T09:14:00.000Z",1672996440000,42,42,42,100,0,0,0.6,,,0,,400,1400,,16800,16800,,
642.2,500,37863200,79766800,41903600,121670400,24662297.8,14081844.4,0.4,366.7,0,0.5,900,-900,-4253600,42,"2023-01-06T09:20:00.000Z",1672996800000,42,41.8,41.9,33.3,66.7,0,1.4,4.9,,2,1800,2700,4100,,79553600,37650000,41903600,
642.2,2800,134693200,176596800,41903600,218500400,24662297.8,14081844.4,9.2,366.7,0,Infinity,2300,2300,96830000,42.1,"2023-01-06T09:30:00.000Z",1672997400000,42.1,42.1,42.1,100,0,0,3.6,,,0,,2300,6400,,96830000,96830000,,
642.2,4900,134781400,176693400,41912000,218605400,24662297.8,14081844.4,0,366.7,0,11.5,2300,2100,88200,42,"2023-01-06T09:46:00.000Z",1672998360000,42,42,42,92,8,0,3.6,0.5,,0.1,200,2500,8900,,105000,96600,8400,
642.2,4200,105491400,176693400,71202000,247895400,24662297.8,14081844.4,2.8,366.7,0,0,,-700,-29290000,41.8,"2023-01-06T09:54:00.000Z",1672998840000,41.9,41.8,41.9,0,100,0,,1.9,,Infinity,700,700,9600,,29290000,,29290000,
642.2,4100,101241400,201773400,100532000,302305400,24662297.8,14081844.4,0.4,366.7,0,0.9,600,-100,-4250000,41.9,"2023-01-06T09:56:00.000Z",1672998960000,41.9,41.8,41.8,46.2,53.8,0,0.9,1.9,,1.2,700,1300,10900,,54410000,25080000,29330000,
642.2,3600,101220400,201773400,100553000,302326400,24662297.8,14081844.4,0,366.7,0,0,,-500,-21000,42,"2023-01-06T10:00:00.000Z",1672999200000,42,42,42,0,100,0,,1.4,,Infinity,500,500,11400,,21000,,21000,
642.2,3400,92770400,214423400,121653000,336076400,24662297.8,14081844.4,0.8,366.7,0,0.6,300,-200,-8450000,42.2,"2023-01-06T10:04:00.000Z",1672999440000,42.2,42.1,42.1,37.5,62.5,0,0.5,1.4,,1.7,500,800,12200,,33750000,12650000,21100000,
642.2,3100,80110400,214423400,134313000,348736400,24662297.8,14081844.4,1.2,366.7,0,0,,-300,-12660000,42.2,"2023-01-06T10:10:00.000Z",1672999800000,42.2,42.2,42.2,0,100,0,,0.8,,Infinity,300,300,12500,,12660000,,12660000,
642.2,2200,42220400,214423400,172203000,386626400,24662297.8,14081844.4,3.6,366.7,0,0,,-900,-37890000,42.1,"2023-01-06T10:18:00.000Z",1673000280000,42.1,42.1,42.1,0,100,0,,2.5,,Infinity,900,900,13400,,37890000,,37890000,
642.2,100,-46419600,214423400,260843000,475266400,24662297.8,14081844.4,8.4,366.7,0,0,,-2100,-88640000,42.3,"2023-01-06T10:30:00.000Z",1673001000000,42.3,42.1,42.1,0,100,0,,5.7,,Infinity,2100,2100,15500,,88640000,,88640000,
642.2,300,-37959600,222883400,260843000,483726400,24662297.8,14081844.4,0.8,366.7,0,Infinity,200,200,8460000,42.3,"2023-01-06T10:40:00.000Z",1673001600000,42.3,42.3,42.3,100,0,0,0.3,,,0,,200,15700,,8460000,8460000,,
642.2,2600,59330400,320173400,260843000,581016400,24662297.8,14081844.4,9.2,366.7,0,Infinity,2300,2300,97290000,42.3,"2023-01-06T10:42:00.000Z",1673001720000,42.3,42.3,42.3,100,0,0,3.6,,,0,,2300,18000,,97290000,97290000,,
642.2,2100,38180400,320173400,281993000,602166400,24662297.8,14081844.4,2,366.7,0,0,,-500,-21150000,42.3,"2023-01-06T10:54:00.000Z",1673002440000,42.3,42.3,42.3,0,100,0,,1.4,,Infinity,500,500,18500,,21150000,,21150000,
642.2,2700,63620400,345613400,281993000,627606400,24662297.8,14081844.4,2.4,366.7,0,Infinity,600,600,25440000,42.4,"2023-01-06T10:56:00.000Z",1673002560000,42.4,42.4,42.4,100,0,0,0.9,,,0,,600,19100,,25440000,25440000,,
642.2,2300,46660400,345613400,298953000,644566400,24662297.8,14081844.4,1.6,366.7,0,0,,-400,-16960000,42.4,"2023-01-06T11:04:00.000Z",1673003040000,42.4,42.4,42.4,0,100,0,,1.1,,Infinity,400,400,19500,,16960000,,16960000,
642.2,1500,12660400,345613400,332953000,678566400,24662297.8,14081844.4,3.2,366.7,0,0,,-800,-34000000,42.5,"2023-01-06T11:12:00.000Z",1673003520000,42.5,42.5,42.5,0,100,0,,2.2,,Infinity,800,800,20300,,34000000,,34000000,
642.2,2500,55260400,388213400,332953000,721166400,24662297.8,14081844.4,4,366.7,0,Infinity,1000,1000,42600000,42.6,"2023-01-06T11:20:00.000Z",1673004000000,42.6,42.6,42.6,100,0,0,1.6,,,0,,1000,21300,,42600000,42600000,,
642.2,1500,12760400,388213400,375453000,763666400,24662297.8,14081844.4,4,366.7,0,0,,-1000,-42500000,42.5,"2023-01-06T11:26:00.000Z",1673004360000,42.5,42.5,42.5,0,100,0,,2.7,,Infinity,1000,1000,22300,,42500000,,42500000,
642.2,3500,97760400,473213400,375453000,848666400,24662297.8,14081844.4,8,366.7,0,Infinity,2000,2000,85000000,42.5,"2023-01-06T13:04:00.000Z",1673010240000,42.5,42.5,42.5,100,0,0,3.1,,,0,,2000,24300,,85000000,85000000,,
642.2,3700,106260400,481713400,375453000,857166400,24662297.8,14081844.4,0.8,366.7,0,Infinity,200,200,8500000,42.5,"2023-01-06T13:14:00.000Z",1673010840000,42.5,42.5,42.5,100,0,0,0.3,,,0,,200,24500,,8500000,8500000,,
642.2,3600,102020400,481713400,379693000,861406400,24662297.8,14081844.4,0.4,366.7,0,0,,-100,-4240000,42.4,"2023-01-06T13:20:00.000Z",1673011200000,42.4,42.4,42.4,0,100,0,,0.3,,Infinity,100,100,24600,,4240000,,4240000,
642.2,3700,106310400,502963400,396653000,899616400,24662297.8,14081844.4,0.4,366.7,0,1.3,500,100,4290000,42.5,"2023-01-06T13:26:00.000Z",1673011560000,42.5,42.4,42.4,55.6,44.4,0,0.8,1.1,,0.8,400,900,25500,,38210000,21250000,16960000,
642.2,4200,127560400,524213400,396653000,920866400,24662297.8,14081844.4,2,366.7,0,Infinity,500,500,21250000,42.5,"2023-01-06T13:30:00.000Z",1673011800000,42.5,42.5,42.5,100,0,0,0.8,,,0,,500,26000,,21250000,21250000,,
642.2,3900,114810400,524213400,409403000,933616400,24662297.8,14081844.4,1.2,366.7,0,0,,-300,-12750000,42.5,"2023-01-06T13:36:00.000Z",1673012160000,42.5,42.5,42.5,0,100,0,,0.8,,Infinity,300,300,26300,,12750000,,12750000,
642.2,6200,212560400,621963400,409403000,1031366400,24662297.8,14081844.4,9.2,366.7,0,Infinity,2300,2300,97750000,42.5,"2023-01-06T13:38:00.000Z",1673012280000,42.5,42.5,42.5,100,0,0,3.6,,,0,,2300,28600,,97750000,97750000,,
642.2,5500,182990400,626203400,443213000,1069416400,24662297.8,14081844.4,2.8,366.7,0,0.1,100,-700,-29570000,42.2,"2023-01-06T13:46:00.000Z",1673012760000,42.4,42.2,42.4,11.1,88.9,0,0.2,2.2,,8,800,900,29500,,38050000,4240000,33810000,
642.2,5400,178880400,655883400,477003000,1132886400,24662297.8,14081844.4,0.4,366.7,0,0.9,700,-100,-4110000,42.4,"2023-01-06T13:48:00.000Z",1673012880000,42.4,42.2,42.2,46.7,53.3,0,1.1,2.2,,1.1,800,1500,31000,,63470000,29680000,33790000,
642.2,6400,221380400,698383400,477003000,1175386400,24662297.8,14081844.4,4,366.7,0,Infinity,1000,1000,42500000,42.5,"2023-01-06T14:00:00.000Z",1673013600000,42.5,42.5,42.5,100,0,0,1.6,,,0,,1000,32000,,42500000,42500000,,
642.2,7400,263880400,740883400,477003000,1217886400,24662297.8,14081844.4,4,366.7,0,Infinity,1000,1000,42500000,42.5,"2023-01-06T14:06:00.000Z",1673013960000,42.5,42.5,42.5,100,0,0,1.6,,,0,,1000,33000,,42500000,42500000,,
642.2,8400,306380400,783383400,477003000,1260386400,24662297.8,14081844.4,4,366.7,0,Infinity,1000,1000,42500000,42.5,"2023-01-06T14:08:00.000Z",1673014080000,42.5,42.5,42.5,100,0,0,1.6,,,0,,1000,34000,,42500000,42500000,,
642.2,8900,327630400,804633400,477003000,1281636400,24662297.8,14081844.4,2,366.7,0,Infinity,500,500,21250000,42.5,"2023-01-06T14:14:00.000Z",1673014440000,42.5,42.5,42.5,100,0,0,0.8,,,0,,500,34500,,21250000,21250000,,
642.2,7800,280990400,804633400,523643000,1328276400,24662297.8,14081844.4,4.4,366.7,0,0,,-1100,-46640000,42.4,"2023-01-06T14:18:00.000Z",1673014680000,42.4,42.4,42.4,0,100,0,,3,,Infinity,1100,1100,35600,,46640000,,46640000,
642.2,7300,259940400,825783400,565843000,1391626400,24662297.8,14081844.4,2,366.7,0,0.5,500,-500,-21050000,42.2,"2023-01-06T14:20:00.000Z",1673014800000,42.3,42.2,42.3,33.3,66.7,0,0.8,2.7,,2,1000,1500,37100,,63350000,21150000,42200000,
642.2,8600,315000400,880843400,565843000,1446686400,24662297.8,14081844.4,5.2,366.7,0,Infinity,1300,1300,55060000,42.4,"2023-01-06T14:24:00.000Z",1673015040000,42.4,42.3,42.3,100,0,0,2,,,0,,1300,38400,,55060000,55060000,,
642.2,9300,344680400,923243400,578563000,1501806400,24662297.8,14081844.4,2.8,366.7,0,3.3,1000,700,29680000,42.4,"2023-01-06T14:28:00.000Z",1673015280000,42.4,42.4,42.4,76.9,23.1,0,1.6,0.8,,0.3,300,1300,39700,,55120000,42400000,12720000,
642.2,9800,365880400,944443400,578563000,1523006400,24662297.8,14081844.4,2,366.7,0,Infinity,500,500,21200000,42.4,"2023-01-06T14:32:00.000Z",1673015520000,42.4,42.4,42.4,100,0,0,0.8,,,0,,500,40200,,21200000,21200000,,
642.2,10800,408280400,986843400,578563000,1565406400,24662297.8,14081844.4,4,366.7,0,Infinity,1000,1000,42400000,42.4,"2023-01-06T14:34:00.000Z",1673015640000,42.4,42.4,42.4,100,0,0,1.6,,,0,,1000,41200,,42400000,42400000,,
642.2,11000,416760400,995323400,578563000,1573886400,24662297.8,14081844.4,0.8,366.7,0,Infinity,200,200,8480000,42.4,"2023-01-06T14:48:00.000Z",1673016480000,42.4,42.4,42.4,100,0,0,0.3,,,0,,200,41400,,8480000,8480000,,
642.2,10700,404040400,995323400,591283000,1586606400,24662297.8,14081844.4,1.2,366.7,0,0,,-300,-12720000,42.4,"2023-01-06T14:50:00.000Z",1673016600000,42.4,42.4,42.4,0,100,0,,0.8,,Infinity,300,300,41700,,12720000,,12720000,
642.2,11700,446440400,1037723400,591283000,1629006400,24662297.8,14081844.4,4,366.7,0,Infinity,1000,1000,42400000,42.4,"2023-01-06T14:52:00.000Z",1673016720000,42.4,42.4,42.4,100,0,0,1.6,,,0,,1000,42700,,42400000,42400000,,
642.2,12700,488840400,1080123400,591283000,1671406400,24662297.8,14081844.4,4,366.7,0,Infinity,1000,1000,42400000,42.4,"2023-01-06T14:54:00.000Z",1673016840000,42.4,42.4,42.4,100,0,0,1.6,,,0,,1000,43700,,42400000,42400000,,
642.2,13400,518520400,1109803400,591283000,1701086400,24662297.8,14081844.4,2.8,366.7,0,Infinity,700,700,29680000,42.4,"2023-01-06T14:56:00.000Z",1673016960000,42.4,42.4,42.4,100,0,0,1.1,,,0,,700,44400,,29680000,29680000,,
642.2,12400,476120400,1109803400,633683000,1743486400,24662297.8,14081844.4,4,366.7,0,0,,-1000,-42400000,42.4,"2023-01-06T15:00:00.000Z",1673017200000,42.4,42.4,42.4,0,100,0,,2.7,,Infinity,1000,1000,45400,,42400000,,42400000,
