"abu","acum_busd","acum_busd_val","acum_val_bu","acum_val_sd","acum_val","avg_val_bu","avg_val_sd","rbusd","asd","auk","bs","bu","bu-sd","bu-sd_val","c","date","datetime","h","l","o","pbu","psd","puk","rbu","rsd","ruk","sb","sd","sum_vol","total_vol","uk","val","val_bu","val_sd","val_uk"
39183.7,-38800,-330981000,196557600,527538600,26167141600,453778173.5,451767616.3,-164.6,41291.8,318.4,0.3,20800,-38800,-330981000,13.5,"2022-12-07T09:00:00.000Z",1670403600000,14.4,11.4,11.4,25.1,72,2.9,0.5,1.4,7.5,2.9,59600,82800,10400,2400,744908800,196557600,527538600,20812600
39183.7,-399100,-4433361000,555617600,4988978600,26269261600,453778173.5,451767616.3,-2040.4,41291.8,318.4,0.1,30300,-360300,-4102380000,13.4,"2022-12-07T09:05:00.000Z",1670403900000,13.5,11.4,11.4,7.2,92.5,0.4,0.8,9.5,4.7,12.9,390600,422400,18000,1500,4840720000,359060000,4461440000,20220000
39183.7,-397000,-4429851000,980407600,5410258600,26600331600,453778173.5,451767616.3,1.7,41291.8,318.4,1.1,35900,2100,3510000,13.3,"2022-12-07T09:10:00.000Z",1670404200000,13.4,11.4,11.5,51.5,48.5,0,0.9,0.8,,0.9,33800,69700,42900,,846070000,424790000,421280000,
39183.7,-395900,-4662932200,1380366400,6043298600,27104181600,453778173.5,451767616.3,-115.9,41291.8,318.4,1,61100,1100,-233081200,13.1,"2022-12-07T09:15:00.000Z",1670404500000,13.3,11.5,11.5,50.5,49.5,0,1.6,1.5,,1,60000,121100,81200,,1032998800,399958800,633040000,
39183.7,-377100,-4347932200,1917668400,6265600600,27757401600,453778173.5,451767616.3,156.7,41291.8,318.4,1.8,42100,18800,315000000,13.2,"2022-12-07T09:20:00.000Z",1670404800000,13.2,11.7,12.2,64.4,35.6,0,1.1,0.6,,0.6,23300,65400,130800,,759604000,537302000,222302000,
39183.7,-448700,-4682181200,2129528400,6811709600,28061250600,453778173.5,451767616.3,-166.2,41291.8,318.4,0.2,16800,-71600,-334249000,13.5,"2022-12-07T09:25:00.000Z",1670405100000,13.5,11.5,11.7,15.6,82.1,2.3,0.4,2.1,7.9,5.3,88400,107700,196500,2500,790989000,211860000,546109000,33020000
39183.7,-489300,-5159031200,2330698400,7489729600,28489500600,453778173.5,451767616.3,-237.2,41291.8,318.4,0.3,15300,-40600,-476850000,13.2,"2022-12-07T09:30:00.000Z",1670405400000,13.5,11.5,11.5,21.5,78.5,0,0.4,1.4,,3.7,55900,71200,228500,,879190000,201170000,678020000,
39183.7,-478800,-5028911200,2502788400,7531699600,28631580600,453778173.5,451767616.3,64.7,41291.8,318.4,4.3,13700,10500,130120000,13.3,"2022-12-07T09:35:00.000Z",1670405700000,13.3,11.5,11.5,81.1,18.9,0,0.3,0.1,,0.2,3200,16900,239200,,214060000,172090000,41970000,
39183.7,-524100,-5547101200,2521548400,8068649600,28656990600,453778173.5,451767616.3,-257.7,41291.8,318.4,0,1400,-45300,-518190000,13.4,"2022-12-07T09:40:00.000Z",1670406000000,13.4,11.4,11.5,2.9,97.1,0,0,1.1,,33.4,46700,48100,241100,,555710000,18760000,536950000,
39183.7,-523300,-5523141200,2623708400,8146849600,28759150600,453778173.5,451767616.3,11.9,41291.8,318.4,1.1,7600,800,23960000,13.5,"2022-12-07T09:45:00.000Z",1670406300000,13.6,11.5,11.5,52.8,47.2,0,0.2,0.2,,0.9,6800,14400,248700,,180360000,102160000,78200000,
39183.7,-518800,-5477841200,2774888400,8252729600,28859870600,453778173.5,451767616.3,22.5,41291.8,318.4,1.5,12800,4500,45300000,13.4,"2022-12-07T09:50:00.000Z",1670406600000,13.5,11.4,11.5,60.7,39.3,0,0.3,0.2,,0.6,8300,21100,256200,,257060000,151180000,105880000,
39183.7,-530300,-5632921200,2905378400,8538299600,29044550600,453778173.5,451767616.3,-77.1,41291.8,318.4,0.5,11300,-11500,-155080000,13.3,"2022-12-07T09:55:00.000Z",1670406900000,13.3,11.4,11.4,33.1,66.9,0,0.3,0.6,,2,22800,34100,270100,,416060000,130490000,285570000,
39183.7,-539100,-5733231200,2950988400,8684219600,29092240600,453778173.5,451767616.3,-49.9,41291.8,318.4,0.3,3700,-8800,-100310000,13.2,"2022-12-07T10:00:00.000Z",1670407200000,13.3,11.4,11.4,22.8,77.2,0,0.1,0.3,,3.4,12500,16200,273700,,191530000,45610000,145920000,
39183.7,-795000,-8679011200,3533708400,12212719600,29304660600,453778173.5,451767616.3,-1465.2,41291.8,318.4,0.2,51100,-255900,-2945780000,13.1,"2022-12-07T10:05:00.000Z",1670407500000,13.2,11.4,11.4,14.3,85.7,0,1.3,7.4,,6,307000,358100,289800,,4111220000,582720000,3528500000,
39183.7,-822300,-8949938300,3557618400,12507556700,29616567700,453778173.5,451767616.3,-134.8,41291.8,318.4,0.1,1900,-27300,-270927100,13,"2022-12-07T10:10:00.000Z",1670407800000,13.2,11.4,11.4,6.1,93.9,0,0,0.7,,15.4,29200,31100,320300,,318747100,23910000,294837100,
39183.7,-719100,-7726659900,4830718400,12557378300,29794929300,453778173.5,451767616.3,608.4,41291.8,318.4,15.7,110200,103200,1223278400,13.1,"2022-12-07T10:15:00.000Z",1670408100000,13.2,11.4,11.4,94,6,0,2.8,0.2,,0.1,7000,117200,337100,,1322921600,1273100000,49821600,
39183.7,-629000,-6695572900,5948278400,12643851300,29909122300,453778173.5,451767616.3,512.8,41291.8,318.4,12.9,97700,90100,1031087000,13,"2022-12-07T10:20:00.000Z",1670408400000,13.2,11.4,11.4,92.8,7.2,0,2.5,0.2,,0.1,7600,105300,346800,,1204033000,1117560000,86473000,
39183.7,-633500,-6663067800,5980878400,12643946200,29914457200,453778173.5,451767616.3,16.2,41291.8,318.4,0.4,2800,-4500,32505100,13,"2022-12-07T10:25:00.000Z",1670408700000,13.1,11.4,11.4,27.7,72.3,0,0.1,0.2,,2.6,7300,10100,354500,,32694900,32600000,94900,
39183.7,-737200,-7700709400,6057931000,13758640400,31056044000,453778173.5,451767616.3,-516.1,41291.8,318.4,0.1,6700,-103700,-1037641600,12.8,"2022-12-07T10:30:00.000Z",1670409000000,13,11.4,11.4,5.7,94.3,0,0.2,2.7,,16.5,110400,117100,467200,,1191746800,77052600,1114694200,
39183.7,-770200,-8118619400,6253561000,14372180400,31865214000,453778173.5,451767616.3,-207.9,41291.8,318.4,0.3,15200,-33000,-417910000,12.9,"2022-12-07T10:35:00.000Z",1670409300000,12.9,12.7,12.8,24,76,0,0.4,1.2,,3.2,48200,63400,530600,,809170000,195630000,613540000,
39183.7,-778800,-8228909400,6469601000,14698510400,32405304000,453778173.5,451767616.3,-54.9,41291.8,318.4,0.7,16900,-8600,-110290000,12.8,"2022-12-07T10:40:00.000Z",1670409600000,12.9,11.4,11.4,39.9,60.1,0,0.4,0.6,,1.5,25500,42400,572800,,542370000,216040000,326330000,
39183.7,-771000,-8222545800,6481094600,14703640400,32411817600,453778173.5,451767616.3,3.2,41291.8,318.4,20.5,8200,7800,6363600,12.9,"2022-12-07T10:45:00.000Z",1670409900000,13,11.4,11.4,94.3,4.6,1.1,0.2,0,0.3,0,400,8700,580500,100,17913600,11493600,5130000,1290000
39183.7,-750600,-8010933800,6722376600,14733310400,32682769600,453778173.5,451767616.3,105.3,41291.8,318.4,9.9,22700,20400,211612000,13,"2022-12-07T10:50:00.000Z",1670410200000,13,12.9,12.9,90.8,9.2,0,0.6,0.1,,0.1,2300,25000,605500,,270952000,241282000,29670000,
39183.7,-777800,-8484329000,6813581400,15297910400,33324894400,453778173.5,451767616.3,-235.5,41291.8,318.4,0.4,16800,-27200,-473395200,13,"2022-12-07T10:55:00.000Z",1670410500000,13,11.4,11.4,27.6,72.4,0,0.4,1.1,,2.6,44000,60800,665100,,655804800,91204800,564600000,
39183.7,-764200,-8378740100,6919170300,15297910400,33407683300,453778173.5,451767616.3,52.5,41291.8,318.4,Infinity,13600,13600,105588900,13.2,"2022-12-07T11:00:00.000Z",1670410800000,13.2,11.4,11.4,100,0,0,0.3,,,0,,13600,676700,,105588900,105588900,,
39183.7,-736400,-8029780100,7268130300,15297910400,33642643300,453778173.5,451767616.3,173.6,41291.8,318.4,Infinity,27800,27800,348960000,13.2,"2022-12-07T11:05:00.000Z",1670411100000,13.2,11.4,11.4,100,0,0,0.7,,,0,,27800,694500,,348960000,348960000,,
39183.7,-726700,-7909510100,7408050300,15317560400,33761293300,453778173.5,451767616.3,59.8,41291.8,318.4,7.5,11200,9700,120270000,13.2,"2022-12-07T11:10:00.000Z",1670411400000,13.2,11.4,11.4,83.6,11.2,5.2,0.3,0,2.2,0.1,1500,13400,703500,700,168810000,139920000,19650000,9240000
39183.7,-277200,-2766680100,12577080300,15343760400,33956483300,453778173.5,451767616.3,2557.9,41291.8,318.4,225.8,451500,449500,5142830000,13.1,"2022-12-07T11:15:00.000Z",1670411700000,13.1,11.4,11.4,99.6,0.4,0,11.5,0,,0,2000,453500,718400,,5195230000,5169030000,26200000,
39183.7,-238200,-2319740100,13038430300,15358170400,33972203300,453778173.5,451767616.3,222.3,41291.8,318.4,36.5,40100,39000,446940000,13.1,"2022-12-07T11:20:00.000Z",1670412000000,13.1,11.4,11.4,92.8,2.5,4.6,1,0,6.3,0,1100,43200,719600,2000,498760000,461350000,14410000,23000000
39183.7,-251200,-2468600100,13067070300,15535670400,33977443300,453778173.5,451767616.3,-74,41291.8,318.4,0.2,2400,-13000,-148860000,13.1,"2022-12-07T11:25:00.000Z",1670412300000,13.1,11.5,11.5,13.5,86.5,0,0.1,0.4,,6.4,15400,17800,720000,,206140000,28640000,177500000,
39183.7,-334400,-3018644700,13143050300,16161695000,34053867900,453778173.5,451767616.3,-273.6,41291.8,318.4,0.1,5800,-83200,-550044600,13,"2022-12-07T13:00:00.000Z",1670418000000,13.1,11.4,11.5,6.1,93.9,0,0.1,2.2,,15.3,89000,94800,760000,,702004600,75980000,626024600,
39183.7,-379900,-3313054700,13202348500,16515403200,34083834300,453778173.5,451767616.3,-146.4,41291.8,318.4,0.1,6600,-45500,-294410000,12.9,"2022-12-07T13:05:00.000Z",1670418300000,13,11.4,11.4,11.2,88.8,0,0.2,1.3,,7.9,52100,58700,785100,,413006400,59298200,353708200,
39183.7,-383400,-3389460500,13490742700,16880203200,34100908500,453778173.5,451767616.3,-38,41291.8,318.4,0.9,28500,-3500,-76405800,13,"2022-12-07T13:10:00.000Z",1670418600000,13.1,11.4,11.4,47.1,52.9,0,0.7,0.8,,1.1,32000,60500,789800,,653194200,288394200,364800000,
39183.7,-281700,-2217582700,14873860500,17091443200,34644186300,453778173.5,451767616.3,582.9,41291.8,318.4,7.1,118500,101700,1171877800,12.7,"2022-12-07T13:15:00.000Z",1670418900000,13,11.4,11.4,87.6,12.4,0,3,0.4,,0.1,16800,135300,832900,,1594357800,1383117800,211240000,
39183.7,-340500,-2939072700,15037710500,17976783200,35398896300,453778173.5,451767616.3,-358.9,41291.8,318.4,0.2,13200,-58800,-721490000,12.6,"2022-12-07T13:20:00.000Z",1670419200000,12.8,11.4,11.4,15.5,84.5,0,0.3,1.7,,5.5,72000,85200,892300,,1049190000,163850000,885340000,
39183.7,-447000,-4241362700,15099940500,19341303200,36454006300,453778173.5,451767616.3,-647.7,41291.8,318.4,0,4900,-106500,-1302290000,12.6,"2022-12-07T13:25:00.000Z",1670419500000,12.7,11.4,11.4,4.2,95.8,0,0.1,2.7,,22.7,111400,116300,976000,,1426750000,62230000,1364520000,
39183.7,-451300,-4287002700,15481500500,19768503200,37111906300,453778173.5,451767616.3,-22.7,41291.8,318.4,0.9,30500,-4300,-45640000,12.8,"2022-12-07T13:30:00.000Z",1670419800000,12.8,11.4,11.4,46.7,53.3,0,0.8,0.8,,1.1,34800,65300,1028100,,808760000,381560000,427200000,
39183.7,-431900,-4063742700,15953160500,20016903200,37559366300,453778173.5,451767616.3,111,41291.8,318.4,2,39000,19400,223260000,12.7,"2022-12-07T13:35:00.000Z",1670420100000,12.9,11.5,11.5,66.6,33.4,0,1,0.5,,0.5,19600,58600,1063100,,720060000,471660000,248400000,
39183.7,-417500,-3868552700,16672570500,20541123200,38436936300,453778173.5,451767616.3,97.1,41291.8,318.4,1.3,58000,14400,195190000,12.6,"2022-12-07T13:40:00.000Z",1670420400000,12.7,11.4,11.6,57.1,42.9,0,1.5,1.1,,0.8,43600,101600,1132700,,1243630000,719410000,524220000,
39183.7,-424100,-3940652700,16757660500,20698313200,38578896300,453778173.5,451767616.3,-35.9,41291.8,318.4,0.5,6700,-6600,-72100000,12.7,"2022-12-07T13:45:00.000Z",1670420700000,12.7,11.4,11.4,33.5,66.5,0,0.2,0.3,,2,13300,20000,1143900,,242280000,85090000,157190000,
39183.7,-415500,-3856332700,17017160500,20873493200,38785576300,453778173.5,451767616.3,41.9,41291.8,318.4,1.6,22500,8600,84320000,12.6,"2022-12-07T13:50:00.000Z",1670421000000,12.7,11.4,11.4,61.8,38.2,0,0.6,0.3,,0.6,13900,36400,1160300,,434680000,259500000,175180000,
39183.7,-433000,-4036932700,17304060500,21340993200,38978356300,453778173.5,451767616.3,-89.8,41291.8,318.4,0.6,23500,-17500,-180600000,12.6,"2022-12-07T13:55:00.000Z",1670421300000,12.6,11.4,11.4,36.4,63.6,0,0.6,1,,1.7,41000,64500,1175600,,754400000,286900000,467500000,
39183.7,-410000,-3762252700,17578740500,21340993200,39109396300,453778173.5,451767616.3,136.6,41291.8,318.4,Infinity,23000,23000,274680000,12.6,"2022-12-07T14:00:00.000Z",1670421600000,12.6,11.4,11.4,100,0,0,0.6,,,0,,23000,1186000,,274680000,274680000,,
39183.7,-409000,-3750612700,17590380500,21340993200,39111916300,453778173.5,451767616.3,5.8,41291.8,318.4,Infinity,1000,1000,11640000,12.6,"2022-12-07T14:05:00.000Z",1670421900000,12.6,11.4,11.4,100,0,0,0,,,0,,1000,1186200,,11640000,11640000,,
39183.7,-229800,-1492692700,19848300500,21340993200,41369836300,453778173.5,451767616.3,1123,41291.8,318.4,Infinity,179200,179200,2257920000,12.6,"2022-12-07T14:10:00.000Z",1670422200000,12.6,12.6,12.6,100,0,0,4.6,,,0,,179200,1365400,,2257920000,2257920000,,
39183.7,-227400,-1464552700,20181280500,21645833200,41957496300,453778173.5,451767616.3,14,41291.8,318.4,1.1,26500,2400,28140000,12.7,"2022-12-07T14:15:00.000Z",1670422500000,12.9,11.4,11.4,52.4,47.6,0,0.7,0.6,,0.9,24100,50600,1411600,,637820000,332980000,304840000,
39183.7,-256300,-1829282700,20307330500,22136613200,42574326300,453778173.5,451767616.3,-181.4,41291.8,318.4,0.3,10000,-28900,-364730000,12.6,"2022-12-07T14:20:00.000Z",1670422800000,12.7,12.6,12.6,20.4,79.6,0,0.3,0.9,,3.9,38900,48900,1460500,,616830000,126050000,490780000,
39183.7,-103300,98517300,22235130500,22136613200,44502126300,453778173.5,451767616.3,958.8,41291.8,318.4,Infinity,153000,153000,1927800000,12.6,"2022-12-07T14:25:00.000Z",1670423100000,12.6,12.6,12.6,100,0,0,3.9,,,0,,153000,1613500,,1927800000,1927800000,,
39183.7,-103300,98517300,22235130500,22136613200,44557566300,453778173.5,451767616.3,0,41291.8,318.4,NaN,,0,0,12.6,"2022-12-07T14:45:00.000Z",1670424300000,12.6,11.4,11.4,0,0,100,,,20.1,NaN,,6400,1617900,6400,78240000,,,78240000
