"abu","acum_busd","acum_busd_val","acum_val","asd","auk","bs","bu","bu-sd","bu-sd_val","c","date","datetime","h","l","o","pbu","psd","puk","rbu","rsd","ruk","sb","sd","sum_vol","total_vol","uk","val","val_bu","val_sd","val_uk"
159993.6,-1008900,-4721865000,51175839000,234076.6,1863.8,0.3,341000,-1008900,-4721865000,5.4,"2022-12-07T09:15:00.000Z",1670404500000,5.51,4.58,4.58,20.2,79.8,0,2.1,5.8,,4,1349900,1690900,305600,,8067349000,1672742000,6394607000,
159993.6,-868500,-3926945000,52843282000,234076.6,1863.8,1.7,335600,140400,794920000,5.48,"2022-12-07T09:20:00.000Z",1670404800000,5.5,4.66,4.78,63,36.7,0.3,2.1,0.8,0.8,0.6,195200,532300,613700,1500,2734817000,1760841000,965921000,8055000
159993.6,-1153100,-5169659000,53713553000,234076.6,1863.8,0.4,160200,-284600,-1242714000,5.48,"2022-12-07T09:25:00.000Z",1670405100000,5.58,4.58,4.68,26.4,73.3,0.2,1,1.9,0.8,2.8,444800,606500,771800,1500,2941547000,845442000,2088156000,7949000
159993.6,-1505000,-6872126000,54658171000,234076.6,1863.8,0.3,150600,-351900,-1702467000,5.4,"2022-12-07T09:30:00.000Z",1670405400000,5.48,4.58,4.6,23,76.9,0.1,0.9,2.1,0.3,3.3,502500,653600,946000,500,3145586000,720202000,2422669000,2715000
159993.6,-1573400,-7160044000,55597839000,234076.6,1863.8,0.7,143600,-68400,-287918000,5.41,"2022-12-07T09:35:00.000Z",1670405700000,5.41,4.58,4.59,40.4,59.6,0,0.9,0.9,,1.5,212000,355600,1120200,,1775446000,743764000,1031682000,
159993.6,-1445400,-6544347000,56221800000,234076.6,1863.8,3.6,178000,128000,615697000,5.44,"2022-12-07T09:40:00.000Z",1670406000000,5.45,4.65,4.7,78.1,21.9,0,1.1,0.2,,0.3,50000,228000,1235000,,1155985000,885841000,270144000,
159993.6,-1551800,-7063092000,56880321000,234076.6,1863.8,0.3,55600,-106400,-518745000,5.44,"2022-12-07T09:45:00.000Z",1670406300000,5.44,4.65,4.68,25.6,74.4,0,0.3,0.7,,2.9,162000,217600,1356400,,1106683000,293969000,812714000,
159993.6,-1586800,-7218031000,57858594000,234076.6,1863.8,0.8,108100,-35000,-154939000,5.41,"2022-12-07T09:50:00.000Z",1670406600000,5.45,4.6,4.64,43,57,0,0.7,0.6,,1.3,143100,251200,1536400,,1306419000,575740000,730679000,
159993.6,-1640300,-7455622000,58270431000,234076.6,1863.8,0.7,123500,-53500,-237591000,5.42,"2022-12-07T09:55:00.000Z",1670406900000,5.43,4.59,4.6,41.1,58.9,0,0.8,0.8,0.1,1.4,177000,300600,1612400,100,1447119000,604493000,842084000,542000
159993.6,-1827500,-8456001000,59532864000,234076.6,1863.8,0.2,52500,-187200,-1000379000,5.4,"2022-12-07T10:00:00.000Z",1670407200000,5.42,4.61,4.62,18,82,0,0.3,1,,4.6,239700,292200,1846200,,1531885000,265753000,1266132000,
159993.6,-2362200,-11029283000,61001762000,234076.6,1863.8,0.3,235400,-534700,-2573282000,5.36,"2022-12-07T10:05:00.000Z",1670407500000,5.41,4.57,4.61,23.4,76.5,0.1,1.5,3.3,0.3,3.3,770100,1006100,2119900,600,4826294000,1125132000,3698414000,2748000
159993.6,-3473800,-16133889000,61833952000,234076.6,1863.8,0.1,170400,-1111600,-5104606000,5.35,"2022-12-07T10:10:00.000Z",1670407800000,5.36,4.57,4.57,11.7,87.8,0.6,1.1,5.5,4.6,7.5,1282000,1460900,2275800,8500,6797190000,823682000,5928288000,45220000
159993.6,-3250400,-15100726000,62447379000,234076.6,1863.8,5.5,273100,223400,1033163000,5.37,"2022-12-07T10:15:00.000Z",1670408100000,5.37,4.57,4.57,84.6,15.4,0,1.7,0.2,,0.2,49700,322800,2390200,,1565815000,1299489000,266326000,
159993.6,-2820200,-13159897000,62906652000,234076.6,1863.8,6.3,511400,430200,1940829000,5.34,"2022-12-07T10:20:00.000Z",1670408400000,5.37,4.57,4.57,86.3,13.7,0,3.2,0.3,,0.2,81200,592600,2476000,,2775533000,2358181000,417352000,
159993.6,-3056800,-14409853000,64243344000,234076.6,1863.8,0.1,34700,-236600,-1249956000,5.31,"2022-12-07T10:25:00.000Z",1670408700000,5.35,4.57,4.58,11.3,88.7,0,0.2,1.2,,7.8,271300,306000,2727200,,1587350000,168697000,1418653000,
159993.6,-3387600,-16110632000,66074969000,234076.6,1863.8,0.2,67600,-330800,-1700779000,5.29,"2022-12-07T10:30:00.000Z",1670409000000,5.31,4.57,4.57,14.5,85.5,0,0.4,1.7,,5.9,398400,466000,3073600,,2378831000,339026000,2039805000,
159993.6,-3406300,-16112654000,66868143000,234076.6,1863.8,0.9,139000,-18700,-2022000,5.35,"2022-12-07T10:35:00.000Z",1670409300000,5.38,4.57,4.58,46.8,53.2,0,0.9,0.7,,1.1,157700,296700,3222700,,1467978000,732978000,735000000,
159993.6,-3508800,-16601979000,67081488000,234076.6,1863.8,0.2,23500,-102500,-489325000,5.34,"2022-12-07T10:40:00.000Z",1670409600000,5.36,4.57,4.57,15.6,83.7,0.7,0.1,0.5,0.5,5.4,126000,150500,3262600,1000,718787000,112446000,601771000,4570000
159993.6,-3280100,-15607655000,67678328000,234076.6,1863.8,3.5,319500,228700,994324000,5.28,"2022-12-07T10:45:00.000Z",1670409900000,5.34,4.57,4.57,77.9,22.1,0,2,0.4,,0.3,90800,410300,3375100,,1957786000,1476055000,481731000,
159993.6,-3284200,-15596026000,68279563000,234076.6,1863.8,1,103100,-4100,11629000,5.32,"2022-12-07T10:50:00.000Z",1670410200000,5.32,4.57,4.58,49,51,0,0.6,0.5,,1,107200,210300,3488400,,1044953000,528291000,516662000,
159993.6,-3304500,-15688762000,68493171000,234076.6,1863.8,0.6,34500,-20300,-92736000,5.34,"2022-12-07T10:55:00.000Z",1670410500000,5.35,4.58,4.58,38.6,61.4,0,0.2,0.2,,1.6,54800,89300,3528500,,439020000,173142000,265878000,
159993.6,-3318800,-15654173000,69315026000,234076.6,1863.8,0.9,136200,-14300,34589000,5.45,"2022-12-07T11:00:00.000Z",1670410800000,5.45,4.57,4.58,47.5,52.5,0,0.9,0.6,,1.1,150500,286700,3680800,,1436357000,735473000,700884000,
159993.6,-3178600,-14826061000,70974118000,234076.6,1863.8,2.4,237700,140200,828112000,5.52,"2022-12-07T11:05:00.000Z",1670411100000,5.59,4.57,4.57,63.8,26.2,10,1.5,0.4,19.9,0.4,97500,372300,3982500,37100,1981772000,1301966000,473854000,205952000
159993.6,-3188700,-14897516000,71566459000,234076.6,1863.8,0.9,96100,-10100,-71455000,5.5,"2022-12-07T11:10:00.000Z",1670411400000,5.6,4.58,4.58,46.9,51.9,1.2,0.6,0.5,1.3,1.1,106200,204700,4089200,2400,1041467000,478404000,549859000,13204000
159993.6,-3014900,-14134452000,71870431000,234076.6,1863.8,3.7,237700,173800,763064000,5.49,"2022-12-07T11:15:00.000Z",1670411700000,5.5,4.59,4.59,78.8,21.2,0,1.5,0.3,,0.3,63900,301600,4144600,,1438852000,1100958000,337894000,
159993.6,-3002600,-14042196000,72175815000,234076.6,1863.8,1.2,76300,12300,92256000,5.5,"2022-12-07T11:20:00.000Z",1670412000000,5.53,4.67,4.68,54.4,45.6,0,0.5,0.3,,0.8,64000,140300,4200100,,702400000,397328000,305072000,
159993.6,-3089700,-14464218000,72380115000,234076.6,1863.8,0.2,17800,-87100,-422022000,5.46,"2022-12-07T11:25:00.000Z",1670412300000,5.5,4.59,4.65,14.5,85.5,0,0.1,0.4,,5.9,104900,122700,4237400,,599238000,88608000,510630000,
159993.6,-3269400,-15338775000,73398169000,234076.6,1863.8,0.4,106600,-179700,-874557000,5.35,"2022-12-07T13:00:00.000Z",1670418000000,5.49,4.59,4.6,27,72.4,0.6,0.7,1.2,1.3,2.7,286300,395400,4426200,2500,1968202000,540055000,1414612000,13535000
159993.6,-3793700,-17737263000,73892829000,234076.6,1863.8,0.1,62700,-524300,-2398488000,5.44,"2022-12-07T13:05:00.000Z",1670418300000,5.45,4.57,4.6,9.5,89.2,1.2,0.4,2.5,4.4,9.4,587000,657900,4518300,8200,3082864000,320156000,2718644000,44064000
159993.6,-3861400,-18145199000,74730015000,234076.6,1863.8,0.6,109800,-67700,-407936000,5.39,"2022-12-07T13:10:00.000Z",1670418600000,5.44,4.57,4.57,38.2,61.7,0.1,0.7,0.8,0.1,1.6,177500,287500,4673200,200,1443168000,517075000,925011000,1082000
159993.6,-3759100,-17748224000,75303260000,234076.6,1863.8,2,201800,102300,396975000,5.31,"2022-12-07T13:15:00.000Z",1670418900000,5.38,4.57,4.57,67,33,0,1.3,0.4,,0.5,99500,301300,4780500,,1459825000,928400000,531425000,
159993.6,-3493700,-16649033000,76535313000,234076.6,1863.8,2.1,516900,265400,1099191000,5.27,"2022-12-07T13:20:00.000Z",1670419200000,5.31,4.57,4.57,67.3,32.7,0,3.2,1.1,0.1,0.5,251500,768500,5013400,100,3679759000,2389211000,1290020000,528000
159993.6,-3720200,-17880038000,79863316000,234076.6,1863.8,0.5,274400,-226500,-1231005000,5.29,"2022-12-07T13:25:00.000Z",1670419500000,5.3,4.57,4.57,35.4,64.6,0,1.7,2.1,,1.8,500900,775300,5646300,,3978911000,1373953000,2604958000,
159993.6,-3682100,-17698747000,80496949000,234076.6,1863.8,1.4,134100,38100,181291000,5.35,"2022-12-07T13:30:00.000Z",1670419800000,5.35,4.57,4.58,58.3,41.7,0,0.8,0.4,,0.7,96000,230100,5765800,,1139775000,660533000,479242000,
159993.6,-3669900,-17745433000,81781071000,234076.6,1863.8,1,311000,12200,-46686000,5.25,"2022-12-07T13:35:00.000Z",1670420100000,5.38,4.57,4.58,51,49,0,1.9,1.3,,1,298800,609800,6009400,,2989992000,1471653000,1518339000,
159993.6,-3663500,-17710025000,82676349000,234076.6,1863.8,1,174000,6400,35408000,5.27,"2022-12-07T13:40:00.000Z",1670420400000,5.3,4.57,4.65,50.9,49,0.1,1.1,0.7,0.1,1,167600,341800,6179400,200,1684532000,859508000,824100000,924000
159993.6,-3687700,-17818110000,83491794000,234076.6,1863.8,0.8,86400,-24200,-108085000,5.26,"2022-12-07T13:45:00.000Z",1670420700000,5.29,4.58,4.59,43.9,56.1,0,0.5,0.5,,1.3,110600,197000,6334000,,1010051000,450983000,559068000,
159993.6,-4312000,-20956056000,87102960000,234076.6,1863.8,0.3,209400,-624300,-3137946000,5.25,"2022-12-07T13:50:00.000Z",1670421000000,5.27,4.57,4.58,20.1,79.9,0,1.3,3.6,,4,833700,1043100,7021700,,5235998000,1049026000,4186972000,
159993.6,-4233100,-20542393000,87511935000,234076.6,1863.8,4.3,102900,78900,413663000,5.25,"2022-12-07T13:55:00.000Z",1670421300000,5.25,4.57,4.57,81.1,18.9,0,0.6,0.1,,0.2,24000,126900,7099600,,633227000,523445000,109782000,
159993.6,-4290900,-20790433000,87636885000,234076.6,1863.8,0.5,56400,-57800,-248040000,5.25,"2022-12-07T14:00:00.000Z",1670421600000,5.25,4.57,4.58,32.7,66.2,1.2,0.4,0.5,1.1,2,114200,172600,7123400,2000,805152000,273986000,522026000,9140000
159993.6,-4244700,-20560667000,87780735000,234076.6,1863.8,Infinity,46200,46200,229766000,5.25,"2022-12-07T14:05:00.000Z",1670421900000,5.25,4.57,4.57,100,0,0,0.3,,,0,,46200,7150800,,229766000,229766000,,
159993.6,-4079900,-19721715000,88443285000,234076.6,1863.8,Infinity,164800,164800,838952000,5.25,"2022-12-07T14:10:00.000Z",1670422200000,5.25,4.57,4.57,100,0,0,1,,,0,,164800,7277000,,838952000,838952000,,
159993.6,-3764600,-18083526000,89966310000,234076.6,1863.8,Infinity,315300,315300,1638189000,5.25,"2022-12-07T14:15:00.000Z",1670422500000,5.25,4.57,4.57,100,0,0,2,,,0,,315300,7567100,,1638189000,1638189000,,
159993.6,-3532400,-16868148000,91157010000,234076.6,1863.8,Infinity,232200,232200,1215378000,5.25,"2022-12-07T14:20:00.000Z",1670422800000,5.25,4.57,4.57,100,0,0,1.5,,,0,,232200,7793900,,1215378000,1215378000,,
159993.6,-3480700,-16613859000,91296135000,234076.6,1863.8,Infinity,51700,51700,254289000,5.25,"2022-12-07T14:25:00.000Z",1670423100000,5.25,4.57,4.57,100,0,0,0.3,,,0,,51700,7820400,,254289000,254289000,,
159993.6,-3481900,-16620159000,91306635000,234076.6,1863.8,0.3,400,-1200,-6300000,5.25,"2022-12-07T14:30:00.000Z",1670423400000,5.25,5.25,5.25,20,80,0,0,0,,4,1600,2000,7822400,,10500000,2100000,8400000,
159993.6,-3481900,-16620159000,91376985000,234076.6,1863.8,NaN,,0,0,5.25,"2022-12-07T14:45:00.000Z",1670424300000,5.25,4.57,4.57,0,0,100,,,11.4,NaN,,21200,7835800,21200,105996000,,,105996000