"abu","acum_busd","acum_busd_val","acum_val","asd","auk","bs","bu","bu-sd","bu-sd_val","c","date","datetime","h","l","o","pbu","psd","puk","rbu","rsd","ruk","sb","sd","sum_vol","total_vol","uk","val","val_bu","val_sd","val_uk"
2015.9,1200,10824000,2171570000,2422.7,180.7,Infinity,1200,1200,10824000,9.11,"2022-12-07T09:14:00.000Z",1670404440000,9.11,9.02,9.02,19.4,0,80.6,0.6,,27.7,0,,6200,5000,5000,56374000,10824000,,45550000
2015.9,40000,359892000,2182502000,2422.7,180.7,33.3,40000,38800,349068000,9.11,"2022-12-07T09:16:00.000Z",1670404560000,9.11,9,9,97.1,2.9,0,19.8,0.5,,0,1200,41200,6200,,370932000,360000000,10932000,
2015.9,47600,428292000,1097210000,2422.7,180.7,Infinity,7600,7600,68400000,9,"2022-12-07T09:18:00.000Z",1670404680000,9,9,9,100,0,0,3.8,,,0,,7600,14100,,68400000,68400000,,
2015.9,46500,418276000,2192518000,2422.7,180.7,0,,-1100,-10016000,9.1,"2022-12-07T09:22:00.000Z",1670404920000,9.11,9.1,9.11,0,100,0,,0.5,,Infinity,1100,1100,7300,,10016000,,10016000,
2015.9,47300,425516000,1111630000,2422.7,180.7,1.7,2000,800,7240000,9,"2022-12-07T09:24:00.000Z",1670405040000,9.02,9,9.02,62.5,37.5,0,1,0.5,,0.6,1200,3200,15700,,28840000,18040000,10800000,
2015.9,47400,426425000,2193427000,2422.7,180.7,Infinity,100,100,909000,9.09,"2022-12-07T09:26:00.000Z",1670405160000,9.09,9.09,9.09,100,0,0,0,,,0,,100,7400,,909000,909000,,
2015.9,45600,410289000,1119698000,2422.7,180.7,0,,-1800,-16136000,8.96,"2022-12-07T09:28:00.000Z",1670405280000,9,8.96,9,0,100,0,,0.7,,Infinity,1800,1800,16600,,16136000,,16136000,
2015.9,44000,397217000,1205610000,2422.7,180.7,0.8,8800,-1600,-13072000,8.8,"2022-12-07T09:30:00.000Z",1670405400000,9.02,8.8,9.02,45.8,54.2,0,4.4,4.3,,1.2,10400,19200,26200,,171824000,79376000,92448000,
2015.9,43900,396308000,2194336000,2422.7,180.7,0,,-100,-909000,9.09,"2022-12-07T09:36:00.000Z",1670405760000,9.09,9.09,9.09,0,100,0,,0,,Infinity,100,100,7500,,909000,,909000,
2015.9,43400,391763000,2198881000,2422.7,180.7,0,,-500,-4545000,9.09,"2022-12-07T09:38:00.000Z",1670405880000,9.09,9.09,9.09,0,100,0,,0.2,,Infinity,500,500,8000,,4545000,,4545000,
2015.9,43800,395399000,2202517000,2422.7,180.7,Infinity,400,400,3636000,9.09,"2022-12-07T09:40:00.000Z",1670406000000,9.09,9.09,9.09,100,0,0,0.2,,,0,,400,8400,,3636000,3636000,,
2015.9,43300,390859000,2207057000,2422.7,180.7,0,,-500,-4540000,9.08,"2022-12-07T09:42:00.000Z",1670406120000,9.08,9.08,9.08,0,100,0,,0.2,,Infinity,500,500,8900,,4540000,,4540000,
2015.9,50700,458175000,2276141000,2422.7,180.7,38,7600,7400,67316000,9.09,"2022-12-07T09:46:00.000Z",1670406360000,9.09,8.84,8.84,97.4,2.6,0,3.8,0.1,,0,200,7800,16500,,70852000,69084000,1768000,
2015.9,48800,440919000,2320697000,2422.7,180.7,0.4,1500,-1900,-17256000,9.09,"2022-12-07T09:48:00.000Z",1670406480000,9.1,9.09,9.1,30.6,69.4,0,0.7,1.4,,2.3,3400,4900,21400,,44556000,13650000,30906000,
2015.9,50500,456373000,2336151000,2422.7,180.7,Infinity,1700,1700,15454000,9.1,"2022-12-07T09:50:00.000Z",1670406600000,9.1,9.09,9.09,100,0,0,0.8,,,0,,1700,23100,,15454000,15454000,,
2015.9,47300,427785000,2347059000,2422.7,180.7,0,,-3200,-28588000,9.09,"2022-12-07T09:52:00.000Z",1670406720000,9.09,8.84,8.84,0,100,0,,1.3,,Infinity,3200,3200,24300,,28588000,,28588000,
2015.9,46500,420513000,2354331000,2422.7,180.7,0,,-800,-7272000,9.09,"2022-12-07T09:54:00.000Z",1670406840000,9.09,9.09,9.09,0,100,0,,0.3,,Infinity,800,800,25100,,7272000,,7272000,
2015.9,47500,429603000,2363421000,2422.7,180.7,Infinity,1000,1000,9090000,9.09,"2022-12-07T09:56:00.000Z",1670406960000,9.09,9.09,9.09,100,0,0,0.5,,,0,,1000,26100,,9090000,9090000,,
2015.9,48700,440511000,2374329000,2422.7,180.7,Infinity,1200,1200,10908000,9.09,"2022-12-07T10:00:00.000Z",1670407200000,9.09,9.09,9.09,100,0,0,0.6,,,0,,1200,27300,,10908000,10908000,,
2015.9,48600,439603000,2375237000,2422.7,180.7,0,,-100,-908000,9.08,"2022-12-07T10:02:00.000Z",1670407320000,9.08,9.08,9.08,0,100,0,,0,,Infinity,100,100,27400,,908000,,908000,
2015.9,48000,434185000,2380685000,2422.7,180.7,0.3,200,-600,-5418000,9.08,"2022-12-07T10:04:00.000Z",1670407440000,9.08,8.85,8.85,20,80,0,0.1,0.3,,4,800,1000,28000,,9018000,1800000,7218000,
2015.9,52400,474200000,2420700000,2422.7,180.7,Infinity,4400,4400,40015000,9.1,"2022-12-07T10:06:00.000Z",1670407560000,9.1,9.09,9.09,100,0,0,2.2,,,0,,4400,32400,,40015000,40015000,,
2015.9,54700,495134000,2490666000,2422.7,180.7,1.9,5000,2300,20934000,9.09,"2022-12-07T10:08:00.000Z",1670407680000,9.09,9.08,9.08,64.9,35.1,0,2.5,1.1,,0.5,2700,7700,40100,,69966000,45450000,24516000,
2015.9,47900,434692000,2499746000,2422.7,180.7,0.1,600,-6800,-60442000,9.08,"2022-12-07T10:12:00.000Z",1670407920000,9.08,8.85,8.88,7.5,92.5,0,0.3,3.1,,12.3,7400,8000,41100,,71074000,5316000,65758000,
2015.9,43900,399292000,1265816000,2422.7,180.7,0,,-4000,-35400000,8.85,"2022-12-07T10:14:00.000Z",1670408040000,8.85,8.85,8.85,0,100,0,,1.7,,Infinity,4000,4000,33000,,35400000,,35400000,
2015.9,44300,402746000,2508816000,2422.7,180.7,1.4,1300,400,3454000,9.07,"2022-12-07T10:18:00.000Z",1670408280000,9.07,8.84,8.85,59.1,40.9,0,0.6,0.4,,0.7,900,2200,42100,,19688000,11571000,8117000,
2015.9,32500,298878000,1323059000,2422.7,180.7,0,,-11800,-103868000,8.8,"2022-12-07T10:20:00.000Z",1670408400000,8.81,8.8,8.81,0,100,0,,4.9,,Infinity,11800,11800,39500,,103868000,,103868000,
2015.9,31500,289828000,2517866000,2422.7,180.7,0,,-1000,-9050000,9.05,"2022-12-07T10:22:00.000Z",1670408520000,9.05,9.05,9.05,0,100,0,,0.4,,Infinity,1000,1000,43100,,9050000,,9050000,
2015.9,18300,171231000,2618865000,2422.7,180.7,0,200,-13200,-118597000,9.02,"2022-12-07T10:24:00.000Z",1670408640000,9.03,8.8,8.81,1.5,98.5,0,0.1,5.5,,67,13400,13600,54300,,122121000,1762000,120359000,
2015.9,18100,169432000,2631488000,2422.7,180.7,0.8,600,-200,-1799000,9.01,"2022-12-07T10:26:00.000Z",1670408760000,9.02,9.01,9.02,42.9,57.1,0,0.3,0.3,,1.3,800,1400,55700,,12623000,5412000,7211000,
2015.9,16100,151412000,2649508000,2422.7,180.7,0,,-2000,-18020000,9.01,"2022-12-07T10:28:00.000Z",1670408880000,9.01,9.01,9.01,0,100,0,,0.8,,Infinity,2000,2000,57700,,18020000,,18020000,
2015.9,100,8107000,2759327000,2422.7,180.7,0,100,-16000,-143305000,9,"2022-12-07T10:30:00.000Z",1670409000000,9.01,8.81,8.82,0.6,99.4,0,0,6.6,,161,16100,16200,69900,,145105000,900000,144205000,
2015.9,-4900,-36443000,2803877000,2422.7,180.7,0,,-5000,-44550000,8.91,"2022-12-07T10:32:00.000Z",1670409120000,8.91,8.91,8.91,0,100,0,,2.1,,Infinity,5000,5000,74900,,44550000,,44550000,
2015.9,-5300,-40015000,2808342000,2422.7,180.7,0,,-400,-3572000,8.93,"2022-12-07T10:34:00.000Z",1670409240000,8.93,8.93,8.93,0,80,20,,0.2,0.6,Infinity,400,500,75400,100,4465000,,3572000,893000
2015.9,-5400,-40896000,2819937000,2422.7,180.7,0.8,500,-100,-881000,8.93,"2022-12-07T10:38:00.000Z",1670409480000,8.93,8.91,8.92,38.5,46.2,15.4,0.2,0.2,1.1,1.2,600,1300,76700,200,11595000,4465000,5346000,1784000
2015.9,-5900,-45361000,2824402000,2422.7,180.7,0,,-500,-4465000,8.93,"2022-12-07T10:40:00.000Z",1670409600000,8.93,8.93,8.93,0,100,0,,0.2,,Infinity,500,500,77200,,4465000,,4465000,
2015.9,-6700,-52513000,2831554000,2422.7,180.7,0,,-800,-7152000,8.94,"2022-12-07T10:42:00.000Z",1670409720000,8.94,8.94,8.94,0,100,0,,0.3,,Infinity,800,800,78000,,7152000,,7152000,
2015.9,-32500,-279553000,1492094000,2422.7,180.7,0,,-25800,-227040000,8.8,"2022-12-07T10:44:00.000Z",1670409840000,8.81,8.8,8.81,0,80.6,19.4,,10.6,34.3,Infinity,25800,32000,58700,6200,281662000,,227040000,54622000
2015.9,-30700,-263741000,2833342000,2422.7,180.7,10,2000,1800,15812000,8.94,"2022-12-07T10:46:00.000Z",1670409960000,8.94,8.8,8.8,90.9,9.1,0,1,0.1,,0.1,200,2200,78200,,19388000,17600000,1788000,
2015.9,-30400,-261059000,2836024000,2422.7,180.7,Infinity,300,300,2682000,8.94,"2022-12-07T10:48:00.000Z",1670410080000,8.94,8.94,8.94,100,0,0,0.1,,,0,,300,78500,,2682000,2682000,,
2015.9,-29300,-251274000,2840499000,2422.7,180.7,Infinity,1100,1100,9785000,8.95,"2022-12-07T10:50:00.000Z",1670410200000,8.95,8.85,8.85,100,0,0,0.5,,,0,,1100,79000,,9785000,9785000,,
2015.9,-28800,-246774000,2844999000,2422.7,180.7,Infinity,500,500,4500000,9,"2022-12-07T10:52:00.000Z",1670410320000,9,9,9,100,0,0,0.2,,,0,,500,79500,,4500000,4500000,,
2015.9,-30400,-260834000,1514119000,2422.7,180.7,0.2,400,-1600,-14060000,8.85,"2022-12-07T10:54:00.000Z",1670410440000,8.85,8.8,8.8,16.7,83.3,0,0.2,0.8,,5,2000,2400,61200,,21140000,3540000,17600000,
2015.9,-26700,-227970000,2867549000,2422.7,180.7,5.1,4600,3700,32864000,9.02,"2022-12-07T10:56:00.000Z",1670410560000,9.02,8.85,8.85,83.6,16.4,0,2.3,0.4,,0.2,900,5500,82000,,49100000,40982000,8118000,
2015.9,-26000,-221627000,2873892000,2422.7,180.7,Infinity,700,700,6343000,9.07,"2022-12-07T11:00:00.000Z",1670410800000,9.07,9.05,9.05,100,0,0,0.3,,,0,,700,82700,,6343000,6343000,,
2015.9,-7000,-48846000,3046673000,2422.7,180.7,Infinity,19000,19000,172781000,9.11,"2022-12-07T11:02:00.000Z",1670410920000,9.11,9.07,9.07,100,0,0,9.4,,,0,,19000,101700,,172781000,172781000,,
2015.9,-6000,-39621000,3055898000,2422.7,180.7,Infinity,1000,1000,9225000,9.3,"2022-12-07T11:12:00.000Z",1670411520000,9.3,9.19,9.19,100,0,0,0.5,,,0,,1000,102700,,9225000,9225000,,
2015.9,-4700,-27501000,3071678000,2422.7,180.7,7.5,1500,1300,12120000,9.15,"2022-12-07T11:14:00.000Z",1670411640000,9.3,9.15,9.3,88.2,11.8,0,0.7,0.1,,0.1,200,1700,104400,,15780000,13950000,1830000,
2015.9,-3500,-16286000,3082893000,2422.7,180.7,Infinity,1200,1200,11215000,9.35,"2022-12-07T11:16:00.000Z",1670411760000,9.37,9.3,9.3,100,0,0,0.6,,,0,,1200,105600,,11215000,11215000,,
2015.9,-3500,-16271000,3090328000,2422.7,180.7,1,400,0,15000,9.35,"2022-12-07T11:18:00.000Z",1670411880000,9.35,9.2,9.3,50,50,0,0.2,0.2,,1,400,800,106400,,7435000,3725000,3710000,
2015.9,-3400,-15336000,3091263000,2422.7,180.7,Infinity,100,100,935000,9.35,"2022-12-07T11:20:00.000Z",1670412000000,9.35,9.35,9.35,100,0,0,0,,,0,,100,106500,,935000,935000,,
2015.9,-2400,-5986000,3100613000,2422.7,180.7,Infinity,1000,1000,9350000,9.35,"2022-12-07T11:24:00.000Z",1670412240000,9.35,9.35,9.35,100,0,0,0.5,,,0,,1000,107500,,9350000,9350000,,
2015.9,5800,71045000,3215244000,2422.7,180.7,5.1,10200,8200,77031000,9.4,"2022-12-07T11:26:00.000Z",1670412360000,9.4,9.36,9.36,83.6,16.4,0,5.1,0.8,,0.2,2000,12200,119700,,114631000,95831000,18800000,
2015.9,2600,40965000,3245324000,2422.7,180.7,0,,-3200,-30080000,9.4,"2022-12-07T11:28:00.000Z",1670412480000,9.4,9.4,9.4,0,100,0,,1.3,,Infinity,3200,3200,122900,,30080000,,30080000,
2015.9,2300,38155000,3258503000,2422.7,180.7,0.6,400,-300,-2810000,9.4,"2022-12-07T13:00:00.000Z",1670418000000,9.45,9.4,9.4,28.6,50,21.4,0.2,0.3,1.7,1.8,700,1400,124300,300,13179000,3770000,6580000,2829000
2015.9,17300,179075000,3407023000,2422.7,180.7,31,15500,15000,140920000,9.4,"2022-12-07T13:02:00.000Z",1670418120000,9.4,9,9,96.9,3.1,0,7.7,0.2,,0,500,16000,140100,,150320000,145620000,4700000,
2015.9,17400,180017000,3407965000,2422.7,180.7,Infinity,100,100,942000,9.42,"2022-12-07T13:04:00.000Z",1670418240000,9.42,9.42,9.42,100,0,0,0,,,0,,100,140200,,942000,942000,,
2015.9,17300,179077000,3408905000,2422.7,180.7,0,,-100,-940000,9.4,"2022-12-07T13:06:00.000Z",1670418360000,9.4,9.4,9.4,0,100,0,,0,,Infinity,100,100,140300,,940000,,940000,
2015.9,13200,142617000,3409845000,2422.7,180.7,0,,-4100,-36460000,9.4,"2022-12-07T13:08:00.000Z",1670418480000,9.4,8.88,8.88,0,100,0,,1.7,,Infinity,4100,4100,140400,,36460000,,36460000,
2015.9,-3000,-1239000,1617982000,2422.7,180.7,0,,-16200,-143856000,8.88,"2022-12-07T13:10:00.000Z",1670418600000,8.88,8.88,8.88,0,100,0,,6.7,,Infinity,16200,16200,72900,,143856000,,143856000,
2015.9,-3900,-9599000,3420085000,2422.7,180.7,0.1,100,-900,-8360000,9.4,"2022-12-07T13:16:00.000Z",1670418960000,9.4,9.3,9.3,9.1,90.9,0,0,0.4,,10,1000,1100,141500,,10240000,940000,9300000,
2015.9,-4300,-13147000,1619756000,2422.7,180.7,0,,-400,-3547999.9999999995,8.87,"2022-12-07T13:22:00.000Z",1670419320000,8.87,8.87,8.87,0,100,0,,0.2,,Infinity,400,400,73100,,3547999.9999999995,,3547999.9999999995,
2015.9,-7800,-45347000,3452285000,2422.7,180.7,0,,-3500,-32200000,9.2,"2022-12-07T13:24:00.000Z",1670419440000,9.2,9.2,9.2,0,100,0,,1.4,,Infinity,3500,3500,145000,,32200000,,32200000,
2015.9,-8300,-49937000,3456875000,2422.7,180.7,0,,-500,-4590000,9.18,"2022-12-07T13:26:00.000Z",1670419560000,9.18,9.18,9.18,0,100,0,,0.2,,Infinity,500,500,145500,,4590000,,4590000,
2015.9,-6300,-31577000,3475235000,2422.7,180.7,Infinity,2000,2000,18360000,9.18,"2022-12-07T13:28:00.000Z",1670419680000,9.18,9.18,9.18,100,0,0,1,,,0,,2000,147500,,18360000,18360000,,
2015.9,-6300,-31577000,1620643000,2422.7,180.7,NaN,,0,0,8.87,"2022-12-07T13:34:00.000Z",1670420040000,8.87,8.87,8.87,0,0,100,,,1.1,NaN,,200,73200,200,1773999.9999999998,,,1773999.9999999998
2015.9,-1100,15091000,1647533000,2422.7,180.7,14,5600,5200,46668000,8.89,"2022-12-07T13:38:00.000Z",1670420280000,9,8.89,8.89,93.3,6.7,0,2.8,0.2,,0.1,400,6000,76200,,53780000,50224000,3556000,
2015.9,-4700,-16965000,1677785000,2422.7,180.7,0.3,1600,-3600,-32056000,8.9,"2022-12-07T13:40:00.000Z",1670420400000,8.9,8.89,8.89,23.5,76.5,0,0.8,2.1,,3.3,5200,6800,79600,,60504000,14224000,46280000,
2015.9,-7900,-45445000,1692025000,2422.7,180.7,0,,-3200,-28480000,8.9,"2022-12-07T13:42:00.000Z",1670420520000,8.9,8.9,8.9,0,100,0,,1.3,,Infinity,3200,3200,81200,,28480000,,28480000,
2015.9,-7800,-44526000,3476154000,2422.7,180.7,Infinity,100,100,919000,9.19,"2022-12-07T13:44:00.000Z",1670420640000,9.19,9.19,9.19,100,0,0,0,,,0,,100,147600,,919000,919000,,
2015.9,-7400,-40974000,1693801000,2422.7,180.7,Infinity,400,400,3552000.0000000005,8.88,"2022-12-07T13:48:00.000Z",1670420880000,8.88,8.88,8.88,100,0,0,0.2,,,0,,400,81400,,3552000.0000000005,3552000.0000000005,,
2015.9,-7000,-37446000,1711585000,2422.7,180.7,1.2,2200,400,3528000,8.9,"2022-12-07T13:50:00.000Z",1670421000000,8.9,8.88,8.88,55,45,0,1.1,0.7,,0.8,1800,4000,83400,,35568000,19548000,16020000,
2015.9,-7400,-41122000,3479830000,2422.7,180.7,0,,-400,-3676000,9.19,"2022-12-07T13:52:00.000Z",1670421120000,9.19,9.19,9.19,0,100,0,,0.2,,Infinity,400,400,148000,,3676000,,3676000,
2015.9,-8500,-51220000,3489928000,2422.7,180.7,0,,-1100,-10098000,9.18,"2022-12-07T13:54:00.000Z",1670421240000,9.18,9.18,9.18,0,100,0,,0.5,,Infinity,1100,1100,149100,,10098000,,10098000,
2015.9,-9500,-60350000,3499058000,2422.7,180.7,0,,-1000,-9130000,9.1,"2022-12-07T13:56:00.000Z",1670421360000,9.15,9.1,9.15,0,100,0,,0.4,,Infinity,1000,1000,150100,,9130000,,9130000,
2015.9,-11100,-74902000,3513618000,2422.7,180.7,0.1,200,-1600,-14552000,9.1,"2022-12-07T13:58:00.000Z",1670421480000,9.1,8.86,8.86,10,90,0,0.1,0.7,,9,1800,2000,151700,,18112000,1780000,16332000,
2015.9,-4300,-13872000,3517258000,2422.7,180.7,35,7000,6800,61030000,9.1,"2022-12-07T14:02:00.000Z",1670421720000,9.1,8.85,8.9,92.1,2.6,5.3,3.5,0.1,2.2,0,200,7600,152100,400,68210000,62800000,1770000,3640000
2015.9,-3500,-6600000,3524530000,2422.7,180.7,Infinity,800,800,7272000,9.09,"2022-12-07T14:06:00.000Z",1670421960000,9.09,9.09,9.09,100,0,0,0.4,,,0,,800,152900,,7272000,7272000,,
2015.9,-2700,672000,3531802000,2422.7,180.7,Infinity,800,800,7272000,9.09,"2022-12-07T14:08:00.000Z",1670422080000,9.09,9.09,9.09,100,0,0,0.4,,,0,,800,153700,,7272000,7272000,,
2015.9,-4700,-16996000,3533622000,2422.7,180.7,0,,-2000,-17668000,9.1,"2022-12-07T14:10:00.000Z",1670422200000,9.1,8.83,8.85,0,90.9,9.1,,0.8,1.1,Infinity,2000,2200,153900,200,19488000,,17668000,1820000
2015.9,-8300,-48784000,1770374000,2422.7,180.7,0,,-3600,-31788000,8.83,"2022-12-07T14:12:00.000Z",1670422320000,8.83,8.83,8.83,0,100,0,,1.5,,Infinity,3600,3600,90000,,31788000,,31788000,
2015.9,-8600,-51568000,3538172000,2422.7,180.7,0.4,200,-300,-2784000,9.1,"2022-12-07T14:14:00.000Z",1670422440000,9.1,8.83,8.83,28.6,71.4,0,0.1,0.2,,2.5,500,700,154400,,6316000,1766000,4550000,
2015.9,-9400,-58690000,3540002000,2422.7,180.7,0,,-800,-7122000,9.15,"2022-12-07T14:20:00.000Z",1670422800000,9.15,8.82,8.82,0,100,0,,0.3,,Infinity,800,800,154600,,7122000,,7122000,
2015.9,-11400,-76290000,1791473000,2422.7,180.7,0,,-2000,-17600000,8.77,"2022-12-07T14:22:00.000Z",1670422920000,8.8,8.77,8.8,0,50,50,,0.8,11.1,Infinity,2000,4000,92400,2000,35140000,,17600000,17540000
2015.9,-16700,-124940000,3606522000,2422.7,180.7,0.2,1000,-5300,-48650000,9.1,"2022-12-07T14:24:00.000Z",1670423040000,9.15,8.77,8.77,12,75.9,12,0.5,2.6,5.5,6.3,6300,8300,161900,1000,75290000,8770000,57420000,9100000
2015.9,-20700,-159840000,1813308000,2422.7,180.7,0,,-4000,-34900000,8.6,"2022-12-07T14:26:00.000Z",1670423160000,8.76,8.6,8.76,0,100,0,,1.7,,Infinity,4000,4000,94900,,34900000,,34900000,
2015.9,-39600,-322674000,3615554000,2422.7,180.7,0.2,5600,-18900,-162834000,9.02,"2022-12-07T14:28:00.000Z",1670423280000,9.06,8.6,8.6,18.4,80.6,1,2.8,10.1,1.7,4.4,24500,30400,162900,300,261872000,48160000,210994000,2718000
2015.9,-35800,-288442000,3648026000,2422.7,180.7,Infinity,3800,3800,34232000,9.02,"2022-12-07T14:44:00.000Z",1670424240000,9.02,8.8,8.8,100,0,0,1.9,,,0,,3800,166500,,34232000,34232000,,
