"abu","acum_busd","acum_busd_val","acum_val_bu","acum_val_sd","acum_val","avg_val_bu","avg_val_sd","rbusd","asd","auk","bs","bu","bu-sd","bu-sd_val","c","date","datetime","h","l","o","pbu","psd","puk","rbu","rsd","ruk","sb","sd","sum_vol","total_vol","uk","val","val_bu","val_sd","val_uk"
556.5,-1200,-10800,0,10800,118210800,3917815.2,2968384.8,0,923.9,28.3,0,,-1200,-10800,9,"2022-12-07T09:00:00.000Z",1670403600000,9,9,9,0,100,0,,1.3,,Infinity,1200,1200,300,,10800,,10800,
556.5,-1000,1829199.9999999998,1839999.9999999998,10800,120050800,3917815.2,2968384.8,1.9,923.9,28.3,Infinity,200,200,1839999.9999999998,9.2,"2022-12-07T09:32:00.000Z",1670405520000,9.2,9.2,9.2,100,0,0,0.4,,,0,,200,200,,1839999.9999999998,1839999.9999999998,,
556.5,-1100,919199.9999999998,1839999.9999999998,920800,120960800,3917815.2,2968384.8,1,923.9,28.3,0,,-100,-910000,9.1,"2022-12-07T09:36:00.000Z",1670405760000,9.1,9.1,9.1,0,100,0,,0.1,,Infinity,100,100,300,,910000,,910000,
556.5,-1300,-840800.0000000005,1839999.9999999998,2680800,59985400,3917815.2,2968384.8,1.9,923.9,28.3,0,,-200,-1760000.0000000002,8.8,"2022-12-07T09:40:00.000Z",1670406000000,8.8,8.8,8.8,0,100,0,,0.2,,Infinity,200,200,400,,1760000.0000000002,,1760000.0000000002,
556.5,-1500,-2660800.0000000005,1839999.9999999998,4500800,122780800,3917815.2,2968384.8,1.9,923.9,28.3,0,,-200,-1820000,9.1,"2022-12-07T09:56:00.000Z",1670406960000,9.1,9.1,9.1,0,100,0,,0.2,,Infinity,200,200,500,,1820000,,1820000,
556.5,-1800,-5390800,1839999.9999999998,7230800,125510800,3917815.2,2968384.8,2.9,923.9,28.3,0,,-300,-2730000,9.1,"2022-12-07T09:58:00.000Z",1670407080000,9.1,9.1,9.1,0,100,0,,0.3,,Infinity,300,300,800,,2730000,,2730000,
556.5,-3300,-19040800,1839999.9999999998,20880800,139160800,3917815.2,2968384.8,14.4,923.9,28.3,0,,-1500,-13650000,9.1,"2022-12-07T10:00:00.000Z",1670407200000,9.1,9.1,9.1,0,100,0,,1.6,,Infinity,1500,1500,2300,,13650000,,13650000,
556.5,-5000,-34090800,1839999.9999999998,35930800,141890800,3917815.2,2968384.8,15.9,923.9,28.3,0,,-1700,-15050000.000000002,9.1,"2022-12-07T10:04:00.000Z",1670407440000,9.1,8.8,8.8,0,100,0,,1.8,,Infinity,1700,1700,2600,,15050000.000000002,,15050000.000000002,
556.5,-4600,-30530800,5400000,35930800,67925400,3917815.2,2968384.8,3.7,923.9,28.3,Infinity,400,400,3560000,8.9,"2022-12-07T10:06:00.000Z",1670407560000,8.9,8.9,8.9,100,0,0,0.7,,,0,,400,1300,,3560000,3560000,,
556.5,-5400,-37810800,5400000,43210800,149170800,3917815.2,2968384.8,7.7,923.9,28.3,0,,-800,-7280000,9.1,"2022-12-07T10:08:00.000Z",1670407680000,9.1,9.1,9.1,0,100,0,,0.9,,Infinity,800,800,3400,,7280000,,7280000,
556.5,-8600,-66930800,5400000,72330800,178290800,3917815.2,2968384.8,30.7,923.9,28.3,0,,-3200,-29120000,9.1,"2022-12-07T10:20:00.000Z",1670408400000,9.1,9.1,9.1,0,100,0,,3.5,,Infinity,3200,3200,6600,,29120000,,29120000,
556.5,-8400,-65150800,7180000,72330800,68815400,3917815.2,2968384.8,1.9,923.9,28.3,Infinity,200,200,1780000,8.9,"2022-12-07T10:24:00.000Z",1670408640000,8.9,8.9,8.9,100,0,0,0.4,,,0,,200,1400,,1780000,1780000,,
556.5,-7000,-52410800,19920000,72330800,191030800,3917815.2,2968384.8,13.4,923.9,28.3,Infinity,1400,1400,12740000,9.1,"2022-12-07T10:34:00.000Z",1670409240000,9.1,9.1,9.1,100,0,0,2.5,,,0,,1400,8000,,12740000,12740000,,
556.5,-7200,-54190800,19920000,74110800,69705400,3917815.2,2968384.8,1.9,923.9,28.3,0,,-200,-1780000,8.9,"2022-12-07T10:36:00.000Z",1670409360000,8.9,8.9,8.9,0,100,0,,0.2,,Infinity,200,200,1500,,1780000,,1780000,
556.5,-7500,-56880800,19920000,76800800,191940800,3917815.2,2968384.8,2.8,923.9,28.3,0,,-300,-2690000,9.1,"2022-12-07T10:38:00.000Z",1670409480000,9.1,8.9,8.9,0,100,0,,0.3,,Infinity,300,300,8100,,2690000,,2690000,
556.5,-5700,-41040800,35760000,76800800,78515400,3917815.2,2968384.8,16.7,923.9,28.3,Infinity,1800,1800,15840000.000000002,8.8,"2022-12-07T10:46:00.000Z",1670409960000,8.8,8.8,8.8,100,0,0,3.2,,,0,,1800,2500,,15840000.000000002,15840000.000000002,,
556.5,-6100,-44560800,35760000,80320800,80275400,3917815.2,2968384.8,3.7,923.9,28.3,0,,-400,-3520000.0000000005,8.8,"2022-12-07T10:48:00.000Z",1670410080000,8.8,8.8,8.8,0,100,0,,0.4,,Infinity,400,400,2700,,3520000.0000000005,,3520000.0000000005,
556.5,-5400,-38190800,42130000,80320800,198310800,3917815.2,2968384.8,6.7,923.9,28.3,Infinity,700,700,6370000,9.1,"2022-12-07T10:54:00.000Z",1670410440000,9.1,9.1,9.1,100,0,0,1.3,,,0,,700,8800,,6370000,6370000,,
556.5,-3800,-24110800,56210000,80320800,87315400,3917815.2,2968384.8,14.8,923.9,28.3,Infinity,1600,1600,14080000.000000002,8.8,"2022-12-07T11:02:00.000Z",1670410920000,8.8,8.8,8.8,100,0,0,2.9,,,0,,1600,3500,,14080000.000000002,14080000.000000002,,
556.5,-6600,-22377800,57970000,80347800,198337800,3917815.2,2968384.8,1.8,923.9,28.3,0.1,200,-2800,1733000.0000000002,9,"2022-12-07T11:04:00.000Z",1670411040000,9,8.8,8.8,6.3,93.8,0,0.4,3.2,,15,3000,3200,11800,,1787000.0000000002,1760000.0000000002,27000,
556.5,-3100,9472200,89820000,80347800,230187800,3917815.2,2968384.8,33.5,923.9,28.3,Infinity,3500,3500,31850000,9.1,"2022-12-07T11:06:00.000Z",1670411160000,9.1,9.1,9.1,100,0,0,6.3,,,0,,3500,15300,,31850000,31850000,,
556.5,-4500,-3147800,89820000,92967800,239287800,3917815.2,2968384.8,13.3,923.9,28.3,0,,-1400,-12620000,9.1,"2022-12-07T13:14:00.000Z",1670418840000,9.1,8.8,8.8,0,100,0,,1.5,,Infinity,1400,1400,16300,,12620000,,12620000,
556.5,-7300,-3173000,89820000,92993000,239313000,3917815.2,2968384.8,0,923.9,28.3,0,,-2800,-25200,9,"2022-12-07T13:26:00.000Z",1670419560000,9,9,9,0,100,0,,3,,Infinity,2800,2800,19100,,25200,,25200,
556.5,-7500,-3174800,89820000,92994800,239314800,3917815.2,2968384.8,0,923.9,28.3,0,,-200,-1800,9,"2022-12-07T13:34:00.000Z",1670420040000,9,9,9,0,100,0,,0.2,,Infinity,200,200,19300,,1800,,1800,
556.5,-6400,6635200,99630000,92994800,240224800,3917815.2,2968384.8,10.3,923.9,28.3,Infinity,1100,1100,9810000,9.1,"2022-12-07T13:46:00.000Z",1670420760000,9.1,8.9,8.9,100,0,0,2,,,0,,1100,19400,,9810000,9810000,,
556.5,-6200,8455200,101450000,92994800,242044800,3917815.2,2968384.8,1.9,923.9,28.3,Infinity,200,200,1820000,9.1,"2022-12-07T13:48:00.000Z",1670420880000,9.1,9.1,9.1,100,0,0,0.4,,,0,,200,19600,,1820000,1820000,,
556.5,-7000,1175200,101450000,100274800,249324800,3917815.2,2968384.8,7.7,923.9,28.3,0,,-800,-7280000,9.1,"2022-12-07T13:56:00.000Z",1670421360000,9.1,9.1,9.1,0,100,0,,0.9,,Infinity,800,800,20400,,7280000,,7280000,
556.5,-17000,1085200,101450000,100364800,249414800,3917815.2,2968384.8,0.1,923.9,28.3,0,,-10000,-90000,9,"2022-12-07T14:00:00.000Z",1670421600000,9,9,9,0,100,0,,10.8,,Infinity,10000,10000,30400,,90000,,90000,
556.5,-22100,1039300,101454500,100415200,249469700,3917815.2,2968384.8,0,923.9,28.3,0.1,500,-5100,-45900,9,"2022-12-07T14:02:00.000Z",1670421720000,9,9,9,8.2,91.8,0,0.9,6.1,,11.2,5600,6100,36500,,54900,4500,50400,
556.5,-22000,1040200,101455400,100415200,249470600,3917815.2,2968384.8,0,923.9,28.3,Infinity,100,100,900,9,"2022-12-07T14:04:00.000Z",1670421840000,9,9,9,100,0,0,0.2,,,0,,100,36600,,900,900,,
556.5,-24000,-16559800,101455400,118015200,103205400,3917815.2,2968384.8,18.5,923.9,28.3,0,,-2000,-17600000,8.8,"2022-12-07T14:08:00.000Z",1670422080000,8.8,8.8,8.8,0,100,0,,2.2,,Infinity,2000,2000,5300,,17600000,,17600000,
556.5,-19200,-16516600,101498600,118015200,249513800,3917815.2,2968384.8,0,923.9,28.3,Infinity,4800,4800,43200,9,"2022-12-07T14:10:00.000Z",1670422200000,9,9,9,100,0,0,8.6,,,0,,4800,41400,,43200,43200,,
556.5,-17200,1683400,119698600,118015200,267713800,3917815.2,2968384.8,19.2,923.9,28.3,Infinity,2000,2000,18200000,9.1,"2022-12-07T14:16:00.000Z",1670422560000,9.1,9.1,9.1,100,0,0,3.6,,,0,,2000,43400,,18200000,18200000,,
556.5,-21700,1642900,119698600,118055700,267754300,3917815.2,2968384.8,0,923.9,28.3,0,,-4500,-40500,9,"2022-12-07T14:18:00.000Z",1670422680000,9,9,9,0,100,0,,4.9,,Infinity,4500,4500,47900,,40500,,40500,
556.5,-21300,5202900,123258600,118055700,104985400,3917815.2,2968384.8,3.7,923.9,28.3,Infinity,400,400,3560000,8.9,"2022-12-07T14:20:00.000Z",1670422800000,8.9,8.9,8.9,100,0,0,0.7,,,0,,400,5500,,3560000,3560000,,
556.5,-21300,5202900,123258600,118055700,267760600,3917815.2,2968384.8,0,923.9,28.3,NaN,,0,0,9,"2022-12-07T14:22:00.000Z",1670422920000,9,9,9,0,0,100,,,24.7,NaN,,700,48600,700,6300,,,6300
556.5,-21000,7872900,126818600,118945700,268650600,3917815.2,2968384.8,2.8,923.9,28.3,4,400,300,2670000,8.9,"2022-12-07T14:24:00.000Z",1670423040000,8.9,8.9,8.9,80,20,0,0.7,0.1,,0.3,100,500,48700,,4450000,3560000,890000,
556.5,-18100,33682900,152628600,118945700,294460600,3917815.2,2968384.8,27.2,923.9,28.3,Infinity,2900,2900,25810000,8.9,"2022-12-07T14:26:00.000Z",1670423160000,8.9,8.9,8.9,100,0,0,5.2,,,0,,2900,51600,,25810000,25810000,,
556.5,-20100,16082900,152628600,136545700,115565400,3917815.2,2968384.8,18.5,923.9,28.3,0,,-2000,-17600000,8.8,"2022-12-07T14:34:00.000Z",1670423640000,8.8,8.8,8.8,0,100,0,,2.2,,Infinity,2000,2000,6700,,17600000,,17600000,
556.5,-20000,16972900,153518600,136545700,295350600,3917815.2,2968384.8,0.9,923.9,28.3,Infinity,100,100,890000,8.9,"2022-12-07T14:42:00.000Z",1670424120000,8.9,8.9,8.9,100,0,0,0.2,,,0,,100,51700,,890000,890000,,
556.5,-19900,16973800,153519500,136545700,295351500,3917815.2,2968384.8,0,923.9,28.3,Infinity,100,100,900,9,"2022-12-07T14:44:00.000Z",1670424240000,9,9,9,100,0,0,0.2,,,0,,100,51800,,900,900,,
556.5,-19900,16973800,153519500,136545700,118205400,3917815.2,2968384.8,0,923.9,28.3,NaN,,0,0,8.8,"2022-12-07T14:46:00.000Z",1670424360000,8.8,8.8,8.8,0,0,100,,,21.2,NaN,,600,7000,600,5280000,,,5280000
556.5,-19500,20533800,157079500,136545700,298911500,3917815.2,2968384.8,3.7,923.9,28.3,Infinity,400,400,3560000,8.9,"2022-12-07T14:52:00.000Z",1670424720000,8.9,8.9,8.9,100,0,0,0.7,,,0,,400,52200,,3560000,3560000,,
556.5,-18500,29433800,165979500,136545700,307811500,3917815.2,2968384.8,9.4,923.9,28.3,Infinity,1000,1000,8900000,8.9,"2022-12-07T14:54:00.000Z",1670424840000,8.9,8.9,8.9,100,0,0,1.8,,,0,,1000,53200,,8900000,8900000,,
556.5,-18100,32993800,169539500,136545700,311371500,3917815.2,2968384.8,3.7,923.9,28.3,Infinity,400,400,3560000,8.9,"2022-12-07T14:56:00.000Z",1670424960000,8.9,8.9,8.9,100,0,0,0.7,,,0,,400,53600,,3560000,3560000,,
556.5,-16900,43673800,180219500,136545700,322051500,3917815.2,2968384.8,11.2,923.9,28.3,Infinity,1200,1200,10680000,8.9,"2022-12-07T14:58:00.000Z",1670425080000,8.9,8.9,8.9,100,0,0,2.2,,,0,,1200,54800,,10680000,10680000,,
