"abu","acum_busd","acum_busd_val","acum_val_bu","acum_val_sd","acum_val","avg_val_bu","avg_val_sd","rbusd","asd","auk","bs","bu","bu-sd","bu-sd_val","c","date","datetime","h","l","o","pbu","psd","puk","rbu","rsd","ruk","sb","sd","sum_vol","total_vol","uk","val","val_bu","val_sd","val_uk"
1169,-100,-60000,80000,140000,220000,935238.1,4976666.7,0,7109.5,0,0.5,100,-100,-60000,0.8,"2023-02-10T09:00:00.000Z",1676019600000,0.8,0.7,0.7,33.3,66.7,0,0.1,0,,2,200,300,300,,220000,80000,140000,
1169,13900,11140000,11280000,140000,11420000,935238.1,4976666.7,-2.8,7109.5,0,Infinity,14000,14000,11200000,0.8,"2023-02-10T09:10:00.000Z",1676020200000,0.8,0.8,0.8,100,0,0,12,,,0,,14000,14300,,11200000,11200000,,
1169,15200,12180000,12320000,140000,12460000,935238.1,4976666.7,-0.3,7109.5,0,Infinity,1300,1300,1040000,0.8,"2023-02-10T09:15:00.000Z",1676020500000,0.8,0.8,0.8,100,0,0,1.1,,,0,,1300,15600,,1040000,1040000,,
1169,15100,12110000,12320000,210000,12530000,935238.1,4976666.7,0,7109.5,0,0,,-100,-70000,0.7,"2023-02-10T09:20:00.000Z",1676020800000,0.7,0.7,0.7,0,100,0,,0,,Infinity,100,100,15700,,70000,,70000,
1169,4900,4970000,12320000,7350000,19670000,935238.1,4976666.7,1.8,7109.5,0,0,,-10200,-7140000,0.7,"2023-02-10T09:25:00.000Z",1676021100000,0.7,0.7,0.7,0,100,0,,1.4,,Infinity,10200,10200,25900,,7140000,,7140000,
1169,5000,5250000,14000000,8750000,22750000,935238.1,4976666.7,-0.1,7109.5,0,1.1,2100,100,280000,0.8,"2023-02-10T09:30:00.000Z",1676021400000,0.8,0.7,0.7,51.2,48.8,0,1.8,0.3,,1,2000,4100,30000,,3080000,1680000,1400000,
1169,5100,5330000,14080000,8750000,22830000,935238.1,4976666.7,0,7109.5,0,Infinity,100,100,80000,0.8,"2023-02-10T09:35:00.000Z",1676021700000,0.8,0.8,0.8,100,0,0,0.1,,,0,,100,30100,,80000,80000,,
1169,2000,3160000,14080000,10920000,25000000,935238.1,4976666.7,0.5,7109.5,0,0,,-3100,-2170000,0.7,"2023-02-10T09:40:00.000Z",1676022000000,0.7,0.7,0.7,0,100,0,,0.4,,Infinity,3100,3100,33200,,2170000,,2170000,
1169,1900,3090000,14080000,10990000,25070000,935238.1,4976666.7,0,7109.5,0,0,,-100,-70000,0.7,"2023-02-10T09:45:00.000Z",1676022300000,0.7,0.7,0.7,0,100,0,,0,,Infinity,100,100,33300,,70000,,70000,
1169,-34600,-22430000,14320000,36750000,51070000,935238.1,4976666.7,6.3,7109.5,0,0,300,-36500,-25520000,0.7,"2023-02-10T09:50:00.000Z",1676022600000,0.8,0.7,0.7,0.8,99.2,0,0.3,5.2,,122.7,36800,37100,70400,,26000000,240000,25760000,
1169,-34500,-22350000,14400000,36750000,51150000,935238.1,4976666.7,0,7109.5,0,Infinity,100,100,80000,0.8,"2023-02-10T09:55:00.000Z",1676022900000,0.8,0.8,0.8,100,0,0,0.1,,,0,,100,70500,,80000,80000,,
1169,-29400,-18270000,18480000,36750000,55230000,935238.1,4976666.7,-1,7109.5,0,Infinity,5100,5100,4080000,0.8,"2023-02-10T10:00:00.000Z",1676023200000,0.8,0.8,0.8,100,0,0,4.4,,,0,,5100,75600,,4080000,4080000,,
1169,-29300,-18190000,18560000,36750000,55310000,935238.1,4976666.7,0,7109.5,0,Infinity,100,100,80000,0.8,"2023-02-10T10:10:00.000Z",1676023800000,0.8,0.8,0.8,100,0,0,0.1,,,0,,100,75700,,80000,80000,,
1169,-28800,-17780000,19040000,36820000,55860000,935238.1,4976666.7,-0.1,7109.5,0,6,600,500,410000,0.8,"2023-02-10T10:15:00.000Z",1676024100000,0.8,0.7,0.7,85.7,14.3,0,0.5,0,,0.2,100,700,76400,,550000,480000,70000,
1169,-29200,-18060000,19040000,37100000,56140000,935238.1,4976666.7,0.1,7109.5,0,0,,-400,-280000,0.7,"2023-02-10T10:20:00.000Z",1676024400000,0.7,0.7,0.7,0,100,0,,0.1,,Infinity,400,400,76800,,280000,,280000,
1169,-29600,-18340000,19040000,37380000,56420000,935238.1,4976666.7,0.1,7109.5,0,0,,-400,-280000,0.7,"2023-02-10T10:25:00.000Z",1676024700000,0.7,0.7,0.7,0,100,0,,0.1,,Infinity,400,400,77200,,280000,,280000,
1169,-59200,-39060000,19040000,58100000,77140000,935238.1,4976666.7,5.1,7109.5,0,0,,-29600,-20720000,0.7,"2023-02-10T10:35:00.000Z",1676025300000,0.7,0.7,0.7,0,100,0,,4.2,,Infinity,29600,29600,106800,,20720000,,20720000,
1169,-59800,-39480000,19040000,58520000,77560000,935238.1,4976666.7,0.1,7109.5,0,0,,-600,-420000,0.7,"2023-02-10T10:55:00.000Z",1676026500000,0.7,0.7,0.7,0,100,0,,0.1,,Infinity,600,600,107400,,420000,,420000,
1169,-59900,-39550000,19040000,58590000,77630000,935238.1,4976666.7,0,7109.5,0,0,,-100,-70000,0.7,"2023-02-10T11:00:00.000Z",1676026800000,0.7,0.7,0.7,0,100,0,,0,,Infinity,100,100,107500,,70000,,70000,
1169,-69900,-46550000,19040000,65590000,84630000,935238.1,4976666.7,1.7,7109.5,0,0,,-10000,-7000000,0.7,"2023-02-10T11:10:00.000Z",1676027400000,0.7,0.7,0.7,0,100,0,,1.4,,Infinity,10000,10000,117500,,7000000,,7000000,
1169,-68400,-45350000,20240000,65590000,85830000,935238.1,4976666.7,-0.3,7109.5,0,Infinity,1500,1500,1200000,0.8,"2023-02-10T11:15:00.000Z",1676027700000,0.8,0.8,0.8,100,0,0,1.3,,,0,,1500,119000,,1200000,1200000,,
1169,-70400,-46750000,20240000,66990000,87230000,935238.1,4976666.7,0.3,7109.5,0,0,,-2000,-1400000,0.7,"2023-02-10T11:20:00.000Z",1676028000000,0.7,0.7,0.7,0,100,0,,0.3,,Infinity,2000,2000,121000,,1400000,,1400000,
1169,-82400,-54830000,22800000,77630000,100430000,935238.1,4976666.7,2,7109.5,0,0.2,3200,-12000,-8080000,0.8,"2023-02-10T13:00:00.000Z",1676034000000,0.8,0.7,0.8,17.4,82.6,0,2.7,2.1,,4.8,15200,18400,139400,,13200000,2560000,10640000,
1169,-82100,-54590000,23040000,77630000,100670000,935238.1,4976666.7,-0.1,7109.5,0,Infinity,300,300,240000,0.8,"2023-02-10T13:05:00.000Z",1676034300000,0.8,0.8,0.8,100,0,0,0.3,,,0,,300,139700,,240000,240000,,
1169,-81400,-53830000,25200000,79030000,104230000,935238.1,4976666.7,-0.2,7109.5,0,1.4,2700,700,760000,0.8,"2023-02-10T13:10:00.000Z",1676034600000,0.8,0.7,0.7,57.4,42.6,0,2.3,0.3,,0.7,2000,4700,144400,,3560000,2160000,1400000,
1169,-172300,-117460000,25200000,142660000,167860000,935238.1,4976666.7,15.7,7109.5,0,0,,-90900,-63629999.99999999,0.7,"2023-02-10T13:15:00.000Z",1676034900000,0.7,0.7,0.7,0,100,0,,12.8,,Infinity,90900,90900,235300,,63629999.99999999,,63629999.99999999,
1169,-173200,-118090000,25200000,143290000,168490000,935238.1,4976666.7,0.2,7109.5,0,0,,-900,-630000,0.7,"2023-02-10T13:20:00.000Z",1676035200000,0.7,0.7,0.7,0,100,0,,0.1,,Infinity,900,900,236200,,630000,,630000,
1169,-175300,-119560000,25200000,144760000,169960000,935238.1,4976666.7,0.4,7109.5,0,0,,-2100,-1470000,0.7,"2023-02-10T13:30:00.000Z",1676035800000,0.7,0.7,0.7,0,100,0,,0.3,,Infinity,2100,2100,238300,,1470000,,1470000,
1169,-175200,-119480000,25280000,144760000,170040000,935238.1,4976666.7,0,7109.5,0,Infinity,100,100,80000,0.8,"2023-02-10T13:35:00.000Z",1676036100000,0.8,0.8,0.8,100,0,0,0.1,,,0,,100,238400,,80000,80000,,
1169,-181200,-123680000,25280000,148960000,174240000,935238.1,4976666.7,1,7109.5,0,0,,-6000,-4200000,0.7,"2023-02-10T13:40:00.000Z",1676036400000,0.7,0.7,0.7,0,100,0,,0.8,,Infinity,6000,6000,244400,,4200000,,4200000,
1169,-182200,-124380000,25280000,149660000,174940000,935238.1,4976666.7,0.2,7109.5,0,0,,-1000,-700000,0.7,"2023-02-10T13:45:00.000Z",1676036700000,0.7,0.7,0.7,0,100,0,,0.1,,Infinity,1000,1000,245400,,700000,,700000,
1169,-185700,-126830000,25280000,152110000,177390000,935238.1,4976666.7,0.6,7109.5,0,0,,-3500,-2450000,0.7,"2023-02-10T13:55:00.000Z",1676037300000,0.7,0.7,0.7,0,100,0,,0.5,,Infinity,3500,3500,248900,,2450000,,2450000,
1169,-184300,-125710000,26400000,152110000,178510000,935238.1,4976666.7,-0.3,7109.5,0,Infinity,1400,1400,1120000,0.8,"2023-02-10T14:00:00.000Z",1676037600000,0.8,0.8,0.8,100,0,0,1.2,,,0,,1400,250300,,1120000,1120000,,
1169,-184600,-125920000,26400000,152320000,178720000,935238.1,4976666.7,0.1,7109.5,0,0,,-300,-210000,0.7,"2023-02-10T14:10:00.000Z",1676038200000,0.7,0.7,0.7,0,100,0,,0,,Infinity,300,300,250600,,210000,,210000,
1169,-187900,-128230000,26400000,154630000,181030000,935238.1,4976666.7,0.6,7109.5,0,0,,-3300,-2310000,0.7,"2023-02-10T14:15:00.000Z",1676038500000,0.7,0.7,0.7,0,100,0,,0.5,,Infinity,3300,3300,253900,,2310000,,2310000,
1169,-185800,-126550000,28080000,154630000,182710000,935238.1,4976666.7,-0.4,7109.5,0,Infinity,2100,2100,1680000,0.8,"2023-02-10T14:20:00.000Z",1676038800000,0.8,0.8,0.8,100,0,0,1.8,,,0,,2100,256000,,1680000,1680000,,
1169,-231200,-157470000,34960000,192430000,227390000,935238.1,4976666.7,7.7,7109.5,0,0.2,8600,-45400,-30920000,0.7,"2023-02-10T14:25:00.000Z",1676039100000,0.8,0.7,0.8,13.7,86.3,0,7.4,7.6,,6.3,54000,62600,318600,,44680000,6880000,37800000,
1169,-229200,-155870000,36560000,192430000,228990000,935238.1,4976666.7,-0.4,7109.5,0,Infinity,2000,2000,1600000,0.8,"2023-02-10T14:30:00.000Z",1676039400000,0.8,0.8,0.8,100,0,0,1.7,,,0,,2000,320600,,1600000,1600000,,
1169,-239100,-162790000,36640000,199430000,236070000,935238.1,4976666.7,1.7,7109.5,0,0,100,-9900,-6920000,0.8,"2023-02-10T14:40:00.000Z",1676040000000,0.8,0.7,0.7,1,99,0,0.1,1.4,,100,10000,10100,330700,,7080000,80000,7000000,
1169,-237200,-161250000,38320000,199570000,237890000,935238.1,4976666.7,-0.4,7109.5,0,10.5,2100,1900,1540000,0.8,"2023-02-10T14:45:00.000Z",1676040300000,0.8,0.7,0.7,91.3,8.7,0,1.8,0,,0.1,200,2300,333000,,1820000,1680000,140000,
1169,-245500,-166940000,39280000,206220000,245500000,935238.1,4976666.7,1.4,7109.5,0,0.1,1200,-8300,-5690000,0.7,"2023-02-10T14:50:00.000Z",1676040600000,0.8,0.7,0.7,11.2,88.8,0,1,1.3,,7.9,9500,10700,343700,,7610000,960000,6650000,
1169,-249500,-169740000,39280000,209020000,248300000,935238.1,4976666.7,0.7,7109.5,0,0,,-4000,-2800000,0.7,"2023-02-10T14:55:00.000Z",1676040900000,0.7,0.7,0.7,0,100,0,,0.6,,Infinity,4000,4000,347700,,2800000,,2800000,
