"abu","acum_busd","acum_busd_val","acum_val","asd","auk","bs","bu","bu-sd","bu-sd_val","c","date","datetime","h","l","o","pbu","psd","puk","rbu","rsd","ruk","sb","sd","sum_vol","total_vol","uk","val","val_bu","val_sd","val_uk"
717.6,900,7200000,7200000,2178.8,44.7,Infinity,900,900,7200000,8,"2023-02-10T09:14:00.000Z",1676020440000,8,8,8,100,0,0,1.3,,,0,,900,900,,7200000,7200000,,
717.6,1000,7999000,7999000,2178.8,44.7,Infinity,100,100,799000,7.99,"2023-02-10T09:18:00.000Z",1676020680000,7.99,7.99,7.99,100,0,0,0.1,,,0,,100,1000,,799000,799000,,
717.6,0,98000,15900000,2178.8,44.7,0,,-1000,-7901000,7.9,"2023-02-10T09:20:00.000Z",1676020800000,7.91,7.9,7.91,0,100,0,,0.5,,Infinity,1000,1000,2000,,7901000,,7901000,
717.6,-100,-697000,23085000,2178.8,44.7,0.8,400,-100,-795000,7.99,"2023-02-10T09:22:00.000Z",1676020920000,7.99,7.98,7.99,44.4,55.6,0,0.6,0.2,,1.3,500,900,2900,,7185000,3195000,3990000,
717.6,1000,8094000,33470000,2178.8,44.7,12,1200,1100,8791000,7.97,"2023-02-10T09:24:00.000Z",1676021040000,7.99,7.97,7.99,92.3,7.7,0,1.7,0,,0.1,100,1300,4200,,10385000,9588000,797000,
717.6,400,3323000,39839000,2178.8,44.7,0.1,100,-600,-4771000,7.95,"2023-02-10T09:26:00.000Z",1676021160000,7.99,7.95,7.99,12.5,87.5,0,0.1,0.3,,7,700,800,5000,,6369000,799000,5570000,
717.6,1400,11313000,47829000,2178.8,44.7,Infinity,1000,1000,7990000,7.99,"2023-02-10T09:28:00.000Z",1676021280000,7.99,7.99,7.99,100,0,0,1.4,,,0,,1000,6000,,7990000,7990000,,
717.6,2600,20901000,57417000,2178.8,44.7,Infinity,1200,1200,9588000,7.99,"2023-02-10T09:30:00.000Z",1676021400000,7.99,7.99,7.99,100,0,0,1.7,,,0,,1200,7200,,9588000,9588000,,
717.6,2400,19311000,59007000,2178.8,44.7,0,,-200,-1590000,7.95,"2023-02-10T09:32:00.000Z",1676021520000,7.95,7.95,7.95,0,100,0,,0.1,,Infinity,200,200,7400,,1590000,,1590000,
717.6,3100,24870000,70918000,2178.8,44.7,2.8,1100,700,5559000,7.94,"2023-02-10T09:34:00.000Z",1676021640000,7.95,7.94,7.95,73.3,26.7,0,1.5,0.2,,0.4,400,1500,8900,,11911000,8735000,3176000,
717.6,3300,26458000,72506000,2178.8,44.7,Infinity,200,200,1588000,7.94,"2023-02-10T09:36:00.000Z",1676021760000,7.94,7.94,7.94,100,0,0,0.3,,,0,,200,9100,,1588000,1588000,,
717.6,3600,28840000,74888000,2178.8,44.7,Infinity,300,300,2382000,7.94,"2023-02-10T09:38:00.000Z",1676021880000,7.94,7.94,7.94,100,0,0,0.4,,,0,,300,9400,,2382000,2382000,,
717.6,4600,36780000,82828000,2178.8,44.7,Infinity,1000,1000,7940000,7.94,"2023-02-10T09:42:00.000Z",1676022120000,7.94,7.94,7.94,100,0,0,1.4,,,0,,1000,10400,,7940000,7940000,,
717.6,4700,37574000,83622000,2178.8,44.7,Infinity,100,100,794000,7.94,"2023-02-10T09:44:00.000Z",1676022240000,7.94,7.94,7.94,100,0,0,0.1,,,0,,100,10500,,794000,794000,,
717.6,5900,47102000,93150000,2178.8,44.7,Infinity,1200,1200,9528000,7.94,"2023-02-10T09:46:00.000Z",1676022360000,7.94,7.94,7.94,100,0,0,1.7,,,0,,1200,11700,,9528000,9528000,,
717.6,5500,43936000,97914000,2178.8,44.7,0.2,100,-400,-3166000,7.99,"2023-02-10T09:48:00.000Z",1676022480000,7.99,7.93,7.93,16.7,83.3,0,0.1,0.2,,5,500,600,12300,,4764000,799000,3965000,
717.6,5800,46330000,100308000,2178.8,44.7,Infinity,300,300,2394000,7.98,"2023-02-10T09:54:00.000Z",1676022840000,7.98,7.98,7.98,100,0,0,0.4,,,0,,300,12600,,2394000,2394000,,
717.6,5800,46338000,103492000,2178.8,44.7,1,200,0,8000,7.98,"2023-02-10T09:56:00.000Z",1676022960000,7.98,7.94,7.94,50,50,0,0.3,0.1,,1,200,400,13000,,3184000,1596000,1588000,
717.6,6500,51924000,109078000,2178.8,44.7,Infinity,700,700,5586000,7.98,"2023-02-10T09:58:00.000Z",1676023080000,7.98,7.98,7.98,100,0,0,1,,,0,,700,13700,,5586000,5586000,,
717.6,6600,52720000,109874000,2178.8,44.7,Infinity,100,100,796000,7.96,"2023-02-10T10:04:00.000Z",1676023440000,7.96,7.96,7.96,100,0,0,0.1,,,0,,100,13800,,796000,796000,,
717.6,6700,53527000,129761000,2178.8,44.7,1.1,1300,100,807000,7.95,"2023-02-10T10:06:00.000Z",1676023560000,7.96,7.95,7.96,52,48,0,1.8,0.6,,0.9,1200,2500,16300,,19887000,10347000,9540000,
717.6,6800,54322000,130556000,2178.8,44.7,Infinity,100,100,795000,7.95,"2023-02-10T10:08:00.000Z",1676023680000,7.95,7.95,7.95,100,0,0,0.1,,,0,,100,16400,,795000,795000,,
717.6,7200,57504000,133738000,2178.8,44.7,Infinity,400,400,3182000,7.96,"2023-02-10T10:10:00.000Z",1676023800000,7.96,7.95,7.95,100,0,0,0.6,,,0,,400,16800,,3182000,3182000,,
717.6,13300,106060000,182294000,2178.8,44.7,Infinity,6100,6100,48556000,7.96,"2023-02-10T10:12:00.000Z",1676023920000,7.96,7.96,7.96,100,0,0,8.5,,,0,,6100,22900,,48556000,48556000,,
717.6,18300,145993000,222227000,2178.8,44.7,Infinity,5000,5000,39933000,7.99,"2023-02-10T10:14:00.000Z",1676024040000,7.99,7.98,7.98,100,0,0,7,,,0,,5000,27900,,39933000,39933000,,
717.6,18500,147591000,223825000,2178.8,44.7,Infinity,200,200,1598000,7.99,"2023-02-10T10:18:00.000Z",1676024280000,7.99,7.99,7.99,100,0,0,0.3,,,0,,200,28100,,1598000,1598000,,
717.6,15100,120491000,250925000,2178.8,44.7,0,,-3400,-27100000,7.97,"2023-02-10T10:20:00.000Z",1676024400000,7.98,7.97,7.98,0,100,0,,1.6,,Infinity,3400,3400,31500,,27100000,,27100000,
717.6,14400,114928000,264468000,2178.8,44.7,0.4,500,-700,-5563000,7.97,"2023-02-10T10:22:00.000Z",1676024520000,7.98,7.96,7.96,29.4,70.6,0,0.7,0.6,,2.4,1200,1700,33200,,13543000,3990000,9553000,
717.6,14000,111740000,267656000,2178.8,44.7,0,,-400,-3188000,7.97,"2023-02-10T10:26:00.000Z",1676024760000,7.97,7.97,7.97,0,100,0,,0.2,,Infinity,400,400,33600,,3188000,,3188000,
717.6,14200,113336000,269252000,2178.8,44.7,Infinity,200,200,1596000,7.99,"2023-02-10T10:28:00.000Z",1676024880000,7.99,7.97,7.97,100,0,0,0.3,,,0,,200,33800,,1596000,1596000,,
717.6,14700,117331000,273247000,2178.8,44.7,Infinity,500,500,3995000,7.99,"2023-02-10T10:32:00.000Z",1676025120000,7.99,7.99,7.99,100,0,0,0.7,,,0,,500,34300,,3995000,3995000,,
717.6,14500,115735000,274843000,2178.8,44.7,0,,-200,-1596000,7.98,"2023-02-10T10:34:00.000Z",1676025240000,7.98,7.98,7.98,0,100,0,,0.1,,Infinity,200,200,34500,,1596000,,1596000,
717.6,14100,112543000,278035000,2178.8,44.7,0,,-400,-3192000,7.98,"2023-02-10T10:38:00.000Z",1676025480000,7.98,7.98,7.98,0,100,0,,0.2,,Infinity,400,400,34900,,3192000,,3192000,
717.6,7400,59094000,331484000,2178.8,44.7,0,,-6700,-53449000,7.97,"2023-02-10T10:46:00.000Z",1676025960000,7.98,7.97,7.98,0,100,0,,3.1,,Infinity,6700,6700,41600,,53449000,,53449000,
717.6,-2600,-20506000,411084000,2178.8,44.7,0,,-10000,-79600000,7.96,"2023-02-10T10:50:00.000Z",1676026200000,7.96,7.96,7.96,0,100,0,,4.6,,Infinity,10000,10000,51600,,79600000,,79600000,
717.6,-5800,-45946000,438114000,2178.8,44.7,0,100,-3200,-25440000,7.95,"2023-02-10T10:58:00.000Z",1676026680000,7.95,7.95,7.95,2.9,97.1,0,0.1,1.5,,33,3300,3400,55000,,27030000,795000,26235000,
717.6,-5900,-46740000,438908000,2178.8,44.7,0,,-100,-794000,7.94,"2023-02-10T11:00:00.000Z",1676026800000,7.94,7.94,7.94,0,100,0,,0,,Infinity,100,100,55100,,794000,,794000,
717.6,-5800,-45945000,439703000,2178.8,44.7,Infinity,100,100,795000,7.95,"2023-02-10T11:02:00.000Z",1676026920000,7.95,7.95,7.95,100,0,0,0.1,,,0,,100,55200,,795000,795000,,
717.6,-5500,-43560000,442088000,2178.8,44.7,Infinity,300,300,2385000,7.95,"2023-02-10T11:04:00.000Z",1676027040000,7.95,7.95,7.95,100,0,0,0.4,,,0,,300,55500,,2385000,2385000,,
717.6,-5400,-42765000,442883000,2178.8,44.7,Infinity,100,100,795000,7.95,"2023-02-10T11:06:00.000Z",1676027160000,7.95,7.95,7.95,100,0,0,0.1,,,0,,100,55600,,795000,795000,,
717.6,-10400,-82444000,482562000,2178.8,44.7,0,,-5000,-39679000,7.93,"2023-02-10T11:10:00.000Z",1676027400000,7.94,7.93,7.93,0,100,0,,2.3,,Infinity,5000,5000,60600,,39679000,,39679000,
717.6,-11300,-89581000,489699000,2178.8,44.7,0,,-900,-7137000,7.93,"2023-02-10T11:12:00.000Z",1676027520000,7.93,7.93,7.93,0,100,0,,0.4,,Infinity,900,900,61500,,7137000,,7137000,
717.6,-12300,-97511000,497629000,2178.8,44.7,0,,-1000,-7930000,7.93,"2023-02-10T11:14:00.000Z",1676027640000,7.93,7.93,7.93,0,100,0,,0.5,,Infinity,1000,1000,62500,,7930000,,7930000,
717.6,-12100,-95921000,505579000,2178.8,44.7,1.5,600,200,1590000,7.95,"2023-02-10T11:16:00.000Z",1676027760000,7.95,7.95,7.95,60,40,0,0.8,0.2,,0.7,400,1000,63500,,7950000,4770000,3180000,
717.6,-12200,-96715000,506373000,2178.8,44.7,0,,-100,-794000,7.94,"2023-02-10T11:18:00.000Z",1676027880000,7.94,7.94,7.94,0,100,0,,0,,Infinity,100,100,63600,,794000,,794000,
717.6,-18700,-148220000,557878000,2178.8,44.7,0,,-6500,-51505000,7.91,"2023-02-10T11:20:00.000Z",1676028000000,7.93,7.91,7.93,0,100,0,,3,,Infinity,6500,6500,70100,,51505000,,51505000,
717.6,-28700,-227305000,636963000,2178.8,44.7,0,,-10000,-79085000,7.9,"2023-02-10T11:22:00.000Z",1676028120000,7.91,7.9,7.91,0,100,0,,4.6,,Infinity,10000,10000,80100,,79085000,,79085000,
717.6,-30300,-239961000,652783000,2178.8,44.7,0.1,200,-1600,-12656000,7.91,"2023-02-10T11:24:00.000Z",1676028240000,7.91,7.91,7.91,10,90,0,0.3,0.8,,9,1800,2000,82100,,15820000,1582000,14238000,
717.6,-38700,-306321000,719143000,2178.8,44.7,0,,-8400,-66360000,7.9,"2023-02-10T11:26:00.000Z",1676028360000,7.9,7.9,7.9,0,100,0,,3.9,,Infinity,8400,8400,90500,,66360000,,66360000,
717.6,-38800,-307111000,721513000,2178.8,44.7,0.5,100,-100,-790000,7.9,"2023-02-10T11:28:00.000Z",1676028480000,7.9,7.9,7.9,33.3,66.7,0,0.1,0.1,,2,200,300,90800,,2370000,790000,1580000,
717.6,-38500,-304731000,733353000,2178.8,44.7,1.5,900,300,2380000,7.9,"2023-02-10T13:00:00.000Z",1676034000000,7.9,7.85,7.9,60,40,0,1.3,0.3,,0.7,600,1500,92300,,11840000,7110000,4730000,
717.6,-38300,-303151000,734933000,2178.8,44.7,Infinity,200,200,1580000,7.9,"2023-02-10T13:02:00.000Z",1676034120000,7.9,7.9,7.9,100,0,0,0.3,,,0,,200,92500,,1580000,1580000,,
717.6,-37700,-298411000,739673000,2178.8,44.7,Infinity,600,600,4740000,7.9,"2023-02-10T13:04:00.000Z",1676034240000,7.9,7.9,7.9,100,0,0,0.8,,,0,,600,93100,,4740000,4740000,,
717.6,-36700,-290511000,747573000,2178.8,44.7,Infinity,1000,1000,7900000,7.9,"2023-02-10T13:06:00.000Z",1676034360000,7.9,7.9,7.9,100,0,0,1.4,,,0,,1000,94100,,7900000,7900000,,
717.6,-37000,-292882000,756248000,2178.8,44.7,0.6,400,-300,-2371000,7.89,"2023-02-10T13:08:00.000Z",1676034480000,7.89,7.88,7.89,36.4,63.6,0,0.6,0.3,,1.8,700,1100,95200,,8675000,3152000,5523000,
717.6,-37700,-298395000,764913000,2178.8,44.7,0.2,200,-700,-5513000,7.89,"2023-02-10T13:10:00.000Z",1676034600000,7.89,7.86,7.86,18.2,81.8,0,0.3,0.4,,4.5,900,1100,96300,,8665000,1576000,7089000,
717.6,-37500,-296817000,766491000,2178.8,44.7,Infinity,200,200,1578000,7.89,"2023-02-10T13:14:00.000Z",1676034840000,7.89,7.89,7.89,100,0,0,0.3,,,0,,200,96500,,1578000,1578000,,
717.6,-39300,-311006000,801222000,2178.8,44.7,0.4,1300,-1800,-14189000,7.91,"2023-02-10T13:16:00.000Z",1676034960000,7.91,7.89,7.89,29.5,70.5,0,1.8,1.4,,2.4,3100,4400,100900,,34731000,10271000,24460000,
717.6,-37400,-295974000,830486000,2178.8,44.7,3.1,2800,1900,15032000,7.91,"2023-02-10T13:18:00.000Z",1676035080000,7.91,7.89,7.9,75.7,24.3,0,3.9,0.4,,0.3,900,3700,104600,,29264000,22148000,7116000,
717.6,-38400,-303874000,838386000,2178.8,44.7,0,,-1000,-7900000,7.9,"2023-02-10T13:22:00.000Z",1676035320000,7.9,7.9,7.9,0,100,0,,0.5,,Infinity,1000,1000,105600,,7900000,,7900000,
717.6,-43400,-343394000,877906000,2178.8,44.7,0,,-5000,-39520000,7.9,"2023-02-10T13:24:00.000Z",1676035440000,7.91,7.9,7.91,0,100,0,,2.3,,Infinity,5000,5000,110600,,39520000,,39520000,
717.6,-45400,-359214000,893726000,2178.8,44.7,0,,-2000,-15820000,7.91,"2023-02-10T13:26:00.000Z",1676035560000,7.91,7.91,7.91,0,100,0,,0.9,,Infinity,2000,2000,112600,,15820000,,15820000,
717.6,-45900,-363169000,897681000,2178.8,44.7,0,,-500,-3955000,7.91,"2023-02-10T13:28:00.000Z",1676035680000,7.91,7.91,7.91,0,100,0,,0.2,,Infinity,500,500,113100,,3955000,,3955000,
717.6,-46000,-363967000,917579000,2178.8,44.7,0.9,1200,-100,-798000,7.96,"2023-02-10T13:32:00.000Z",1676035920000,7.96,7.95,7.95,48,52,0,1.7,0.6,,1.1,1300,2500,115600,,19898000,9550000,10348000,
717.6,-46900,-371131000,924743000,2178.8,44.7,0,,-900,-7164000,7.96,"2023-02-10T13:38:00.000Z",1676036280000,7.96,7.96,7.96,0,100,0,,0.4,,Infinity,900,900,116500,,7164000,,7164000,
717.6,-46100,-364763000,934275000,2178.8,44.7,5,1000,800,6368000,7.91,"2023-02-10T13:44:00.000Z",1676036640000,7.95,7.91,7.95,83.3,16.7,0,1.4,0.1,,0.2,200,1200,117700,,9532000,7950000,1582000,
717.6,-47600,-376628000,946140000,2178.8,44.7,0,,-1500,-11865000,7.91,"2023-02-10T13:46:00.000Z",1676036760000,7.91,7.91,7.91,0,100,0,,0.7,,Infinity,1500,1500,119200,,11865000,,11865000,
717.6,-47500,-375832000,946936000,2178.8,44.7,Infinity,100,100,796000,7.96,"2023-02-10T13:54:00.000Z",1676037240000,7.96,7.96,7.96,100,0,0,0.1,,,0,,100,119300,,796000,796000,,
717.6,-47300,-374240000,948528000,2178.8,44.7,Infinity,200,200,1592000,7.96,"2023-02-10T13:58:00.000Z",1676037480000,7.96,7.96,7.96,100,0,0,0.3,,,0,,200,119500,,1592000,1592000,,
717.6,-47200,-373445000,949323000,2178.8,44.7,Infinity,100,100,795000,7.95,"2023-02-10T14:00:00.000Z",1676037600000,7.95,7.95,7.95,100,0,0,0.1,,,0,,100,119600,,795000,795000,,
717.6,-40100,-316969000,1005799000,2178.8,44.7,Infinity,7100,7100,56476000,7.96,"2023-02-10T14:02:00.000Z",1676037720000,7.96,7.95,7.95,100,0,0,9.9,,,0,,7100,126700,,56476000,56476000,,
717.6,-39100,-308999000,1025709000,2178.8,44.7,Infinity,1000,1000,7970000,7.97,"2023-02-10T14:04:00.000Z",1676037840000,7.97,7.96,7.96,40,0,60,1.4,,33.6,0,,2500,129200,1500,19910000,7970000,,11940000
717.6,-29800,-234785000,1099923000,2178.8,44.7,Infinity,9300,9300,74214000,7.98,"2023-02-10T14:06:00.000Z",1676037960000,7.98,7.98,7.98,100,0,0,13,,,0,,9300,138500,,74214000,74214000,,
717.6,-30900,-243563000,1119873000,2178.8,44.7,0.4,700,-1100,-8778000,7.98,"2023-02-10T14:08:00.000Z",1676038080000,7.98,7.98,7.98,28,72,0,1,0.8,,2.6,1800,2500,141000,,19950000,5586000,14364000,
717.6,-35500,-280195000,1156505000,2178.8,44.7,0,,-4600,-36632000,7.96,"2023-02-10T14:10:00.000Z",1676038200000,7.97,7.96,7.97,0,100,0,,2.1,,Infinity,4600,4600,145600,,36632000,,36632000,
717.6,-37200,-293710000,1170020000,2178.8,44.7,0,,-1700,-13515000,7.95,"2023-02-10T14:12:00.000Z",1676038320000,7.95,7.95,7.95,0,100,0,,0.8,,Infinity,1700,1700,147300,,13515000,,13515000,
717.6,-79800,-630753000,1530913000,2178.8,44.7,0,400,-42600,-337043000,7.9,"2023-02-10T14:14:00.000Z",1676038440000,7.95,7.9,7.95,0.9,94.3,4.8,0.6,19.7,49.2,107.5,43000,45600,192900,2200,360893000,3180000,340223000,17490000
717.6,-100400,-793475000,1693635000,2178.8,44.7,0,,-20600,-162722000,7.89,"2023-02-10T14:16:00.000Z",1676038560000,7.9,7.89,7.9,0,100,0,,9.5,,Infinity,20600,20600,213500,,162722000,,162722000,
717.6,-95600,-755670000,1733803000,2178.8,44.7,49,4900,4800,37805000,7.88,"2023-02-10T14:18:00.000Z",1676038680000,7.88,7.87,7.88,96.1,2,2,6.8,0,2.2,0,100,5100,218600,100,40168000,38593000,788000,787000
717.6,-100600,-795070000,1774779000,2178.8,44.7,0,100,-5000,-39400000,7.88,"2023-02-10T14:20:00.000Z",1676038800000,7.88,7.88,7.88,1.9,98.1,0,0.1,2.3,,51,5100,5200,223800,,40976000,788000,40188000,
717.6,-102400,-809267000,1788976000,2178.8,44.7,0,,-1800,-14197000,7.89,"2023-02-10T14:22:00.000Z",1676038920000,7.89,7.88,7.89,0,100,0,,0.8,,Infinity,1800,1800,225600,,14197000,,14197000,
717.6,-107200,-847096000,1826805000,2178.8,44.7,0,,-4800,-37829000,7.88,"2023-02-10T14:24:00.000Z",1676039040000,7.89,7.88,7.88,0,100,0,,2.2,,Infinity,4800,4800,230400,,37829000,,37829000,
717.6,-109500,-865220000,1859113000,2178.8,44.7,0.3,900,-2300,-18124000,7.88,"2023-02-10T14:26:00.000Z",1676039160000,7.88,7.88,7.88,22,78,0,1.3,1.5,,3.6,3200,4100,234500,,32308000,7092000,25216000,
717.6,-112500,-888856000,1889061000,2178.8,44.7,0.1,400,-3000,-23636000,7.88,"2023-02-10T14:28:00.000Z",1676039280000,7.89,7.88,7.88,10.5,89.5,0,0.6,1.6,,8.5,3400,3800,238300,,29948000,3156000,26792000,
717.6,-124200,-980935000,1981140000,2178.8,44.7,0,,-11700,-92079000,7.87,"2023-02-10T14:44:00.000Z",1676040240000,7.87,7.87,7.87,0,100,0,,5.4,,Infinity,11700,11700,250000,,92079000,,92079000,
