"abu","acum_busd","acum_busd_val","acum_val_bu","acum_val_sd","acum_val","avg_val_bu","avg_val_sd","rbusd","asd","auk","bs","bu","bu-sd","bu-sd_val","c","date","datetime","h","l","o","pbu","psd","puk","rbu","rsd","ruk","sb","sd","sum_vol","total_vol","uk","val","val_bu","val_sd","val_uk"
855.6,-1000,-5948000,5557000,11505000,17062000,5228555.6,3138333.3,-2.8,511.1,0,0.5,900,-1000,-5948000,6.19,"2023-02-10T10:10:00.000Z",1676023800000,6.19,6.05,6.06,32.1,67.9,0,1.1,3.7,,2.1,1900,2800,2800,,17062000,5557000,11505000,
855.6,-900,-5328000,6177000,11505000,17682000,5228555.6,3138333.3,0.3,511.1,0,Infinity,100,100,620000,6.2,"2023-02-10T10:15:00.000Z",1676024100000,6.2,6.2,6.2,100,0,0,0.1,,,0,,100,2900,,620000,620000,,
855.6,-3600,-22068000,6177000,28245000,34422000,5228555.6,3138333.3,-8,511.1,0,0,,-2700,-16740000,6.2,"2023-02-10T10:20:00.000Z",1676024400000,6.2,6.2,6.2,0,100,0,,5.3,,Infinity,2700,2700,5600,,16740000,,16740000,
855.6,-3500,-21458000,6787000,28245000,35032000,5228555.6,3138333.3,0.3,511.1,0,Infinity,100,100,610000,6.1,"2023-02-10T13:00:00.000Z",1676034000000,6.1,6.1,6.1,100,0,0,0.1,,,0,,100,5700,,610000,610000,,
855.6,-3400,-20848000,7397000,28245000,35642000,5228555.6,3138333.3,0.3,511.1,0,Infinity,100,100,610000,6.1,"2023-02-10T13:05:00.000Z",1676034300000,6.1,6.1,6.1,100,0,0,0.1,,,0,,100,5800,,610000,610000,,
855.6,-3300,-20238000,8007000,28245000,36252000,5228555.6,3138333.3,0.3,511.1,0,Infinity,100,100,610000,6.1,"2023-02-10T13:20:00.000Z",1676035200000,6.1,6.1,6.1,100,0,0,0.1,,,0,,100,5900,,610000,610000,,
855.6,-3000,-18408000,9837000,28245000,38082000,5228555.6,3138333.3,0.9,511.1,0,Infinity,300,300,1830000,6.1,"2023-02-10T13:25:00.000Z",1676035500000,6.1,6.1,6.1,100,0,0,0.4,,,0,,300,6200,,1830000,1830000,,
855.6,-1500,-9258000,18987000,28245000,47232000,5228555.6,3138333.3,4.4,511.1,0,Infinity,1500,1500,9150000,6.1,"2023-02-10T13:40:00.000Z",1676036400000,6.1,6.1,6.1,100,0,0,1.8,,,0,,1500,7700,,9150000,9150000,,
855.6,3100,18812000,47057000,28245000,75302000,5228555.6,3138333.3,13.4,511.1,0,Infinity,4600,4600,28070000,6.19,"2023-02-10T14:05:00.000Z",1676037900000,6.19,6.1,6.1,100,0,0,5.4,,,0,,4600,12300,,28070000,28070000,,
