"abu","acum_busd","acum_busd_val","acum_val","asd","auk","bs","bu","bu-sd","bu-sd_val","c","date","datetime","h","l","o","pbu","psd","puk","rbu","rsd","ruk","sb","sd","sum_vol","total_vol","uk","val","val_bu","val_sd","val_uk"
1485.7,6100,237900,237900,745.7,474.3,Infinity,6100,6100,237900,39,"2023-02-10T09:18:00.000Z",1676020680000,39,39,39,100,0,0,4.1,,,0,,6100,6100,,237900,237900,,
1485.7,18700,498877900,514557900,745.7,474.3,64,12800,12600,498640000,39.2,"2023-02-10T09:20:00.000Z",1676020800000,39.9,39.1,39.1,98.5,1.5,0,8.6,0.3,,0,200,13000,19100,,514320000,506480000,7840000.000000001,
1485.7,16200,400877900,612557900,745.7,474.3,0,,-2500,-98000000,39.2,"2023-02-10T09:22:00.000Z",1676020920000,39.2,39.2,39.2,0,100,0,,3.4,,Infinity,2500,2500,21600,,98000000,,98000000,
1485.7,19000,511407900,762587900,745.7,474.3,Infinity,2800,2800,110530000,39.4,"2023-02-10T09:26:00.000Z",1676021160000,39.5,39.4,39.5,73.7,0,26.3,1.9,,2.1,0,,3800,25400,1000,150030000,110530000,,39500000
1485.7,23900,599425900,1294805900,745.7,474.3,2.9,7500,4900,88018000,40,"2023-02-10T09:28:00.000Z",1676021280000,40,39.5,39.5,46.6,16.1,37.3,5,3.5,12.7,0.3,2600,16100,41500,6000,532218000,191418000,103400000,237400000
1485.7,24400,620175900,1315555900,745.7,474.3,Infinity,500,500,20750000,41.5,"2023-02-10T09:30:00.000Z",1676021400000,41.5,41.5,41.5,100,0,0,0.3,,,0,,500,42000,,20750000,20750000,,
1485.7,24300,616145900,1319585900,745.7,474.3,0,,-100,-4029999.9999999995,40.3,"2023-02-10T09:32:00.000Z",1676021520000,40.3,40.3,40.3,0,100,0,,0.1,,Infinity,100,100,42100,,4029999.9999999995,,4029999.9999999995,
1485.7,24300,616145900,1443572000,745.7,474.3,NaN,,0,0,41.3,"2023-02-10T09:34:00.000Z",1676021640000,41.3,41,41,0,0,100,,,10.8,NaN,,5100,47200,5100,123986099.99999999,,,123986099.99999999
1485.7,25800,678445900,1613512000,745.7,474.3,2.2,2800,1500,62300000,41.4,"2023-02-10T09:36:00.000Z",1676021760000,41.5,41.4,41.4,68.3,31.7,0,1.9,1.7,,0.5,1300,4100,51300,,169940000,116120000,53820000,
1485.7,25900,682575900,1617642000,745.7,474.3,Infinity,100,100,4130000,41.3,"2023-02-10T09:38:00.000Z",1676021880000,41.3,41.3,41.3,100,0,0,0.1,,,0,,100,51400,,4130000,4130000,,
1485.7,24400,620625900,1745672000,745.7,474.3,0.3,800,-1500,-61950000,41.3,"2023-02-10T09:40:00.000Z",1676022000000,41.3,41.3,41.3,25.8,74.2,0,0.5,3.1,,2.9,2300,3100,54500,,128030000,33040000,94990000,
1485.7,23100,567755900,1822902000,745.7,474.3,0.2,300,-1300,-52870000,40.6,"2023-02-10T09:46:00.000Z",1676022360000,40.7,40.6,40.7,15.8,84.2,0,0.2,2.1,,5.3,1600,1900,56400,,77230000,12180000,65050000,
1485.7,21800,527643900,1863014000,745.7,474.3,0,,-1300,-40112000,40,"2023-02-10T09:48:00.000Z",1676022480000,40.1,40,40.1,0,100,0,,1.7,,Infinity,1300,1300,57700,,40112000,,40112000,
1485.7,21900,531653900,1871034000,745.7,474.3,Infinity,100,100,4010000,40.1,"2023-02-10T09:50:00.000Z",1676022600000,40.1,40.1,40.1,50,0,50,0.1,,0.2,0,,200,57900,100,8020000,4010000,,4010000
1485.7,24400,634653900,2022954000,745.7,474.3,Infinity,2500,2500,103000000,41.2,"2023-02-10T09:56:00.000Z",1676022960000,41.2,40.6,40.6,67.6,0,32.4,1.7,,2.5,0,,3700,61600,1200,151920000,103000000,,48920000
1485.7,24900,655253900,2043554000,745.7,474.3,Infinity,500,500,20600000,41.2,"2023-02-10T09:58:00.000Z",1676023080000,41.2,41.2,41.2,100,0,0,0.3,,,0,,500,62100,,20600000,20600000,,
1485.7,24400,634953900,2063854000,745.7,474.3,0,,-500,-20300000,40.6,"2023-02-10T10:08:00.000Z",1676023680000,40.6,40.6,40.6,0,100,0,,0.7,,Infinity,500,500,62600,,20300000,,20300000,
1485.7,22900,573303900,2125504000,745.7,474.3,0,,-1500,-61650000,41.1,"2023-02-10T10:12:00.000Z",1676023920000,41.1,41.1,41.1,0,100,0,,2,,Infinity,1500,1500,64100,,61650000,,61650000,
1485.7,22900,573303900,2125545000,745.7,474.3,NaN,,0,0,41,"2023-02-10T10:38:00.000Z",1676025480000,41,41,41,0,0,100,,,2.1,NaN,,1000,65100,1000,41000,,,41000
1485.7,23300,573320300,2125561400,745.7,474.3,Infinity,400,400,16400,41,"2023-02-10T10:50:00.000Z",1676026200000,41,41,41,100,0,0,0.3,,,0,,400,65500,,16400,16400,,
1485.7,24800,573381800,2125622900,745.7,474.3,Infinity,1500,1500,61500,41,"2023-02-10T11:02:00.000Z",1676026920000,41,41,41,100,0,0,1,,,0,,1500,67000,,61500,61500,,
1485.7,23400,516541800,2182462900,745.7,474.3,0,,-1400,-56840000,40.6,"2023-02-10T11:14:00.000Z",1676027640000,40.6,40.6,40.6,0,100,0,,1.9,,Infinity,1400,1400,68400,,56840000,,56840000,
1485.7,23200,504365900,2194647000,745.7,474.3,0.3,100,-200,-12175900,41,"2023-02-10T13:00:00.000Z",1676034000000,41,40.6,40.6,25,75,0,0.1,0.4,,3,300,400,68800,,12184100,4100,12180000,
1485.7,23000,496245900,2202767000,745.7,474.3,0,,-200,-8120000,40.6,"2023-02-10T13:12:00.000Z",1676034720000,40.6,40.6,40.6,0,100,0,,0.3,,Infinity,200,200,69000,,8120000,,8120000,
1485.7,15000,172245900,2526767000,745.7,474.3,0,,-8000,-324000000,40.5,"2023-02-10T13:20:00.000Z",1676035200000,40.5,40.5,40.5,0,100,0,,10.7,,Infinity,8000,8000,77000,,324000000,,324000000,
1485.7,15000,172245900,2608567000,745.7,474.3,1,1000,0,0,40.9,"2023-02-10T13:24:00.000Z",1676035440000,40.9,40.9,40.9,50,50,0,0.7,1.3,,1,1000,2000,79000,,81800000,40900000,40900000,
1485.7,16000,213145900,2649467000,745.7,474.3,Infinity,1000,1000,40900000,40.9,"2023-02-10T13:26:00.000Z",1676035560000,40.9,40.9,40.9,100,0,0,0.7,,,0,,1000,80000,,40900000,40900000,,
1485.7,17500,274495900,2710817000,745.7,474.3,Infinity,1500,1500,61350000,40.9,"2023-02-10T13:30:00.000Z",1676035800000,40.9,40.9,40.9,100,0,0,1,,,0,,1500,81500,,61350000,61350000,,
1485.7,16900,249955900,2735357000,745.7,474.3,0,,-600,-24540000,40.9,"2023-02-10T13:34:00.000Z",1676036040000,40.9,40.9,40.9,0,100,0,,0.8,,Infinity,600,600,82100,,24540000,,24540000,
1485.7,18300,307215900,2792617000,745.7,474.3,Infinity,1400,1400,57260000,40.9,"2023-02-10T13:36:00.000Z",1676036160000,40.9,40.9,40.9,100,0,0,0.9,,,0,,1400,83500,,57260000,57260000,,
1485.7,21700,446275900,2931677000,745.7,474.3,Infinity,3400,3400,139060000,40.9,"2023-02-10T13:38:00.000Z",1676036280000,40.9,40.9,40.9,100,0,0,2.3,,,0,,3400,86900,,139060000,139060000,,
1485.7,21100,421975900,2955977000,745.7,474.3,0,,-600,-24300000,40.5,"2023-02-10T14:16:00.000Z",1676038560000,40.5,40.5,40.5,0,100,0,,0.8,,Infinity,600,600,87500,,24300000,,24300000,
1485.7,21200,426085900,2968187000,745.7,474.3,2,200,100,4109999.999999999,40.8,"2023-02-10T14:20:00.000Z",1676038800000,40.8,40.5,40.5,66.7,33.3,0,0.1,0.1,,0.5,100,300,87800,,12210000,8159999.999999999,4050000,
1485.7,23500,426180200,3058261300,745.7,474.3,Infinity,2300,2300,94300,41,"2023-02-10T14:22:00.000Z",1676038920000,41,40.9,40.9,51.1,0,48.9,1.5,,4.6,0,,4500,92300,2200,90074300,94300,,89980000
1485.7,25900,523380200,3155461300,745.7,474.3,Infinity,2400,2400,97200000,40.5,"2023-02-10T14:44:00.000Z",1676040240000,40.5,40.5,40.5,100,0,0,1.6,,,0,,2400,94700,,97200000,97200000,,
