"abu","acum_busd","acum_busd_val","acum_val_bu","acum_val_sd","acum_val","avg_val_bu","avg_val_sd","rbusd","asd","auk","bs","bu","bu-sd","bu-sd_val","c","date","datetime","h","l","o","pbu","psd","puk","rbu","rsd","ruk","sb","sd","sum_vol","total_vol","uk","val","val_bu","val_sd","val_uk"
70423.4,-43500,-535020000,192270000,727290000,2442060000,717225651.1,1326839280.9,0.9,132355.3,19944.7,0.3,15600,-43500,-535020000,12.3,"2023-02-10T09:15:00.000Z",1676020500000,12.5,12.25,12.5,7.9,30.1,62,0.2,0.4,6.1,3.8,59100,196500,196500,121800,2442060000,192270000,727290000,1522500000
70423.4,-1700,-20380000,1050065000,1070445000,3643010000,717225651.1,1326839280.9,-0.8,132355.3,19944.7,2.5,69700,41800,514640000,12.3,"2023-02-10T09:20:00.000Z",1676020800000,12.35,12.25,12.3,71.4,28.6,0,1,0.2,,0.4,27900,97600,294100,,1200950000,857795000,343155000,
70423.4,-106700,-1306140000,1168020000,2474160000,5164680000,717225651.1,1326839280.9,2.1,132355.3,19944.7,0.1,9600,-105000,-1285760000,12.25,"2023-02-10T09:25:00.000Z",1676021100000,12.35,12.2,12.35,7.7,92.3,0,0.1,0.9,,11.9,114600,124200,418300,,1521670000,117955000,1403715000,
70423.4,-65900,-804915000,2061850000,2866765000,6451115000,717225651.1,1326839280.9,-0.8,132355.3,19944.7,2.3,72900,40800,501225000,12.25,"2023-02-10T09:30:00.000Z",1676021400000,12.3,12.2,12.2,69.4,30.6,0,1,0.2,,0.4,32100,105000,523300,,1286435000,893830000,392605000,
70423.4,-309000,-3624430000,2506125000,6130555000,10171280000,717225651.1,1326839280.9,4.6,132355.3,19944.7,0.1,36700,-243100,-2819515000,12,"2023-02-10T09:35:00.000Z",1676021700000,12.25,12,12.2,11.6,88.1,0.3,0.5,2.1,0.1,7.6,279800,317500,840800,1000,3720165000,444275000,3263790000,12100000
70423.4,-235300,-2732650000,4092140000,6824790000,12451530000,717225651.1,1326839280.9,-1.5,132355.3,19944.7,2.3,131100,73700,891780000,12.15,"2023-02-10T09:40:00.000Z",1676022000000,12.15,12.05,12.05,69.5,30.5,0,1.9,0.4,,0.4,57400,188500,1029300,,2280250000,1586015000,694235000,
70423.4,-330000,-3879355000,4239305000,8118660000,13892565000,717225651.1,1326839280.9,1.9,132355.3,19944.7,0.1,12100,-94700,-1146705000,12.15,"2023-02-10T09:45:00.000Z",1676022300000,12.2,12.1,12.15,10.2,89.8,0,0.2,0.8,,8.8,106800,118900,1148200,,1441035000,147165000,1293870000,
70423.4,-332500,-3907345000,5307365000,9214710000,16056675000,717225651.1,1326839280.9,0,132355.3,19944.7,1,87500,-2500,-27990000,12.2,"2023-02-10T09:50:00.000Z",1676022600000,12.25,12.15,12.15,49.3,50.7,0,1.2,0.7,,1,90000,177500,1325700,,2164110000,1068060000,1096050000,
70423.4,-295700,-3458110000,5903945000,9362055000,16800600000,717225651.1,1326839280.9,-0.7,132355.3,19944.7,4,48900,36800,449235000,12.2,"2023-02-10T09:55:00.000Z",1676022900000,12.2,12.15,12.2,80.2,19.8,0,0.7,0.1,,0.2,12100,61000,1386700,,743925000,596580000,147345000,
70423.4,-273600,-3188490000,6173565000,9362055000,17070220000,717225651.1,1326839280.9,-0.4,132355.3,19944.7,Infinity,22100,22100,269620000,12.2,"2023-02-10T10:00:00.000Z",1676023200000,12.2,12.2,12.2,100,0,0,0.3,,,0,,22100,1408800,,269620000,269620000,,
70423.4,-280500,-3269870000,6967785000,10237655000,18740040000,717225651.1,1326839280.9,0.1,132355.3,19944.7,0.9,65100,-6900,-81380000,12.2,"2023-02-10T10:05:00.000Z",1676023500000,12.2,12.15,12.2,47.5,52.5,0,0.9,0.5,,1.1,72000,137100,1545900,,1669820000,794220000,875600000,
70423.4,-288600,-3367975000,7087345000,10455320000,19077265000,717225651.1,1326839280.9,0.2,132355.3,19944.7,0.5,9800,-8100,-98105000,12.15,"2023-02-10T10:10:00.000Z",1676023800000,12.2,12.15,12.2,35.4,64.6,0,0.1,0.1,,1.8,17900,27700,1573600,,337225000,119560000,217665000,
70423.4,-251400,-2913810000,7545155000,10458965000,19538720000,717225651.1,1326839280.9,-0.7,132355.3,19944.7,125,37500,37200,454165000,12.25,"2023-02-10T10:15:00.000Z",1676024100000,12.25,12.15,12.2,99.2,0.8,0,0.5,0,,0,300,37800,1611400,,461455000,457810000,3645000,
70423.4,-319400,-3742095000,7636655000,11378750000,20550005000,717225651.1,1326839280.9,1.4,132355.3,19944.7,0.1,7500,-68000,-828285000,12.2,"2023-02-10T10:20:00.000Z",1676024400000,12.2,12.15,12.2,9,91,0,0.1,0.6,,10.1,75500,83000,1694400,,1011285000,91500000,919785000,
70423.4,-389300,-4589340000,7739970000,12329310000,21603880000,717225651.1,1326839280.9,1.4,132355.3,19944.7,0.1,8500,-69900,-847245000,12.15,"2023-02-10T10:25:00.000Z",1676024700000,12.2,12.1,12.15,9.8,90.2,0,0.1,0.6,,9.2,78400,86900,1781300,,1053875000,103315000,950560000,
70423.4,-402800,-4753620000,8424390000,13178010000,23137000000,717225651.1,1326839280.9,0.3,132355.3,19944.7,0.8,56100,-13500,-164280000,12.2,"2023-02-10T10:30:00.000Z",1676025000000,12.2,12.15,12.15,44.6,55.4,0,0.8,0.5,,1.2,69600,125700,1907000,,1533120000,684420000,848700000,
70423.4,-415300,-4905620000,8967290000,13872910000,24374800000,717225651.1,1326839280.9,0.2,132355.3,19944.7,0.8,44500,-12500,-152000000,12.2,"2023-02-10T10:35:00.000Z",1676025300000,12.2,12.15,12.2,43.8,56.2,0,0.6,0.4,,1.3,57000,101500,2008500,,1237800000,542900000,694900000,
70423.4,-535900,-6370870000,8977050000,15347920000,25859570000,717225651.1,1326839280.9,2.4,132355.3,19944.7,0,800,-120600,-1465250000,12.15,"2023-02-10T10:40:00.000Z",1676025600000,12.2,12.15,12.15,0.7,99.3,0,0,0.9,,151.8,121400,122200,2130700,,1484770000,9760000,1475010000,
70423.4,-409300,-4828505000,10764690000,15593195000,27892485000,717225651.1,1326839280.9,-2.5,132355.3,19944.7,7.3,146800,126600,1542365000,12.2,"2023-02-10T10:45:00.000Z",1676025900000,12.2,12.1,12.15,87.9,12.1,0,2.1,0.2,,0.1,20200,167000,2297700,,2032915000,1787640000,245275000,
70423.4,-473800,-5613930000,11248460000,16862390000,29645450000,717225651.1,1326839280.9,1.3,132355.3,19944.7,0.4,39700,-64500,-785425000,12.15,"2023-02-10T10:50:00.000Z",1676026200000,12.25,12.1,12.2,27.6,72.4,0,0.6,0.8,,2.6,104200,143900,2441600,,1752965000,483770000,1269195000,
70423.4,-535300,-6357475000,11499965000,17857440000,30892005000,717225651.1,1326839280.9,1.2,132355.3,19944.7,0.3,20700,-61500,-743545000,12.15,"2023-02-10T10:55:00.000Z",1676026500000,12.15,12.1,12.15,20.1,79.9,0,0.3,0.6,,4,82200,102900,2544500,,1246555000,251505000,995050000,
70423.4,-635800,-7572215000,11963480000,19535695000,33033775000,717225651.1,1326839280.9,2,132355.3,19944.7,0.3,38200,-100500,-1214740000,12.1,"2023-02-10T11:00:00.000Z",1676026800000,12.15,12.05,12.15,21.6,78.4,0,0.5,1,,3.6,138700,176900,2721400,,2141770000,463515000,1678255000,
70423.4,-646900,-7703985000,12620525000,20324510000,34479635000,717225651.1,1326839280.9,0.2,132355.3,19944.7,0.8,54300,-11100,-131770000,12.05,"2023-02-10T11:05:00.000Z",1676027100000,12.15,12.05,12.1,45.4,54.6,0,0.8,0.5,,1.2,65400,119700,2841100,,1445860000,657045000,788815000,
70423.4,-758800,-9051910000,12999420000,22051330000,36585350000,717225651.1,1326839280.9,2.2,132355.3,19944.7,0.2,31300,-111900,-1347925000,12.05,"2023-02-10T11:10:00.000Z",1676027400000,12.15,12.05,12.1,17.9,82.1,0,0.4,1.1,,4.6,143200,174500,3015600,,2105715000,378895000,1726820000,
70423.4,-826400,-9487143000,13674370000,23161513000,38370483000,717225651.1,1326839280.9,0.7,132355.3,19944.7,0.5,56000,-67600,-435233000,12,"2023-02-10T11:15:00.000Z",1676027700000,12.1,12,12.05,31.2,68.8,0,0.8,0.9,,2.2,123600,179600,3195200,,1785133000,674950000,1110183000,
70423.4,-959200,-9174544800,13988875000,23163419800,38686894800,717225651.1,1326839280.9,-0.5,132355.3,19944.7,0.2,26100,-132800,312598200,12,"2023-02-10T11:20:00.000Z",1676028000000,12.05,12,12.05,14.1,85.9,0,0.4,1.2,,6.1,158900,185000,3380200,,316411800,314505000,1906800,
70423.4,-1415700,-9755424400,14811191400,24566615800,40912407200,717225651.1,1326839280.9,1,132355.3,19944.7,0.2,81000,-456500,-580879600,12,"2023-02-10T11:25:00.000Z",1676028300000,12.05,11.95,12,13.1,86.9,0,1.2,4.1,,6.6,537500,618500,3998700,,2225512400,822316400,1403196000,
70423.4,-1415500,-9755422000,14811193800,24566615800,40912409600,717225651.1,1326839280.9,0,132355.3,19944.7,Infinity,200,200,2400,12,"2023-02-10T11:30:00.000Z",1676028600000,12,12,12,100,0,0,0,,,0,,200,3998900,,2400,2400,,
70423.4,-1655200,-13137144200,15079406600,28216550800,45001442400,717225651.1,1326839280.9,5.5,132355.3,19944.7,0.2,66800,-239700,-3381722200,11.9,"2023-02-10T13:00:00.000Z",1676034000000,12,11.9,11.95,17.2,79.1,3.7,0.9,2.3,0.7,4.6,306500,387600,4386500,14300,4089032800,268212800,3649935000,170885000
70423.4,-1561000,-12300736400,16682194400,28982930800,47370610200,717225651.1,1326839280.9,-1.4,132355.3,19944.7,2.5,158500,94200,836407800,12,"2023-02-10T13:05:00.000Z",1676034300000,12,11.9,11.9,71.1,28.9,0,2.3,0.5,,0.4,64300,222800,4609300,,2369167800,1602787800,766380000,
70423.4,-1541400,-12470020800,16682600000,29152620800,47540705800,717225651.1,1326839280.9,0.3,132355.3,19944.7,2.4,33800,19600,-169284400,11.95,"2023-02-10T13:10:00.000Z",1676034600000,12,11.95,12,70.4,29.6,0,0.5,0.1,,0.4,14200,48000,4657300,,170095600,405600,169690000,
70423.4,-1692200,-14302952200,16761503600,31064455800,49535029400,717225651.1,1326839280.9,3,132355.3,19944.7,0.1,9400,-150800,-1832931400,11.95,"2023-02-10T13:15:00.000Z",1676034900000,12,11.9,11.95,5.5,94.3,0.2,0.1,1.2,0,17,160200,169900,4827200,300,1994323600,78903600,1911835000,3585000
70423.4,-2025500,-18252242200,17469813600,35722055800,54947349400,717225651.1,1326839280.9,6.5,132355.3,19944.7,0.2,59700,-333300,-3949290000,11.9,"2023-02-10T13:20:00.000Z",1676035200000,11.9,11.8,11.9,13.1,86.1,0.9,0.8,3,0.2,6.6,393000,456600,5283800,3900,5412320000,708310000,4657600000,46410000
70423.4,-2138100,-19578937200,18472558600,38051495800,58279534400,717225651.1,1326839280.9,2.2,132355.3,19944.7,0.4,84300,-112600,-1326695000,11.95,"2023-02-10T13:25:00.000Z",1676035500000,11.95,11.8,11.9,30,70,0,1.2,1.5,,2.3,196900,281200,5565000,,3332185000,1002745000,2329440000,
70423.4,-1999400,-18739737800,19590206400,38329944200,59675630600,717225651.1,1326839280.9,-1.4,132355.3,19944.7,2.7,220000,138700,839199400,12.05,"2023-02-10T13:30:00.000Z",1676035800000,12.1,11.9,11.95,73,27,0,3.1,0.6,,0.4,81300,301300,5866300,,1396096200,1117647800,278448400,
70423.4,-2165100,-19669279800,20393068000,40062347800,62210895800,717225651.1,1326839280.9,1.5,132355.3,19944.7,0.3,70700,-165700,-929542000,12,"2023-02-10T13:35:00.000Z",1676036100000,12.15,11.95,12.05,23,77,0,1,1.8,,3.3,236400,307100,6173400,,2535265200,802861600,1732403600,
70423.4,-2149600,-20216428000,20536009800,40752437800,63043927600,717225651.1,1326839280.9,0.9,132355.3,19944.7,1.3,73300,15500,-547148200,12,"2023-02-10T13:40:00.000Z",1676036400000,12,11.9,11.95,55.9,44.1,0,1,0.4,,0.8,57800,131100,6304500,,833031800,142941800,690090000,
70423.4,-2137000,-20422804200,20536410600,40959214800,63251105400,717225651.1,1326839280.9,0.3,132355.3,19944.7,1.6,33400,12600,-206376200,12,"2023-02-10T13:45:00.000Z",1676036700000,12,11.95,12,61.6,38.4,0,0.5,0.2,,0.6,20800,54200,6358700,,207177800,400800,206777000,
70423.4,-2126900,-20222672200,20795981200,41018653400,63570114600,717225651.1,1326839280.9,-0.3,132355.3,19944.7,1.2,62800,10100,200132000,12.05,"2023-02-10T13:50:00.000Z",1676037000000,12.05,11.95,12,54.4,45.6,0,0.9,0.4,,0.8,52700,115500,6474200,,319009200,259570600,59438600,
70423.4,-2115500,-20011840400,21014530200,41026370600,63796380800,717225651.1,1326839280.9,-0.3,132355.3,19944.7,1.3,55100,11400,210831800,12.05,"2023-02-10T13:55:00.000Z",1676037300000,12.05,11.95,12,55.8,44.2,0,0.8,0.3,,0.8,43700,98800,6573000,,226266200,218549000,7717200,
70423.4,-1954700,-18053110400,24175945200,42229055600,68160480800,717225651.1,1326839280.9,-3.2,132355.3,19944.7,2.6,260200,160800,1958730000,12.15,"2023-02-10T14:00:00.000Z",1676037600000,12.2,12.05,12.05,72.4,27.6,0,3.7,0.8,,0.4,99400,359600,6932600,,4364100000,3161415000,1202685000,
70423.4,-1975900,-17331224000,26448552200,43779776200,71998328400,717225651.1,1326839280.9,-1.2,132355.3,19944.7,0.9,254000,-21200,721886400,11.95,"2023-02-10T14:05:00.000Z",1676037900000,12.15,11.9,12.1,47.9,51.9,0.2,3.6,2.1,0.1,1.1,275200,530400,7463000,1200,3837847600,2272607000,1550720600,14520000
70423.4,-2125200,-19361345600,26778620600,46139966200,74688586800,717225651.1,1326839280.9,3.3,132355.3,19944.7,0.2,48300,-149300,-2030121600,11.95,"2023-02-10T14:10:00.000Z",1676038200000,12,11.9,11.95,19.6,80.4,0,0.7,1.5,,4.1,197600,245900,7708900,,2690258400,330068400,2360190000,
70423.4,-2770100,-26958250600,30068810600,57027061200,88889171800,717225651.1,1326839280.9,12.5,132355.3,19944.7,0.3,279300,-644900,-7596905000,11.95,"2023-02-10T14:15:00.000Z",1676038500000,11.95,11.6,11.9,23.2,76.7,0.2,4,7,0.1,3.3,924200,1205500,8914400,2000,14200585000,3290190000,10887095000,23300000
70423.4,-2998500,-29696380600,30885620600,60582001200,93263281800,717225651.1,1326839280.9,4.5,132355.3,19944.7,0.2,71300,-228400,-2738130000,11.8,"2023-02-10T14:20:00.000Z",1676038800000,12,11.7,11.9,19.2,80.7,0.1,1,2.3,0,4.2,299700,371200,9285600,200,4374110000,816810000,3554940000,2360000
70423.4,-2910800,-28651840600,33709605600,62361446200,97871431800,717225651.1,1326839280.9,-1.7,132355.3,19944.7,1.6,238700,87700,1044540000,11.75,"2023-02-10T14:25:00.000Z",1676039100000,11.85,11.7,11.8,61.2,38.7,0.1,3.4,1.1,0,0.6,151000,390100,9675700,400,4608150000,2823985000,1779445000,4720000
70423.4,-2910800,-28651840600,33709605600,62361446200,107062111800,717225651.1,1326839280.9,0,132355.3,19944.7,NaN,,0,0,11.6,"2023-02-10T14:45:00.000Z",1676040300000,11.6,11.6,11.6,0,0,100,,,39.7,NaN,,792300,10468000,792300,9190680000,,,9190680000
