"abu","acum_busd","acum_busd_val","acum_val","asd","auk","bs","bu","bu-sd","bu-sd_val","c","date","datetime","h","l","o","pbu","psd","puk","rbu","rsd","ruk","sb","sd","sum_vol","total_vol","uk","val","val_bu","val_sd","val_uk"
1355.2,1600,84800000,84800000,237.9,0,Infinity,1600,1600,84800000,53,"2023-02-10T09:16:00.000Z",1676020560000,53,53,53,100,0,0,1.2,,,0,,1600,1600,,84800000,84800000,,
1355.2,3000,159000000,159000000,237.9,0,Infinity,1400,1400,74200000,53,"2023-02-10T09:18:00.000Z",1676020680000,53,53,53,100,0,0,1,,,0,,1400,3000,,74200000,74200000,,
1355.2,4400,233200000,233200000,237.9,0,Infinity,1400,1400,74200000,53,"2023-02-10T09:32:00.000Z",1676021520000,53,53,53,100,0,0,1,,,0,,1400,4400,,74200000,74200000,,
1355.2,5800,307400000,307400000,237.9,0,Infinity,1400,1400,74200000,53,"2023-02-10T09:36:00.000Z",1676021760000,53,53,53,100,0,0,1,,,0,,1400,5800,,74200000,74200000,,
1355.2,6800,360400000,360400000,237.9,0,Infinity,1000,1000,53000000,53,"2023-02-10T09:38:00.000Z",1676021880000,53,53,53,100,0,0,0.7,,,0,,1000,6800,,53000000,53000000,,
1355.2,7400,392200000,392200000,237.9,0,Infinity,600,600,31800000,53,"2023-02-10T09:42:00.000Z",1676022120000,53,53,53,100,0,0,0.4,,,0,,600,7400,,31800000,31800000,,
1355.2,8700,461100000,461100000,237.9,0,Infinity,1300,1300,68900000,53,"2023-02-10T09:46:00.000Z",1676022360000,53,53,53,100,0,0,1,,,0,,1300,8700,,68900000,68900000,,
1355.2,8800,466400000,466400000,237.9,0,Infinity,100,100,5300000,53,"2023-02-10T09:48:00.000Z",1676022480000,53,53,53,100,0,0,0.1,,,0,,100,8800,,5300000,5300000,,
1355.2,9600,508800000,508800000,237.9,0,Infinity,800,800,42400000,53,"2023-02-10T09:50:00.000Z",1676022600000,53,53,53,100,0,0,0.6,,,0,,800,9600,,42400000,42400000,,
1355.2,11000,583000000,583000000,237.9,0,Infinity,1400,1400,74200000,53,"2023-02-10T09:56:00.000Z",1676022960000,53,53,53,100,0,0,1,,,0,,1400,11000,,74200000,74200000,,
1355.2,14600,773800000,773800000,237.9,0,Infinity,3600,3600,190800000,53,"2023-02-10T09:58:00.000Z",1676023080000,53,53,53,100,0,0,2.7,,,0,,3600,14600,,190800000,190800000,,
1355.2,16000,848000000,848000000,237.9,0,Infinity,1400,1400,74200000,53,"2023-02-10T10:08:00.000Z",1676023680000,53,53,53,100,0,0,1,,,0,,1400,16000,,74200000,74200000,,
1355.2,17400,922200000,922200000,237.9,0,Infinity,1400,1400,74200000,53,"2023-02-10T10:16:00.000Z",1676024160000,53,53,53,100,0,0,1,,,0,,1400,17400,,74200000,74200000,,
1355.2,18800,996400000,996400000,237.9,0,Infinity,1400,1400,74200000,53,"2023-02-10T10:26:00.000Z",1676024760000,53,53,53,100,0,0,1,,,0,,1400,18800,,74200000,74200000,,
1355.2,20200,1070600000,1070600000,237.9,0,Infinity,1400,1400,74200000,53,"2023-02-10T10:38:00.000Z",1676025480000,53,53,53,100,0,0,1,,,0,,1400,20200,,74200000,74200000,,
1355.2,21600,1144800000,1144800000,237.9,0,Infinity,1400,1400,74200000,53,"2023-02-10T10:46:00.000Z",1676025960000,53,53,53,100,0,0,1,,,0,,1400,21600,,74200000,74200000,,
1355.2,23000,1219000000,1219000000,237.9,0,Infinity,1400,1400,74200000,53,"2023-02-10T10:56:00.000Z",1676026560000,53,53,53,100,0,0,1,,,0,,1400,23000,,74200000,74200000,,
1355.2,22900,1213700000,1224300000,237.9,0,0,,-100,-5300000,53,"2023-02-10T11:18:00.000Z",1676027880000,53,53,53,0,100,0,,0.4,,Infinity,100,100,23100,,5300000,,5300000,
1355.2,24800,1314400000,1325000000,237.9,0,Infinity,1900,1900,100700000,53,"2023-02-10T11:20:00.000Z",1676028000000,53,53,53,100,0,0,1.4,,,0,,1900,25000,,100700000,100700000,,
1355.2,28400,1505200000,1515800000,237.9,0,Infinity,3600,3600,190800000,53,"2023-02-10T13:10:00.000Z",1676034600000,53,53,53,100,0,0,2.7,,,0,,3600,28600,,190800000,190800000,,
1355.2,29900,1584700000,1595300000,237.9,0,Infinity,1500,1500,79500000,53,"2023-02-10T13:14:00.000Z",1676034840000,53,53,53,100,0,0,1.1,,,0,,1500,30100,,79500000,79500000,,
1355.2,31400,1664200000,1674800000,237.9,0,Infinity,1500,1500,79500000,53,"2023-02-10T13:16:00.000Z",1676034960000,53,53,53,100,0,0,1.1,,,0,,1500,31600,,79500000,79500000,,
1355.2,31300,1658900000,1680100000,237.9,0,0,,-100,-5300000,53,"2023-02-10T13:52:00.000Z",1676037120000,53,53,53,0,100,0,,0.4,,Infinity,100,100,31700,,5300000,,5300000,
1355.2,27700,1468100000,1870900000,237.9,0,0,,-3600,-190800000,53,"2023-02-10T13:54:00.000Z",1676037240000,53,53,53,0,100,0,,15.1,,Infinity,3600,3600,35300,,190800000,,190800000,
1355.2,27500,1457500000,1881500000,237.9,0,0,,-200,-10600000,53,"2023-02-10T13:56:00.000Z",1676037360000,53,53,53,0,100,0,,0.8,,Infinity,200,200,35500,,10600000,,10600000,
1355.2,26500,1404500000,1934500000,237.9,0,0,,-1000,-53000000,53,"2023-02-10T13:58:00.000Z",1676037480000,53,53,53,0,100,0,,4.2,,Infinity,1000,1000,36500,,53000000,,53000000,
1355.2,26400,1399200000,1939800000,237.9,0,0,,-100,-5300000,53,"2023-02-10T14:06:00.000Z",1676037960000,53,53,53,0,100,0,,0.4,,Infinity,100,100,36600,,5300000,,5300000,
1355.2,26300,1393920000,1945080000,237.9,0,0,,-100,-5280000,52.8,"2023-02-10T14:22:00.000Z",1676038920000,52.8,52.8,52.8,0,100,0,,0.4,,Infinity,100,100,36700,,5280000,,5280000,
1355.2,32400,1720910000,2452270000,237.9,0,4.6,7800,6100,326990000,53,"2023-02-10T14:28:00.000Z",1676039280000,53.8,53,53,82.1,17.9,0,5.8,7.1,,0.2,1700,9500,46200,,507190000,417090000,90100000,
