"abu","acum_busd","acum_busd_val","acum_val","asd","auk","bs","bu","bu-sd","bu-sd_val","c","date","datetime","h","l","o","pbu","psd","puk","rbu","rsd","ruk","sb","sd","sum_vol","total_vol","uk","val","val_bu","val_sd","val_uk"
5910.5,-2900,-27012000,32820000,136.8,902.6,0.1,300,-2900,-27012000,9.06,"2022-12-22T09:14:00.000Z",1671700440000,9.68,9.06,9.68,8.6,91.4,0,0.1,23.4,,10.7,3200,3500,3500,,32820000,2904000,29916000,
5910.5,-1900,-17332000,42500000,136.8,902.6,Infinity,1000,1000,9680000,9.68,"2022-12-22T09:16:00.000Z",1671700560000,9.68,9.68,9.68,100,0,0,0.2,,,0,,1000,4500,,9680000,9680000,,
5910.5,7100,69608000,129440000,136.8,902.6,Infinity,9000,9000,86940000,9.66,"2022-12-22T09:18:00.000Z",1671700680000,9.66,9.66,9.66,100,0,0,1.5,,,0,,9000,13500,,86940000,86940000,,
5910.5,16100,156548000,216380000,136.8,902.6,Infinity,9000,9000,86940000,9.66,"2022-12-22T09:20:00.000Z",1671700800000,9.66,9.66,9.66,100,0,0,1.5,,,0,,9000,22500,,86940000,86940000,,
5910.5,25100,243488000,303320000,136.8,902.6,Infinity,9000,9000,86940000,9.66,"2022-12-22T09:22:00.000Z",1671700920000,9.66,9.66,9.66,100,0,0,1.5,,,0,,9000,31500,,86940000,86940000,,
5910.5,34100,330428000,390260000,136.8,902.6,Infinity,9000,9000,86940000,9.66,"2022-12-22T09:24:00.000Z",1671701040000,9.66,9.66,9.66,100,0,0,1.5,,,0,,9000,40500,,86940000,86940000,,
5910.5,42600,412368000,472200000,136.8,902.6,Infinity,8500,8500,81940000,9.64,"2022-12-22T09:30:00.000Z",1671701400000,9.64,9.64,9.64,100,0,0,1.4,,,0,,8500,49000,,81940000,81940000,,
5910.5,56100,542508000,602340000,136.8,902.6,Infinity,13500,13500,130140000,9.64,"2022-12-22T09:32:00.000Z",1671701520000,9.64,9.64,9.64,100,0,0,2.3,,,0,,13500,62500,,130140000,130140000,,
5910.5,64500,623484000,683316000,136.8,902.6,Infinity,8400,8400,80976000,9.64,"2022-12-22T09:34:00.000Z",1671701640000,9.64,9.64,9.64,100,0,0,1.4,,,0,,8400,70900,,80976000,80976000,,
5910.5,71900,694832000,756568000,136.8,902.6,75,7500,7400,71348000,9.64,"2022-12-22T09:36:00.000Z",1671701760000,9.64,9.52,9.64,98.7,1.3,0,1.3,0.7,,0,100,7600,78500,,73252000,72300000,952000,
5910.5,82200,794124000,855860000,136.8,902.6,Infinity,10300,10300,99292000,9.64,"2022-12-22T09:38:00.000Z",1671701880000,9.64,9.64,9.64,100,0,0,1.7,,,0,,10300,88800,,99292000,99292000,,
5910.5,99700,961949000,1023685000,136.8,902.6,Infinity,17500,17500,167825000,9.59,"2022-12-22T09:58:00.000Z",1671703080000,9.59,9.59,9.59,100,0,0,3,,,0,,17500,106300,,167825000,167825000,,
5910.5,127700,1230469000,1292205000,136.8,902.6,Infinity,28000,28000,268520000,9.59,"2022-12-22T10:00:00.000Z",1671703200000,9.59,9.59,9.59,100,0,0,4.7,,,0,,28000,134300,,268520000,268520000,,
5910.5,139200,1340754000,1402490000,136.8,902.6,Infinity,11500,11500,110285000,9.59,"2022-12-22T10:02:00.000Z",1671703320000,9.59,9.59,9.59,100,0,0,1.9,,,0,,11500,145800,,110285000,110285000,,
5910.5,139800,1346508000,1408244000,136.8,902.6,Infinity,600,600,5754000,9.59,"2022-12-22T10:04:00.000Z",1671703440000,9.59,9.59,9.59,100,0,0,0.1,,,0,,600,146400,,5754000,5754000,,
5910.5,139000,1338905000,1415847000,136.8,902.6,0,,-800,-7603000,9.5,"2022-12-22T10:32:00.000Z",1671705120000,9.52,9.5,9.52,0,100,0,,5.8,,Infinity,800,800,147200,,7603000,,7603000,
5910.5,144500,1391540000,1468482000,136.8,902.6,Infinity,5500,5500,52635000,9.57,"2022-12-22T10:36:00.000Z",1671705360000,9.57,9.57,9.57,100,0,0,0.9,,,0,,5500,152700,,52635000,52635000,,
5910.5,144700,1393624000,1489366000,136.8,902.6,1.2,1200,200,2084000,9.4,"2022-12-22T10:38:00.000Z",1671705480000,9.57,9.4,9.57,54.5,45.5,0,0.2,7.3,,0.8,1000,2200,154900,,20884000,11484000,9400000,
5910.5,156000,1501765000,1597507000,136.8,902.6,Infinity,11300,11300,108141000,9.57,"2022-12-22T10:40:00.000Z",1671705600000,9.57,9.57,9.57,100,0,0,1.9,,,0,,11300,166200,,108141000,108141000,,
5910.5,158700,1527580000,1623322000,136.8,902.6,Infinity,2700,2700,25815000,9.56,"2022-12-22T10:42:00.000Z",1671705720000,9.57,9.56,9.57,100,0,0,0.5,,,0,,2700,168900,,25815000,25815000,,
5910.5,161300,1552410000,1648152000,136.8,902.6,Infinity,2600,2600,24830000,9.55,"2022-12-22T10:54:00.000Z",1671706440000,9.55,9.55,9.55,100,0,0,0.4,,,0,,2600,171500,,24830000,24830000,,
5910.5,162700,1565768000,1661510000,136.8,902.6,Infinity,1400,1400,13357999.999999998,9.54,"2022-12-22T10:56:00.000Z",1671706560000,9.55,9.54,9.55,100,0,0,0.2,,,0,,1400,172900,,13357999.999999998,13357999.999999998,,
5910.5,169000,1625870000,1721612000,136.8,902.6,Infinity,6300,6300,60101999.99999999,9.54,"2022-12-22T11:00:00.000Z",1671706800000,9.54,9.54,9.54,100,0,0,1.1,,,0,,6300,179200,,60101999.99999999,60101999.99999999,,
5910.5,170000,1635410000,1731152000,136.8,902.6,Infinity,1000,1000,9540000,9.54,"2022-12-22T11:04:00.000Z",1671707040000,9.54,9.54,9.54,100,0,0,0.2,,,0,,1000,180200,,9540000,9540000,,
5910.5,178000,1711710000,1807452000,136.8,902.6,Infinity,8000,8000,76300000,9.54,"2022-12-22T11:06:00.000Z",1671707160000,9.54,9.53,9.53,100,0,0,1.4,,,0,,8000,188200,,76300000,76300000,,
5910.5,180500,1735560000,1831302000,136.8,902.6,Infinity,2500,2500,23850000,9.54,"2022-12-22T11:12:00.000Z",1671707520000,9.54,9.54,9.54,100,0,0,0.4,,,0,,2500,190700,,23850000,23850000,,
5910.5,181500,1745100000,1840842000,136.8,902.6,Infinity,1000,1000,9539999.999999998,9.54,"2022-12-22T11:14:00.000Z",1671707640000,9.54,9.54,9.54,100,0,0,0.2,,,0,,1000,191700,,9539999.999999998,9539999.999999998,,
5910.5,181600,1746054000,1841796000,136.8,902.6,Infinity,100,100,953999.9999999999,9.54,"2022-12-22T13:20:00.000Z",1671715200000,9.54,9.54,9.54,100,0,0,0,,,0,,100,191800,,953999.9999999999,953999.9999999999,,
5910.5,182000,1749870000,1845612000,136.8,902.6,Infinity,400,400,3815999.9999999995,9.54,"2022-12-22T13:22:00.000Z",1671715320000,9.54,9.54,9.54,100,0,0,0.1,,,0,,400,192200,,3815999.9999999995,3815999.9999999995,,
5910.5,182900,1758438000,1854180000,136.8,902.6,Infinity,900,900,8568000,9.52,"2022-12-22T13:48:00.000Z",1671716880000,9.52,9.52,9.52,100,0,0,0.2,,,0,,900,193100,,8568000,8568000,,
5910.5,182800,1757486000,1855132000,136.8,902.6,0,,-100,-952000,9.52,"2022-12-22T13:54:00.000Z",1671717240000,9.52,9.52,9.52,0,100,0,,0.7,,Infinity,100,100,193200,,952000,,952000,
5910.5,192700,1851734000,1949380000,136.8,902.6,Infinity,9900,9900,94248000,9.52,"2022-12-22T14:00:00.000Z",1671717600000,9.52,9.52,9.52,100,0,0,1.7,,,0,,9900,203100,,94248000,94248000,,
5910.5,198700,1909034000,2006680000,136.8,902.6,Infinity,6000,6000,57300000.00000001,9.55,"2022-12-22T14:08:00.000Z",1671718080000,9.55,9.55,9.55,100,0,0,1,,,0,,6000,209100,,57300000.00000001,57300000.00000001,,
5910.5,199700,1918594000,2016240000,136.8,902.6,Infinity,1000,1000,9560000,9.56,"2022-12-22T14:10:00.000Z",1671718200000,9.56,9.56,9.56,100,0,0,0.2,,,0,,1000,210100,,9560000,9560000,,
5910.5,216300,2077290000,2174936000,136.8,902.6,Infinity,16600,16600,158696000,9.56,"2022-12-22T14:12:00.000Z",1671718320000,9.56,9.56,9.56,100,0,0,2.8,,,0,,16600,226700,,158696000,158696000,,
5910.5,216400,2078250000,2175896000,136.8,902.6,Infinity,100,100,960000,9.6,"2022-12-22T14:20:00.000Z",1671718800000,9.6,9.6,9.6,100,0,0,0,,,0,,100,226800,,960000,960000,,
5910.5,219400,2106992000,2204638000,136.8,902.6,Infinity,3000,3000,28742000,9.6,"2022-12-22T14:28:00.000Z",1671719280000,9.6,9.58,9.58,100,0,0,0.5,,,0,,3000,229800,,28742000,28742000,,
5910.5,219400,2106992000,2536319000,136.8,902.6,NaN,,0,0,9.67,"2022-12-22T14:44:00.000Z",1671720240000,9.67,9.67,9.67,0,0,100,,,38,NaN,,34300,264100,34300,331681000,,,331681000
