"abu","acum_busd","acum_busd_val","acum_val_bu","acum_val_sd","acum_val","avg_val_bu","avg_val_sd","rbusd","asd","auk","bs","bu","bu-sd","bu-sd_val","c","date","datetime","h","l","o","pbu","psd","puk","rbu","rsd","ruk","sb","sd","sum_vol","total_vol","uk","val","val_bu","val_sd","val_uk"
6620,-17700,-87377800,31860000,119237800,155657800,184499598,194217854,9,6684,1154,0,700,-17700,-87377800,45.8,"2022-12-22T09:00:00.000Z",1671699600000,45.8,41,41,3.6,95.8,0.5,0.1,2.8,0.1,26.3,18400,19200,19200,100,155657800,31860000,119237800,4560000
6620,-6900,283551000,635803400,352252400,992615800,184499598,194217854,-38.2,6684,1154,3.1,15900,10800,370928800,46.6,"2022-12-22T09:05:00.000Z",1671699900000,46.9,45.8,45.8,75.7,24.3,0,2.4,0.8,,0.3,5100,21000,40200,,836958000,603943400,233014600,
6620,-6000,105561800,705132600,599570800,1309263400,184499598,194217854,18.3,6684,1154,1.2,6700,900,-177989200,46,"2022-12-22T09:10:00.000Z",1671700200000,46.7,45.5,46.6,53.6,46.4,0,1,0.9,,0.9,5800,12500,52700,,316647600,69329200,247318400,
6620,1200,264279600,1161240400,896960800,2062761200,184499598,194217854,-16.3,6684,1154,2.1,13600,7200,158717800,46.7,"2022-12-22T09:15:00.000Z",1671700500000,47,46,46,68,32,0,2.1,1,,0.5,6400,20000,72700,,753497800,456107800,297390000,
6620,-3400,-35305800,1425668200,1460974000,2891202200,184499598,194217854,30.8,6684,1154,0.7,13000,-4600,-299585400,46.7,"2022-12-22T09:20:00.000Z",1671700800000,47.2,46.5,47,42.5,57.5,0,2,2.6,,1.4,17600,30600,103300,,828441000,264427800,564013200,
6620,-18500,-280036600,1518638200,1798674800,3335762200,184499598,194217854,25.2,6684,1154,0.1,2000,-15100,-244730800,45.7,"2022-12-22T09:25:00.000Z",1671701100000,46.9,45.6,46.7,10.2,87.2,2.6,0.3,2.6,0.4,8.6,17100,19600,122900,500,444560000,92970000,337700800,13889200
6620,-16000,-343317200,1596437600,1939754800,3582011600,184499598,194217854,6.5,6684,1154,1.8,5600,2500,-63280600,46,"2022-12-22T09:30:00.000Z",1671701400000,46,45.5,45.6,60.2,33.3,6.5,0.8,0.5,0.5,0.6,3100,9300,132200,600,246249400,77799400,141080000,27370000
6620,-12000,-85120800,1877684400,1962805200,3886308800,184499598,194217854,-26.6,6684,1154,2.4,6900,4000,258196400,45.8,"2022-12-22T09:35:00.000Z",1671701700000,46.1,45.8,46.1,70.4,29.6,0,1,0.4,,0.4,2900,9800,142000,,304297200,281246800,23050400,
6620,-12200,-94160800,1932404400,2026565200,4004788800,184499598,194217854,0.9,6684,1154,0.9,1200,-200,-9040000,45.7,"2022-12-22T09:40:00.000Z",1671702000000,45.8,45.5,45.8,46.2,53.8,0,0.2,0.2,,1.2,1400,2600,144600,,118480000,54720000,63760000,
6620,-1000,-162276600,1937568600,2099845200,4083233000,184499598,194217854,7,6684,1154,8,12800,11200,-68115800,46,"2022-12-22T09:45:00.000Z",1671702300000,46,45.8,45.8,88.9,11.1,0,1.9,0.2,,0.1,1600,14400,159000,,78444200,5164200,73280000,
6620,8200,236371000,2387096200,2150725200,4602120600,184499598,194217854,-41,6684,1154,9.4,10300,9200,398647600,46.5,"2022-12-22T09:50:00.000Z",1671702600000,46.5,45.8,46,87.3,9.3,3.4,1.6,0.2,0.3,0.1,1100,11800,170800,400,518887600,449527600,50880000,18480000
6620,5700,176085800,2415072200,2238986400,4718357800,184499598,194217854,6.2,6684,1154,0.4,1600,-2500,-60285200,46,"2022-12-22T09:55:00.000Z",1671702900000,46.6,46,46.6,28.1,71.9,0,0.2,0.6,,2.6,4100,5700,176500,,116237200,27976000,88261200,
6620,15500,620350400,2905136800,2284786400,5254222400,184499598,194217854,-45.7,6684,1154,10.8,10800,9800,444264600,45.8,"2022-12-22T10:00:00.000Z",1671703200000,46,45.8,45.8,91.5,8.5,0,1.6,0.1,,0.1,1000,11800,188300,,535864600,490064600,45800000,
6620,21500,817368600,3106762600,2289394000,5460455800,184499598,194217854,-20.3,6684,1154,9.6,6700,6000,197018200,46,"2022-12-22T10:05:00.000Z",1671703500000,46,45.8,45.8,90.5,9.5,0,1,0.1,,0.1,700,7400,195700,,206233400,201625800,4607600,
6620,22700,872988600,3162382600,2289394000,5516075800,184499598,194217854,-5.7,6684,1154,Infinity,1200,1200,55620000,46.3,"2022-12-22T10:10:00.000Z",1671703800000,46.4,46.3,46.4,100,0,0,0.2,,,0,,1200,196900,,55620000,55620000,,
6620,23200,937887200,3254982600,2317095400,5636377200,184499598,194217854,-6.7,6684,1154,1.3,2000,500,64898600,46.1,"2022-12-22T10:15:00.000Z",1671704100000,46.4,46,46.3,57.1,42.9,0,0.3,0.2,,0.8,1500,3500,200400,,120301400,92600000,27701400,
6620,21200,855448000,3282562600,2427114600,5773976400,184499598,194217854,8.5,6684,1154,0.2,600,-2000,-82439200,45.8,"2022-12-22T10:20:00.000Z",1671704400000,46.1,45.8,46.1,18.8,81.3,0,0.1,0.4,,4.3,2600,3200,203600,,137599200,27580000,110019200,
6620,17700,695398000,3287132600,2591734600,5943166400,184499598,194217854,16.5,6684,1154,0,100,-3500,-160050000,45.7,"2022-12-22T10:25:00.000Z",1671704700000,45.8,45.6,45.8,2.7,97.3,0,0,0.5,,36,3600,3700,207300,,169190000,4570000,164620000,
6620,14400,544918000,3287132600,2742214600,6093646400,184499598,194217854,15.5,6684,1154,0,,-3300,-150480000,45.6,"2022-12-22T10:30:00.000Z",1671705000000,45.6,45.6,45.6,0,100,0,,0.5,,Infinity,3300,3300,210600,,150480000,,150480000,
6620,10500,367118000,3296292600,2929174600,6289766400,184499598,194217854,18.3,6684,1154,0,200,-3900,-177800000,45.8,"2022-12-22T10:35:00.000Z",1671705300000,45.8,45.6,45.6,4.7,95.3,0,0,0.6,,20.5,4100,4300,214900,,196120000,9160000,186960000,
6620,5100,121338000,3323672600,3202334600,6590306400,184499598,194217854,25.3,6684,1154,0.1,600,-5400,-245780000,45.6,"2022-12-22T10:40:00.000Z",1671705600000,45.8,45.5,45.8,9.1,90.9,0,0.1,0.9,,10,6000,6600,221500,,300540000,27380000,273160000,
6620,5600,144188000,3369272600,3225084600,6658656400,184499598,194217854,-2.4,6684,1154,2,1000,500,22850000,45.5,"2022-12-22T10:45:00.000Z",1671705900000,45.6,45.5,45.6,66.7,33.3,0,0.2,0.1,,0.5,500,1500,223000,,68350000,45600000,22750000,
6620,5100,121438000,3414772600,3293334600,6776966400,184499598,194217854,2.3,6684,1154,0.7,1000,-500,-22750000,45.6,"2022-12-22T10:50:00.000Z",1671706200000,45.6,45.5,45.5,38.5,57.7,3.8,0.2,0.2,0.1,1.5,1500,2600,225600,100,118310000,45500000,68250000,4560000
6620,6400,180728000,3542452600,3361724600,6973036400,184499598,194217854,-6.1,6684,1154,1.9,2800,1300,59290000,45.5,"2022-12-22T10:55:00.000Z",1671706500000,45.6,45.5,45.6,65.1,34.9,0,0.4,0.2,,0.5,1500,4300,229900,,196070000,127680000,68390000,
6620,4600,98928000,3546992600,3448064600,7063916400,184499598,194217854,8.4,6684,1154,0.1,100,-1800,-81800000,45.4,"2022-12-22T11:00:00.000Z",1671706800000,45.5,45.4,45.5,5,95,0,0,0.3,,19,1900,2000,231900,,90880000,4540000,86340000,
6620,-100,112483000,3596932600,3484449600,7150241400,184499598,194217854,-1.4,6684,1154,0.2,1100,-4700,13555000,45,"2022-12-22T11:05:00.000Z",1671707100000,45.4,45,45.4,15.9,84.1,0,0.2,0.9,,5.3,5800,6900,238800,,86325000,49940000,36385000,
6620,-2700,103685200,3605972600,3502287400,7181549200,184499598,194217854,0.9,6684,1154,0.1,200,-2600,-8797800,44.2,"2022-12-22T11:10:00.000Z",1671707400000,45.2,44,45,6.5,90.3,3.2,0,0.4,0.1,14,2800,3100,241900,100,31307800,9040000,17837800,4430000
6620,-4000,46335200,3628072600,3581737400,7349439200,184499598,194217854,5.9,6684,1154,0.3,500,-1300,-57350000,44.1,"2022-12-22T11:15:00.000Z",1671707700000,44.6,44.1,44.6,13.2,47.4,39.5,0.1,0.3,1.3,3.6,1800,3800,245700,1500,167890000,22100000,79450000,66340000.00000001
6620,-5500,41893600,3628138600,3586245000,7354012800,184499598,194217854,0.5,6684,1154,0.5,1500,-1500,-4441600,44,"2022-12-22T11:20:00.000Z",1671708000000,44,43.8,44,33.3,66.7,0,0.2,0.4,,2,3000,4500,250200,,4573600,66000,4507600,
6620,-1100,143586000,3743137400,3599551400,7482318000,184499598,194217854,-10.5,6684,1154,5.9,5300,4400,101692400,44,"2022-12-22T11:25:00.000Z",1671708300000,44.5,43.8,44,85.5,14.5,0,0.8,0.1,,0.2,900,6200,256400,,128305200,114998800,13306400,
6620,-21900,-395653200,3824096000,4219749200,8200434400,184499598,194217854,55.5,6684,1154,0.1,2100,-20800,-539239200,41.9,"2022-12-22T13:00:00.000Z",1671714000000,43.3,41.9,43.3,8.3,90.2,1.6,0.3,3.4,0.3,10.9,22900,25400,281800,400,718116400,80958600,620197800,16960000
6620,-39700,-1230076600,4685882600,5915959200,10779261000,184499598,194217854,85.9,6684,1154,0.6,23000,-17800,-834423400,42,"2022-12-22T13:05:00.000Z",1671714300000,42,41.2,41.8,35.8,63.5,0.8,3.5,6.1,0.4,1.8,40800,64300,346100,500,2578826600,861786600,1696210000,20830000
6620,-34300,-1195739800,4758823400,5954563200,10890805800,184499598,194217854,-3.5,6684,1154,2.9,8300,5400,34336800,43,"2022-12-22T13:10:00.000Z",1671714600000,43,42,42,74.1,25.9,0,1.3,0.4,,0.3,2900,11200,357300,,111544800,72940800,38604000,
6620,-40900,-1628419300,4836538200,6464957500,11478914900,184499598,194217854,44.5,6684,1154,0.5,5400,-6600,-432679500,42.5,"2022-12-22T13:15:00.000Z",1671714900000,43.1,42.5,43.1,31,69,0,0.8,1.8,,2.2,12000,17400,374700,,588109100,77714800,510394300,
6620,-41300,-1681881500,4972300000,6654181500,11803900700,184499598,194217854,5.5,6684,1154,0.9,6100,-400,-53462200,42.5,"2022-12-22T13:20:00.000Z",1671715200000,42.5,41.8,42.5,48.4,51.6,0,0.9,1,,1.1,6500,12600,387300,,324985800,135761800,189224000,
6620,-3400,-555208800,6272742700,6827951500,13346757700,184499598,194217854,-115.9,6684,1154,7.8,43500,37900,1126672700,42.5,"2022-12-22T13:25:00.000Z",1671715500000,44,42.5,42.5,85.6,11,3.3,6.6,0.8,1.5,0.1,5600,50800,438100,1700,1542857000,1300442700,173770000,68644300
6620,-1200,-563908000,6369938300,6933846300,13562488100,184499598,194217854,0.9,6684,1154,1.3,9100,2200,-8699200,41.9,"2022-12-22T13:30:00.000Z",1671715800000,42.6,41.9,42.6,55.8,42.3,1.8,1.4,1,0.3,0.8,6900,16300,454400,300,215730400,97195600,105894800,12640000
6620,-12800,-761067800,6441303900,7202371700,13902379100,184499598,194217854,20.3,6684,1154,0.2,3500,-11600,-197159800,41.9,"2022-12-22T13:35:00.000Z",1671716100000,42.5,41.9,41.9,18.8,81.2,0,0.5,2.3,,4.3,15100,18600,473000,,339891000,71365600,268525400,
6620,-10500,-743918000,6608863700,7352781700,14220348900,184499598,194217854,-1.8,6684,1154,1.6,5900,2300,17149800,42,"2022-12-22T13:40:00.000Z",1671716400000,42,41.6,41.8,62.1,37.9,0,0.9,0.5,,0.6,3600,9500,482500,,317969800,167559800,150410000,
6620,-10100,-578975000,6778222500,7357197500,14398333500,184499598,194217854,-17,6684,1154,1.1,5400,400,164943000,42.1,"2022-12-22T13:45:00.000Z",1671716700000,42.4,42,42,51.4,47.6,1,0.8,0.7,0.1,0.9,5000,10500,493000,100,177984600,169358800,4415800,4210000
6620,-13500,-718615000,6900572500,7619187500,14786883500,184499598,194217854,14.4,6684,1154,0.5,2900,-3400,-139640000,41.9,"2022-12-22T13:50:00.000Z",1671717000000,42.3,41.5,42.1,31.2,67.7,1.1,0.4,0.9,0.1,2.2,6300,9300,502300,100,388550000,122350000,261990000,4210000
6620,-9000,-553134000,7235173500,7788307500,15332204500,184499598,194217854,-17,6684,1154,2.1,8600,4500,165481000,42,"2022-12-22T13:55:00.000Z",1671717300000,42,41.2,41.3,62.8,29.9,7.3,1.3,0.6,0.9,0.5,4100,13700,516000,1000,545321000,334601000,169120000,41600000
6620,3600,-310419400,7569292400,7879711800,15800113700,184499598,194217854,-25,6684,1154,6.7,14800,12600,242714600,44,"2022-12-22T14:00:00.000Z",1671717600000,44,42,42,74,11,15,2.2,0.3,2.6,0.1,2200,20000,536000,3000,467909200,334118900,91404300,42386000
6620,2200,-250515400,7825597000,8076112400,16283250900,184499598,194217854,-6.2,6684,1154,0.8,7400,-1400,59904000,43.5,"2022-12-22T14:05:00.000Z",1671717900000,44,42.5,43.8,35.4,42.1,22.5,1.1,1.3,4.1,1.2,8800,20900,556900,4700,483137200,256304600,196400600,30432000
6620,4100,-375199700,8691432800,9066632500,18211956800,184499598,194217854,12.8,6684,1154,1.1,28700,1900,-124684300,44.9,"2022-12-22T14:10:00.000Z",1671718200000,45.6,43.9,43.9,50.3,46.9,2.8,4.3,4,1.4,0.9,26800,57100,614000,1600,1928705900,865835800,990520100,72350000
6620,-1300,-539678000,8887678000,9427356000,18781995500,184499598,194217854,16.9,6684,1154,0.5,5300,-5400,-164478300,43,"2022-12-22T14:15:00.000Z",1671718500000,44.6,43,44.6,32.5,65.6,1.8,0.8,1.6,0.3,2,10700,16300,630300,300,570038700,196245200,360723500,13070000
6620,4700,-457621700,9079255900,9536877600,19186748000,184499598,194217854,-8.4,6684,1154,2.6,9700,6000,82056300,43.9,"2022-12-22T14:20:00.000Z",1671718800000,43.9,42.8,43,57.7,22,20.2,1.5,0.6,2.9,0.4,3700,16800,647100,3400,404752500,191577900,109521600,103653000
6620,-2700,-462712800,9224979900,9687692700,19537244600,184499598,194217854,0.5,6684,1154,0.7,15300,-7400,-5091100,46.2,"2022-12-22T14:25:00.000Z",1671719100000,46.2,44,44,37.6,55.8,6.6,2.3,3.4,2.3,1.5,22700,40700,687800,2700,350496600,145724000,150815100,53957500
6620,-3000,-476632800,9224979900,9701612700,21156604600,184499598,194217854,1.4,6684,1154,0,,-300,-13920000,46.4,"2022-12-22T14:45:00.000Z",1671720300000,46.4,46.4,46.4,0,0.9,99.1,,0,30,Infinity,300,34900,722700,34600,1619360000,,13920000,1605440000
6620,-3200,-485912800,9224979900,9710892700,21165884600,184499598,194217854,1,6684,1154,0,,-200,-9280000,46.4,"2022-12-22T14:50:00.000Z",1671720600000,46.4,46.4,46.4,0,100,0,,0,,Infinity,200,200,722900,,9280000,,9280000,
