"abu","acum_busd","acum_busd_val","acum_val","asd","auk","bs","bu","bu-sd","bu-sd_val","c","date","datetime","h","l","o","pbu","psd","puk","rbu","rsd","ruk","sb","sd","sum_vol","total_vol","uk","val","val_bu","val_sd","val_uk"
297.1,-10000,-50000000,50000000,3242.9,0,0,,-10000,-50000000,5,"2022-12-22T09:06:00.000Z",1671699960000,5,5,5,0,100,0,,3.1,,Infinity,10000,10000,10000,,50000000,,50000000,
297.1,-10300,-51500000,51500000,3242.9,0,0,,-300,-1500000,5,"2022-12-22T09:08:00.000Z",1671700080000,5,5,5,0,100,0,,0.1,,Infinity,300,300,10300,,1500000,,1500000,
297.1,-20100,-100500000,100500000,3242.9,0,0,,-9800,-49000000,5,"2022-12-22T09:20:00.000Z",1671700800000,5,5,5,0,100,0,,3,,Infinity,9800,9800,20100,,49000000,,49000000,
297.1,-17000,-85000000,116000000,3242.9,0,Infinity,3100,3100,15500000,5,"2022-12-22T09:22:00.000Z",1671700920000,5,5,5,100,0,0,10.4,,,0,,3100,23200,,15500000,15500000,,
297.1,-17900,-89500000,120500000,3242.9,0,0,,-900,-4500000,5,"2022-12-22T09:24:00.000Z",1671701040000,5,5,5,0,100,0,,0.3,,Infinity,900,900,24100,,4500000,,4500000,
297.1,-22800,-114490000,145490000,3242.9,0,0,,-4900,-24990000,5.1,"2022-12-22T09:26:00.000Z",1671701160000,5.1,5.1,5.1,0,100,0,,1.5,,Infinity,4900,4900,29000,,24990000,,24990000,
297.1,-22900,-115000000,146000000,3242.9,0,0,,-100,-509999.99999999994,5.1,"2022-12-22T09:28:00.000Z",1671701280000,5.1,5.1,5.1,0,100,0,,0,,Infinity,100,100,29100,,509999.99999999994,,509999.99999999994,
297.1,-23900,-120000000,151000000,3242.9,0,0,,-1000,-5000000,5,"2022-12-22T09:52:00.000Z",1671702720000,5,5,5,0,100,0,,0.3,,Infinity,1000,1000,30100,,5000000,,5000000,
297.1,-20900,-104700000,166300000,3242.9,0,Infinity,3000,3000,15299999.999999998,5.1,"2022-12-22T10:12:00.000Z",1671703920000,5.1,5.1,5.1,100,0,0,10.1,,,0,,3000,33100,,15299999.999999998,15299999.999999998,,
297.1,-18800,-93990000,177010000,3242.9,0,Infinity,2100,2100,10710000,5.1,"2022-12-22T10:18:00.000Z",1671704280000,5.1,5.1,5.1,100,0,0,7.1,,,0,,2100,35200,,10710000,10710000,,
297.1,-18900,-94500000,177520000,3242.9,0,0,,-100,-509999.99999999994,5.1,"2022-12-22T10:22:00.000Z",1671704520000,5.1,5.1,5.1,0,100,0,,0,,Infinity,100,100,35300,,509999.99999999994,,509999.99999999994,
297.1,-19100,-95520000,178540000,3242.9,0,0,,-200,-1019999.9999999999,5.1,"2022-12-22T10:38:00.000Z",1671705480000,5.1,5.1,5.1,0,100,0,,0.1,,Infinity,200,200,35500,,1019999.9999999999,,1019999.9999999999,
297.1,-54100,-270520000,353540000,3242.9,0,0,,-35000,-175000000,5,"2022-12-22T10:40:00.000Z",1671705600000,5,5,5,0,100,0,,10.8,,Infinity,35000,35000,70500,,175000000,,175000000,
297.1,-54300,-271520000,354540000,3242.9,0,0,,-200,-1000000,5,"2022-12-22T11:04:00.000Z",1671707040000,5,5,5,0,100,0,,0.1,,Infinity,200,200,70700,,1000000,,1000000,
297.1,-54100,-270500000,355560000,3242.9,0,Infinity,200,200,1019999.9999999999,5.1,"2022-12-22T11:06:00.000Z",1671707160000,5.1,5.1,5.1,100,0,0,0.7,,,0,,200,70900,,1019999.9999999999,1019999.9999999999,,
297.1,-54700,-273560000,358620000,3242.9,0,0,,-600,-3060000,5.1,"2022-12-22T11:14:00.000Z",1671707640000,5.1,5.1,5.1,0,100,0,,0.2,,Infinity,600,600,71500,,3060000,,3060000,
297.1,-55200,-276110000,361170000,3242.9,0,0,,-500,-2550000,5.1,"2022-12-22T11:24:00.000Z",1671708240000,5.1,5.1,5.1,0,100,0,,0.2,,Infinity,500,500,72000,,2550000,,2550000,
297.1,-55400,-277130000,362190000,3242.9,0,0,,-200,-1019999.9999999999,5.1,"2022-12-22T11:28:00.000Z",1671708480000,5.1,5.1,5.1,0,100,0,,0.1,,Infinity,200,200,72200,,1019999.9999999999,,1019999.9999999999,
297.1,-60200,-301610000,386670000,3242.9,0,0,,-4800,-24480000,5.1,"2022-12-22T13:02:00.000Z",1671714120000,5.1,5.1,5.1,0,100,0,,1.5,,Infinity,4800,4800,77000,,24480000,,24480000,
297.1,-60700,-304160000,389220000,3242.9,0,0,,-500,-2550000,5.1,"2022-12-22T13:04:00.000Z",1671714240000,5.1,5.1,5.1,0,100,0,,0.2,,Infinity,500,500,77500,,2550000,,2550000,
297.1,-61200,-306710000,391770000,3242.9,0,0,,-500,-2550000,5.1,"2022-12-22T13:08:00.000Z",1671714480000,5.1,5.1,5.1,0,100,0,,0.2,,Infinity,500,500,78000,,2550000,,2550000,
297.1,-78700,-395960000,481020000,3242.9,0,0,,-17500,-89250000,5.1,"2022-12-22T13:16:00.000Z",1671714960000,5.1,5.1,5.1,0,100,0,,5.4,,Infinity,17500,17500,95500,,89250000,,89250000,
297.1,-78900,-396980000,482040000,3242.9,0,0,,-200,-1019999.9999999999,5.1,"2022-12-22T13:20:00.000Z",1671715200000,5.1,5.1,5.1,0,100,0,,0.1,,Infinity,200,200,95700,,1019999.9999999999,,1019999.9999999999,
297.1,-79900,-402080000,487140000,3242.9,0,0,,-1000,-5100000,5.1,"2022-12-22T13:36:00.000Z",1671716160000,5.1,5.1,5.1,0,100,0,,0.3,,Infinity,1000,1000,96700,,5100000,,5100000,
297.1,-80100,-403100000,488160000,3242.9,0,0,,-200,-1019999.9999999999,5.1,"2022-12-22T13:40:00.000Z",1671716400000,5.1,5.1,5.1,0,100,0,,0.1,,Infinity,200,200,96900,,1019999.9999999999,,1019999.9999999999,
297.1,-81100,-408200000,493260000,3242.9,0,0,,-1000,-5100000,5.1,"2022-12-22T13:42:00.000Z",1671716520000,5.1,5.1,5.1,0,100,0,,0.3,,Infinity,1000,1000,97900,,5100000,,5100000,
297.1,-96100,-483200000,568260000,3242.9,0,0,,-15000,-75000000,5,"2022-12-22T13:46:00.000Z",1671716760000,5,5,5,0,100,0,,4.6,,Infinity,15000,15000,112900,,75000000,,75000000,
297.1,-95100,-478100000,573360000,3242.9,0,Infinity,1000,1000,5100000,5.1,"2022-12-22T13:56:00.000Z",1671717360000,5.1,5.1,5.1,100,0,0,3.4,,,0,,1000,113900,,5100000,5100000,,
297.1,-96900,-487280000,582540000,3242.9,0,0,,-1800,-9180000,5.1,"2022-12-22T14:26:00.000Z",1671719160000,5.1,5.1,5.1,0,100,0,,0.6,,Infinity,1800,1800,115700,,9180000,,9180000,
297.1,-97100,-488300000,583560000,3242.9,0,0,,-200,-1019999.9999999999,5.1,"2022-12-22T14:28:00.000Z",1671719280000,5.1,5.1,5.1,0,100,0,,0.1,,Infinity,200,200,115900,,1019999.9999999999,,1019999.9999999999,
297.1,-99100,-498500000,593760000,3242.9,0,0,,-2000,-10200000,5.1,"2022-12-22T14:30:00.000Z",1671719400000,5.1,5.1,5.1,0,100,0,,0.6,,Infinity,2000,2000,117900,,10200000,,10200000,
297.1,-98100,-493400000,598860000,3242.9,0,Infinity,1000,1000,5100000,5.1,"2022-12-22T14:34:00.000Z",1671719640000,5.1,5.1,5.1,100,0,0,3.4,,,0,,1000,118900,,5100000,5100000,,
297.1,-99100,-498500000,603960000,3242.9,0,0,,-1000,-5100000,5.1,"2022-12-22T14:42:00.000Z",1671720120000,5.1,5.1,5.1,0,100,0,,0.3,,Infinity,1000,1000,119900,,5100000,,5100000,
297.1,-99600,-501050000,606510000,3242.9,0,0,,-500,-2550000,5.1,"2022-12-22T14:44:00.000Z",1671720240000,5.1,5.1,5.1,0,100,0,,0.2,,Infinity,500,500,120400,,2550000,,2550000,
297.1,-103100,-518900000,624360000,3242.9,0,0,,-3500,-17850000,5.1,"2022-12-22T14:54:00.000Z",1671720840000,5.1,5.1,5.1,0,100,0,,1.1,,Infinity,3500,3500,123900,,17850000,,17850000,
