"abu","acum_busd","acum_busd_val","acum_val_bu","acum_val_sd","acum_val","avg_val_bu","avg_val_sd","rbusd","asd","auk","bs","bu","bu-sd","bu-sd_val","c","date","datetime","h","l","o","pbu","psd","puk","rbu","rsd","ruk","sb","sd","sum_vol","total_vol","uk","val","val_bu","val_sd","val_uk"
5131.7,4000,18000000,18000000,0,18000000,22820317.5,43018412.7,0.9,9823.8,407.9,Infinity,4000,4000,18000000,4.5,"2023-01-13T02:00:00.000Z",1673575200000,4.5,4.5,4.5,100,0,0,0.8,,,0,,4000,4100,,18000000,18000000,,
5131.7,4300,19350000,19350000,0,19350000,22820317.5,43018412.7,0.1,9823.8,407.9,Infinity,300,300,1350000,4.5,"2023-01-13T02:18:00.000Z",1673576280000,4.5,4.5,4.5,100,0,0,0.1,,,0,,300,58900,,1350000,1350000,,
5131.7,4400,19800000,19800000,0,19800000,22820317.5,43018412.7,0,9823.8,407.9,Infinity,100,100,450000,4.5,"2023-01-13T09:00:00.000Z",1673600400000,4.5,4.5,4.5,100,0,0,0,,,0,,100,100,,450000,450000,,
5131.7,4700,21150000,21150000,0,21150000,22820317.5,43018412.7,0.1,9823.8,407.9,Infinity,300,300,1350000,4.5,"2023-01-13T09:02:00.000Z",1673600520000,4.5,4.5,4.5,100,0,0,0.1,,,0,,300,4400,,1350000,1350000,,
5131.7,5400,24300000,24300000,0,24300000,22820317.5,43018412.7,0.2,9823.8,407.9,Infinity,700,700,3150000,4.5,"2023-01-13T09:06:00.000Z",1673600760000,4.5,4.5,4.5,100,0,0,0.1,,,0,,700,5100,,3150000,3150000,,
5131.7,8400,37800000,37800000,0,37800000,22820317.5,43018412.7,0.7,9823.8,407.9,Infinity,3000,3000,13500000,4.5,"2023-01-13T09:08:00.000Z",1673600880000,4.5,4.5,4.5,100,0,0,0.6,,,0,,3000,8100,,13500000,13500000,,
5131.7,9300,41850000,41850000,0,41850000,22820317.5,43018412.7,0.2,9823.8,407.9,Infinity,900,900,4050000,4.5,"2023-01-13T09:10:00.000Z",1673601000000,4.5,4.5,4.5,100,0,0,0.2,,,0,,900,9000,,4050000,4050000,,
5131.7,10400,46800000,46800000,0,46800000,22820317.5,43018412.7,0.2,9823.8,407.9,Infinity,1100,1100,4950000,4.5,"2023-01-13T09:12:00.000Z",1673601120000,4.5,4.5,4.5,100,0,0,0.2,,,0,,1100,10100,,4950000,4950000,,
5131.7,11700,52650000,52650000,0,52650000,22820317.5,43018412.7,0.3,9823.8,407.9,Infinity,1300,1300,5850000,4.5,"2023-01-13T09:14:00.000Z",1673601240000,4.5,4.5,4.5,100,0,0,0.3,,,0,,1300,11400,,5850000,5850000,,
5131.7,32800,147600000,147600000,0,147600000,22820317.5,43018412.7,4.7,9823.8,407.9,Infinity,21100,21100,94950000,4.5,"2023-01-13T09:16:00.000Z",1673601360000,4.5,4.5,4.5,100,0,0,4.1,,,0,,21100,32500,,94950000,94950000,,
5131.7,58400,262800000,268650000,5850000,274500000,22820317.5,43018412.7,5.7,9823.8,407.9,20.7,26900,25600,115200000,4.5,"2023-01-13T09:18:00.000Z",1673601480000,4.5,4.5,4.5,95.4,4.6,0,5.2,0.1,,0,1300,28200,61000,,126900000,121050000,5850000,
5131.7,57400,258300000,268650000,10350000,279000000,22820317.5,43018412.7,0.2,9823.8,407.9,0,,-1000,-4500000,4.5,"2023-01-13T09:20:00.000Z",1673601600000,4.5,4.5,4.5,0,100,0,,0.1,,Infinity,1000,1000,62000,,4500000,,4500000,
5131.7,36100,162450000,268650000,106200000,374850000,22820317.5,43018412.7,4.7,9823.8,407.9,0,,-21300,-95850000,4.5,"2023-01-13T09:22:00.000Z",1673601720000,4.5,4.5,4.5,0,100,0,,2.2,,Infinity,21300,21300,83300,,95850000,,95850000,
5131.7,36000,162010000,268650000,106640000,375290000,22820317.5,43018412.7,0,9823.8,407.9,0,,-100,-440000.00000000006,4.4,"2023-01-13T09:24:00.000Z",1673601840000,4.4,4.4,4.4,0,100,0,,0,,Infinity,100,100,83400,,440000.00000000006,,440000.00000000006,
5131.7,37700,169660000,276300000,106640000,382940000,22820317.5,43018412.7,0.4,9823.8,407.9,Infinity,1700,1700,7650000,4.5,"2023-01-13T09:26:00.000Z",1673601960000,4.5,4.5,4.5,100,0,0,0.3,,,0,,1700,85100,,7650000,7650000,,
5131.7,37600,169220000,276300000,107080000,383380000,22820317.5,43018412.7,0,9823.8,407.9,0,,-100,-440000.00000000006,4.4,"2023-01-13T09:28:00.000Z",1673602080000,4.4,4.4,4.4,0,100,0,,0,,Infinity,100,100,85200,,440000.00000000006,,440000.00000000006,
5131.7,37800,170150000,278550000,108400000,386950000,22820317.5,43018412.7,0,9823.8,407.9,1.7,500,200,930000,4.5,"2023-01-13T09:30:00.000Z",1673602200000,4.5,4.4,4.4,62.5,37.5,0,0.1,0,,0.6,300,800,86000,,3570000,2250000,1320000,
5131.7,10300,49149999.999999985,278550000,229400000,507950000,22820317.5,43018412.7,6,9823.8,407.9,0,,-27500,-121000000.00000001,4.4,"2023-01-13T09:34:00.000Z",1673602440000,4.4,4.4,4.4,0,100,0,,2.8,,Infinity,27500,27500,113500,,121000000.00000001,,121000000.00000001,
5131.7,10700,50959999.999999985,280800000,229840000,510640000,22820317.5,43018412.7,0.1,9823.8,407.9,5,500,400,1810000,4.5,"2023-01-13T09:36:00.000Z",1673602560000,4.5,4.4,4.4,83.3,16.7,0,0.1,0,,0.2,100,600,114100,,2690000,2250000,440000.00000000006,
5131.7,-105100,-458560000,312480000,771040000,1083520000,22820317.5,43018412.7,25.2,9823.8,407.9,0.1,7200,-115800,-509520000,4.4,"2023-01-13T09:38:00.000Z",1673602680000,4.4,4.4,4.4,5.5,94.5,0,1.4,12.5,,17.1,123000,130200,244300,,572880000,31680000,541200000,
5131.7,-89500,-389920000,412360000,802280000,1214640000,22820317.5,43018412.7,3.4,9823.8,407.9,3.2,22700,15600,68640000,4.4,"2023-01-13T09:40:00.000Z",1673602800000,4.4,4.4,4.4,76.2,23.8,0,4.4,0.7,,0.3,7100,29800,274100,,131120000,99880000,31240000.000000004,
5131.7,-90500,-394320000,412360000,806680000,1219040000,22820317.5,43018412.7,0.2,9823.8,407.9,0,,-1000,-4400000,4.4,"2023-01-13T09:42:00.000Z",1673602920000,4.4,4.4,4.4,0,100,0,,0.1,,Infinity,1000,1000,275100,,4400000,,4400000,
5131.7,-90400,-393870000,412810000,806680000,1219490000,22820317.5,43018412.7,0,9823.8,407.9,Infinity,100,100,450000,4.5,"2023-01-13T09:44:00.000Z",1673603040000,4.5,4.5,4.5,100,0,0,0,,,0,,100,275200,,450000,450000,,
5131.7,-90300,-393420000,413260000,806680000,1219940000,22820317.5,43018412.7,0,9823.8,407.9,Infinity,100,100,450000,4.5,"2023-01-13T10:02:00.000Z",1673604120000,4.5,4.5,4.5,100,0,0,0,,,0,,100,275300,,450000,450000,,
5131.7,-89000,-387570000,419110000,806680000,1225790000,22820317.5,43018412.7,0.3,9823.8,407.9,Infinity,1300,1300,5850000,4.5,"2023-01-13T10:08:00.000Z",1673604480000,4.5,4.5,4.5,100,0,0,0.3,,,0,,1300,276600,,5850000,5850000,,
5131.7,-87000,-378570000,428110000,806680000,1234790000,22820317.5,43018412.7,0.4,9823.8,407.9,Infinity,2000,2000,9000000,4.5,"2023-01-13T10:26:00.000Z",1673605560000,4.5,4.5,4.5,100,0,0,0.4,,,0,,2000,278600,,9000000,9000000,,
5131.7,-84300,-366420000,440260000,806680000,1246940000,22820317.5,43018412.7,0.6,9823.8,407.9,Infinity,2700,2700,12150000,4.5,"2023-01-13T10:28:00.000Z",1673605680000,4.5,4.5,4.5,100,0,0,0.5,,,0,,2700,281300,,12150000,12150000,,
5131.7,-100300,-436820000,440260000,877080000,1317340000,22820317.5,43018412.7,3.5,9823.8,407.9,0,,-16000,-70400000,4.4,"2023-01-13T10:30:00.000Z",1673605800000,4.4,4.4,4.4,0,100,0,,1.6,,Infinity,16000,16000,297300,,70400000,,70400000,
5131.7,-90300,-391820000,485260000,877080000,1362340000,22820317.5,43018412.7,2.2,9823.8,407.9,Infinity,10000,10000,45000000,4.5,"2023-01-13T10:38:00.000Z",1673606280000,4.5,4.5,4.5,100,0,0,1.9,,,0,,10000,307300,,45000000,45000000,,
5131.7,-89300,-387320000,489760000,877080000,1366840000,22820317.5,43018412.7,0.2,9823.8,407.9,Infinity,1000,1000,4500000,4.5,"2023-01-13T10:40:00.000Z",1673606400000,4.5,4.5,4.5,100,0,0,0.2,,,0,,1000,308300,,4500000,4500000,,
5131.7,-85300,-369320000,507760000,877080000,1384840000,22820317.5,43018412.7,0.9,9823.8,407.9,Infinity,4000,4000,18000000,4.5,"2023-01-13T10:48:00.000Z",1673606880000,4.5,4.5,4.5,100,0,0,0.8,,,0,,4000,312300,,18000000,18000000,,
5131.7,-85200,-368870000,508210000,877080000,1385290000,22820317.5,43018412.7,0,9823.8,407.9,Infinity,100,100,450000,4.5,"2023-01-13T10:58:00.000Z",1673607480000,4.5,4.5,4.5,100,0,0,0,,,0,,100,312400,,450000,450000,,
5131.7,-82200,-355370000,521710000,877080000,1398790000,22820317.5,43018412.7,0.7,9823.8,407.9,Infinity,3000,3000,13500000,4.5,"2023-01-13T11:00:00.000Z",1673607600000,4.5,4.5,4.5,100,0,0,0.6,,,0,,3000,315400,,13500000,13500000,,
5131.7,-87700,-379570000,521710000,901280000,1422990000,22820317.5,43018412.7,1.2,9823.8,407.9,0,,-5500,-24200000.000000004,4.4,"2023-01-13T11:04:00.000Z",1673607840000,4.4,4.4,4.4,0,100,0,,0.6,,Infinity,5500,5500,320900,,24200000.000000004,,24200000.000000004,
5131.7,-87500,-378670000,522610000,901280000,1423890000,22820317.5,43018412.7,0,9823.8,407.9,Infinity,200,200,900000,4.5,"2023-01-13T11:18:00.000Z",1673608680000,4.5,4.5,4.5,100,0,0,0,,,0,,200,321100,,900000,900000,,
5131.7,-33400,-135220000,766060000,901280000,1667340000,22820317.5,43018412.7,12.1,9823.8,407.9,Infinity,54100,54100,243450000,4.5,"2023-01-13T11:20:00.000Z",1673608800000,4.5,4.5,4.5,100,0,0,10.5,,,0,,54100,375200,,243450000,243450000,,
5131.7,-33200,-134320000,766960000,901280000,1668240000,22820317.5,43018412.7,0,9823.8,407.9,Infinity,200,200,900000,4.5,"2023-01-13T11:22:00.000Z",1673608920000,4.5,4.5,4.5,100,0,0,0,,,0,,200,375400,,900000,900000,,
5131.7,-30700,-123070000,778210000,901280000,1679490000,22820317.5,43018412.7,0.6,9823.8,407.9,Infinity,2500,2500,11250000,4.5,"2023-01-13T13:00:00.000Z",1673614800000,4.5,4.5,4.5,100,0,0,0.5,,,0,,2500,377900,,11250000,11250000,,
5131.7,-30200,-120820000,780460000,901280000,1681740000,22820317.5,43018412.7,0.1,9823.8,407.9,Infinity,500,500,2250000,4.5,"2023-01-13T13:04:00.000Z",1673615040000,4.5,4.5,4.5,100,0,0,0.1,,,0,,500,378400,,2250000,2250000,,
5131.7,-29500,-117670000,783610000,901280000,1684890000,22820317.5,43018412.7,0.2,9823.8,407.9,Infinity,700,700,3150000,4.5,"2023-01-13T13:08:00.000Z",1673615280000,4.5,4.5,4.5,100,0,0,0.1,,,0,,700,379100,,3150000,3150000,,
5131.7,-30300,-121190000,783610000,904800000,1688410000,22820317.5,43018412.7,0.2,9823.8,407.9,0,,-800,-3520000.0000000005,4.4,"2023-01-13T13:18:00.000Z",1673615880000,4.4,4.4,4.4,0,100,0,,0.1,,Infinity,800,800,379900,,3520000.0000000005,,3520000.0000000005,
5131.7,-29300,-116690000,788110000,904800000,1692910000,22820317.5,43018412.7,0.2,9823.8,407.9,Infinity,1000,1000,4500000,4.5,"2023-01-13T13:24:00.000Z",1673616240000,4.5,4.5,4.5,100,0,0,0.2,,,0,,1000,380900,,4500000,4500000,,
5131.7,-28800,-114440000,790360000,904800000,1695160000,22820317.5,43018412.7,0.1,9823.8,407.9,Infinity,500,500,2250000,4.5,"2023-01-13T13:28:00.000Z",1673616480000,4.5,4.5,4.5,100,0,0,0.1,,,0,,500,381400,,2250000,2250000,,
5131.7,-29800,-118640000,799360000,918000000,1717360000,22820317.5,43018412.7,0.2,9823.8,407.9,0.7,2000,-1000,-4200000.000000002,4.5,"2023-01-13T13:30:00.000Z",1673616600000,4.5,4.4,4.4,40,60,0,0.4,0.3,,1.5,3000,5000,386400,,22200000,9000000,13200000.000000002,
5131.7,-28000,-110540000,807460000,918000000,1725460000,22820317.5,43018412.7,0.4,9823.8,407.9,Infinity,1800,1800,8100000,4.5,"2023-01-13T13:32:00.000Z",1673616720000,4.5,4.5,4.5,100,0,0,0.4,,,0,,1800,388200,,8100000,8100000,,
5131.7,-27000,-106040000,811960000,918000000,1729960000,22820317.5,43018412.7,0.2,9823.8,407.9,Infinity,1000,1000,4500000,4.5,"2023-01-13T13:36:00.000Z",1673616960000,4.5,4.5,4.5,100,0,0,0.2,,,0,,1000,389200,,4500000,4500000,,
5131.7,-36700,-148690000,813310000,962000000,1775310000,22820317.5,43018412.7,2.1,9823.8,407.9,0,300,-9700,-42650000,4.4,"2023-01-13T13:48:00.000Z",1673617680000,4.5,4.4,4.5,2.9,97.1,0,0.1,1,,33.3,10000,10300,399500,,45350000,1350000,44000000,
5131.7,-37000,-150010000,813310000,963320000,1776630000,22820317.5,43018412.7,0.1,9823.8,407.9,0,,-300,-1320000,4.4,"2023-01-13T13:52:00.000Z",1673617920000,4.4,4.4,4.4,0,100,0,,0,,Infinity,300,300,399800,,1320000,,1320000,
5131.7,-37300,-151330000,813310000,964640000,1777950000,22820317.5,43018412.7,0.1,9823.8,407.9,0,,-300,-1320000,4.4,"2023-01-13T13:54:00.000Z",1673618040000,4.4,4.4,4.4,0,100,0,,0,,Infinity,300,300,400100,,1320000,,1320000,
5131.7,-41100,-168050000,813310000,981360000,1794670000,22820317.5,43018412.7,0.8,9823.8,407.9,0,,-3800,-16720000,4.4,"2023-01-13T13:58:00.000Z",1673618280000,4.4,4.4,4.4,0,100,0,,0.4,,Infinity,3800,3800,403900,,16720000,,16720000,
5131.7,-41500,-169810000,813310000,983120000,1796430000,22820317.5,43018412.7,0.1,9823.8,407.9,0,,-400,-1760000,4.4,"2023-01-13T14:00:00.000Z",1673618400000,4.4,4.4,4.4,0,100,0,,0,,Infinity,400,400,404300,,1760000,,1760000,
5131.7,-43600,-179050000,813310000,992360000,1805670000,22820317.5,43018412.7,0.5,9823.8,407.9,0,,-2100,-9240000,4.4,"2023-01-13T14:02:00.000Z",1673618520000,4.4,4.4,4.4,0,100,0,,0.2,,Infinity,2100,2100,406400,,9240000,,9240000,
5131.7,-365000,-1583870000,813310000,2397180000,3210490000,22820317.5,43018412.7,69.6,9823.8,407.9,0,,-321400,-1404820000,4.3,"2023-01-13T14:04:00.000Z",1673618640000,4.4,4.3,4.4,0,100,0,,32.7,,Infinity,321400,321400,727800,,1404820000,,1404820000,
5131.7,-409200,-1773350000,840150000,2613500000,3453650000,22820317.5,43018412.7,9.4,9823.8,407.9,0.1,6100,-44200,-189480000,4.4,"2023-01-13T14:06:00.000Z",1673618760000,4.4,4.3,4.4,10.8,89.2,0,1.2,5.1,,8.2,50300,56400,784200,,243160000,26840000,216320000,
5131.7,-408600,-1770710000,842790000,2613500000,3456290000,22820317.5,43018412.7,0.1,9823.8,407.9,Infinity,600,600,2640000,4.4,"2023-01-13T14:08:00.000Z",1673618880000,4.4,4.4,4.4,100,0,0,0.1,,,0,,600,784800,,2640000,2640000,,
5131.7,-418600,-1813710000,842790000,2656500000,3499290000,22820317.5,43018412.7,2.1,9823.8,407.9,0,,-10000,-43000000,4.3,"2023-01-13T14:10:00.000Z",1673619000000,4.3,4.3,4.3,0,100,0,,1,,Infinity,10000,10000,794800,,43000000,,43000000,
5131.7,-408600,-1769710000,886790000,2656500000,3543290000,22820317.5,43018412.7,2.2,9823.8,407.9,Infinity,10000,10000,44000000,4.4,"2023-01-13T14:12:00.000Z",1673619120000,4.4,4.4,4.4,100,0,0,1.9,,,0,,10000,804800,,44000000,44000000,,
5131.7,-408000,-1767070000,889430000,2656500000,3545930000,22820317.5,43018412.7,0.1,9823.8,407.9,Infinity,600,600,2640000,4.4,"2023-01-13T14:18:00.000Z",1673619480000,4.4,4.4,4.4,100,0,0,0.1,,,0,,600,805400,,2640000,2640000,,
5131.7,-408100,-1767490000,889870000,2657360000,3547230000,22820317.5,43018412.7,0,9823.8,407.9,0.5,100,-100,-419999.99999999994,4.3,"2023-01-13T14:22:00.000Z",1673619720000,4.4,4.3,4.4,33.3,66.7,0,0,0,,2,200,300,805700,,1300000,440000.00000000006,860000,
5131.7,-290600,-1250490000,1411270000,2661760000,4073030000,22820317.5,43018412.7,25.6,9823.8,407.9,118.5,118500,117500,517000000,4.4,"2023-01-13T14:24:00.000Z",1673619840000,4.4,4.4,4.4,99.2,0.8,0,23.1,0.1,,0,1000,119500,925200,,525800000,521400000,4400000,
5131.7,-284600,-1224080000,1437680000,2661760000,4099440000,22820317.5,43018412.7,1.3,9823.8,407.9,Infinity,6000,6000,26410000,4.5,"2023-01-13T14:26:00.000Z",1673619960000,4.5,4.4,4.4,100,0,0,1.2,,,0,,6000,931200,,26410000,26410000,,
5131.7,-295600,-1272480000,1437680000,2710160000,4147840000,22820317.5,43018412.7,2.4,9823.8,407.9,0,,-11000,-48400000,4.4,"2023-01-13T14:28:00.000Z",1673620080000,4.4,4.4,4.4,0,100,0,,1.1,,Infinity,11000,11000,942200,,48400000,,48400000,
5131.7,-295600,-1272480000,1437680000,2710160000,4260920000,22820317.5,43018412.7,0,9823.8,407.9,NaN,,0,0,4.4,"2023-01-13T14:44:00.000Z",1673621040000,4.4,4.4,4.4,0,0,100,,,63,NaN,,25700,967900,25700,113080000.00000001,,,113080000.00000001
