"abu","acum_busd","acum_busd_val","acum_val","asd","auk","bs","bu","bu-sd","bu-sd_val","c","date","datetime","h","l","o","pbu","psd","puk","rbu","rsd","ruk","sb","sd","sum_vol","total_vol","uk","val","val_bu","val_sd","val_uk"
391.7,-300,-630000,630000,1352.8,11.1,0,,-300,-630000,2.1,"2022-12-19T09:00:00.000Z",1671440400000,2.1,2.1,2.1,0,100,0,,0.2,,Infinity,300,300,300,,630000,,630000,
391.7,-200,-410000,850000,1352.8,11.1,Infinity,100,100,220000.00000000003,2.2,"2022-12-19T09:02:00.000Z",1671440520000,2.2,2.2,2.2,100,0,0,0.3,,,0,,100,400,,220000.00000000003,220000.00000000003,,
391.7,0,30000.00000000006,1290000,1352.8,11.1,Infinity,200,200,440000.00000000006,2.2,"2022-12-19T09:08:00.000Z",1671440880000,2.2,2.2,2.2,100,0,0,0.5,,,0,,200,600,,440000.00000000006,440000.00000000006,,
391.7,-1700,-3540000,4860000,1352.8,11.1,0,,-1700,-3570000,2.1,"2022-12-19T09:14:00.000Z",1671441240000,2.1,2.1,2.1,0,100,0,,1.3,,Infinity,1700,1700,2300,,3570000,,3570000,
391.7,-4600,-9630000,10950000,1352.8,11.1,0,,-2900,-6090000,2.1,"2022-12-19T09:20:00.000Z",1671441600000,2.1,2.1,2.1,0,100,0,,2.1,,Infinity,2900,2900,5200,,6090000,,6090000,
391.7,-900,-1860000,18720000,1352.8,11.1,Infinity,3700,3700,7770000,2.1,"2022-12-19T09:22:00.000Z",1671441720000,2.1,2.1,2.1,100,0,0,9.4,,,0,,3700,8900,,7770000,7770000,,
391.7,4800,10110000,30690000,1352.8,11.1,Infinity,5700,5700,11970000,2.1,"2022-12-19T09:24:00.000Z",1671441840000,2.1,2.1,2.1,100,0,0,14.6,,,0,,5700,14600,,11970000,11970000,,
391.7,4100,8640000,32160000,1352.8,11.1,0,,-700,-1470000,2.1,"2022-12-19T09:26:00.000Z",1671441960000,2.1,2.1,2.1,0,100,0,,0.5,,Infinity,700,700,15300,,1470000,,1470000,
391.7,3900,8250000,33870000,1352.8,11.1,0.6,300,-200,-390000,2.2,"2022-12-19T09:30:00.000Z",1671442200000,2.2,2.1,2.1,37.5,62.5,0,0.8,0.4,,1.7,500,800,16100,,1710000,660000,1050000,
391.7,-1100,-2250000,44370000,1352.8,11.1,0,,-5000,-10500000,2.1,"2022-12-19T09:54:00.000Z",1671443640000,2.1,2.1,2.1,0,100,0,,3.7,,Infinity,5000,5000,21100,,10500000,,10500000,
391.7,-6100,-12750000,54870000,1352.8,11.1,0,,-5000,-10500000,2.1,"2022-12-19T09:56:00.000Z",1671443760000,2.1,2.1,2.1,0,100,0,,3.7,,Infinity,5000,5000,26100,,10500000,,10500000,
391.7,-6200,-12960000,55080000,1352.8,11.1,0,,-100,-210000,2.1,"2022-12-19T10:14:00.000Z",1671444840000,2.1,2.1,2.1,0,100,0,,0.1,,Infinity,100,100,26200,,210000,,210000,
391.7,-7000,-14640000,56760000,1352.8,11.1,0,,-800,-1680000,2.1,"2022-12-19T10:22:00.000Z",1671445320000,2.1,2.1,2.1,0,100,0,,0.6,,Infinity,800,800,27000,,1680000,,1680000,
391.7,-7300,-15250000,58250000,1352.8,11.1,0.4,200,-300,-610000,2.2,"2022-12-19T10:26:00.000Z",1671445560000,2.2,2.1,2.1,28.6,71.4,0,0.5,0.4,,2.5,500,700,27700,,1490000,440000.00000000006,1050000,
391.7,-4900,-9970000,63530000,1352.8,11.1,Infinity,2400,2400,5280000,2.2,"2022-12-19T10:38:00.000Z",1671446280000,2.2,2.2,2.2,100,0,0,6.1,,,0,,2400,30100,,5280000,5280000,,
391.7,-4700,-9530000,63970000,1352.8,11.1,Infinity,200,200,440000.00000000006,2.2,"2022-12-19T10:42:00.000Z",1671446520000,2.2,2.2,2.2,100,0,0,0.5,,,0,,200,30300,,440000.00000000006,440000.00000000006,,
391.7,-4600,-9310000,64190000,1352.8,11.1,Infinity,100,100,220000.00000000003,2.2,"2022-12-19T10:50:00.000Z",1671447000000,2.2,2.2,2.2,100,0,0,0.3,,,0,,100,30400,,220000.00000000003,220000.00000000003,,
391.7,-4800,-9730000,64610000,1352.8,11.1,0,,-200,-420000,2.1,"2022-12-19T10:56:00.000Z",1671447360000,2.1,2.1,2.1,0,100,0,,0.1,,Infinity,200,200,30600,,420000,,420000,
391.7,-5700,-11620000,66500000,1352.8,11.1,0,,-900,-1890000,2.1,"2022-12-19T11:00:00.000Z",1671447600000,2.1,2.1,2.1,0,100,0,,0.7,,Infinity,900,900,31500,,1890000,,1890000,
391.7,-6800,-13930000,68810000,1352.8,11.1,0,,-1100,-2310000,2.1,"2022-12-19T11:04:00.000Z",1671447840000,2.1,2.1,2.1,0,100,0,,0.8,,Infinity,1100,1100,32600,,2310000,,2310000,
391.7,-7300,-14980000,69860000,1352.8,11.1,0,,-500,-1050000,2.1,"2022-12-19T11:06:00.000Z",1671447960000,2.1,2.1,2.1,0,100,0,,0.4,,Infinity,500,500,33100,,1050000,,1050000,
391.7,-7500,-15390000,70710000,1352.8,11.1,0.3,100,-200,-410000,2.2,"2022-12-19T13:00:00.000Z",1671454800000,2.2,2.1,2.1,25,75,0,0.3,0.2,,3,300,400,33500,,850000,220000.00000000003,630000,
391.7,-7700,-15810000,71130000,1352.8,11.1,0,,-200,-420000,2.1,"2022-12-19T13:10:00.000Z",1671455400000,2.1,2.1,2.1,0,100,0,,0.1,,Infinity,200,200,33700,,420000,,420000,
391.7,-8200,-16860000,72180000,1352.8,11.1,0,,-500,-1050000,2.1,"2022-12-19T13:12:00.000Z",1671455520000,2.1,2.1,2.1,0,100,0,,0.4,,Infinity,500,500,34200,,1050000,,1050000,
391.7,-8100,-16640000,72400000,1352.8,11.1,Infinity,100,100,220000.00000000003,2.2,"2022-12-19T13:18:00.000Z",1671455880000,2.2,2.2,2.2,100,0,0,0.3,,,0,,100,34300,,220000.00000000003,220000.00000000003,,
391.7,-13300,-27560000,83320000,1352.8,11.1,0,,-5200,-10920000,2.1,"2022-12-19T13:20:00.000Z",1671456000000,2.1,2.1,2.1,0,100,0,,3.8,,Infinity,5200,5200,39500,,10920000,,10920000,
391.7,-13400,-27770000,83530000,1352.8,11.1,0,,-100,-210000,2.1,"2022-12-19T13:24:00.000Z",1671456240000,2.1,2.1,2.1,0,100,0,,0.1,,Infinity,100,100,39600,,210000,,210000,
391.7,-23400,-48770000,104530000,1352.8,11.1,0,,-10000,-21000000,2.1,"2022-12-19T13:30:00.000Z",1671456600000,2.1,2.1,2.1,0,100,0,,7.4,,Infinity,10000,10000,49600,,21000000,,21000000,
391.7,-23700,-49400000,105160000,1352.8,11.1,0,,-300,-630000,2.1,"2022-12-19T13:50:00.000Z",1671457800000,2.1,2.1,2.1,0,100,0,,0.2,,Infinity,300,300,49900,,630000,,630000,
391.7,-24500,-51080000,106840000,1352.8,11.1,0,,-800,-1680000,2.1,"2022-12-19T13:56:00.000Z",1671458160000,2.1,2.1,2.1,0,100,0,,0.6,,Infinity,800,800,50700,,1680000,,1680000,
391.7,-29500,-61580000,117340000,1352.8,11.1,0,,-5000,-10500000,2.1,"2022-12-19T14:04:00.000Z",1671458640000,2.1,2.1,2.1,0,100,0,,3.7,,Infinity,5000,5000,55700,,10500000,,10500000,
391.7,-35500,-74180000,129940000,1352.8,11.1,0,,-6000,-12600000,2.1,"2022-12-19T14:06:00.000Z",1671458760000,2.1,2.1,2.1,0,100,0,,4.4,,Infinity,6000,6000,61700,,12600000,,12600000,
391.7,-35600,-74390000,130150000,1352.8,11.1,0,,-100,-210000,2.1,"2022-12-19T14:08:00.000Z",1671458880000,2.1,2.1,2.1,0,100,0,,0.1,,Infinity,100,100,61800,,210000,,210000,
391.7,-35400,-73970000,130570000,1352.8,11.1,Infinity,200,200,420000,2.1,"2022-12-19T14:12:00.000Z",1671459120000,2.1,2.1,2.1,100,0,0,0.5,,,0,,200,62000,,420000,420000,,
391.7,-34600,-72290000,132250000,1352.8,11.1,Infinity,800,800,1680000,2.1,"2022-12-19T14:24:00.000Z",1671459840000,2.1,2.1,2.1,100,0,0,2,,,0,,800,62800,,1680000,1680000,,
391.7,-34600,-72290000,133090000,1352.8,11.1,NaN,,0,0,2.1,"2022-12-19T14:44:00.000Z",1671461040000,2.1,2.1,2.1,0,0,100,,,36,NaN,,400,63200,400,840000,,,840000
