"abu","acum_busd","acum_busd_val","acum_val_bu","acum_val_sd","acum_val","avg_val_bu","avg_val_sd","rbusd","asd","auk","bs","bu","bu-sd","bu-sd_val","c","date","datetime","h","l","o","pbu","psd","puk","rbu","rsd","ruk","sb","sd","sum_vol","total_vol","uk","val","val_bu","val_sd","val_uk"
1145.3,100,314000,314000,0,314000,3541132.1,2400490.6,0.3,781.1,0,Infinity,100,100,314000,3.14,"2022-12-19T09:16:00.000Z",1671441360000,3.14,3.14,3.14,100,0,0,0.1,,,0,,100,100,,314000,314000,,
1145.3,0,3000,314000,311000,625000,3541132.1,2400490.6,0.3,781.1,0,0,,-100,-311000,3.11,"2022-12-19T09:24:00.000Z",1671441840000,3.11,3.11,3.11,0,100,0,,0.1,,Infinity,100,100,200,,311000,,311000,
1145.3,10000,31103000,31414000,311000,31725000,3541132.1,2400490.6,27.3,781.1,0,Infinity,10000,10000,31100000,3.11,"2022-12-19T09:30:00.000Z",1671442200000,3.11,3.11,3.11,100,0,0,8.7,,,0,,10000,10200,,31100000,31100000,,
1145.3,12000,37323000,37634000,311000,37945000,3541132.1,2400490.6,5.5,781.1,0,Infinity,2000,2000,6220000,3.11,"2022-12-19T09:32:00.000Z",1671442320000,3.11,3.11,3.11,100,0,0,1.7,,,0,,2000,12200,,6220000,6220000,,
1145.3,12100,37634000,37945000,311000,38256000,3541132.1,2400490.6,0.3,781.1,0,Infinity,100,100,311000,3.11,"2022-12-19T09:34:00.000Z",1671442440000,3.11,3.11,3.11,100,0,0,0.1,,,0,,100,12300,,311000,311000,,
1145.3,12200,37945000,38256000,311000,38567000,3541132.1,2400490.6,0.3,781.1,0,Infinity,100,100,311000,3.11,"2022-12-19T09:44:00.000Z",1671443040000,3.11,3.11,3.11,100,0,0,0.1,,,0,,100,12400,,311000,311000,,
1145.3,15500,48208000,48519000,311000,48830000,3541132.1,2400490.6,9,781.1,0,Infinity,3300,3300,10263000,3.11,"2022-12-19T09:48:00.000Z",1671443280000,3.11,3.11,3.11,100,0,0,2.9,,,0,,3300,15700,,10263000,10263000,,
1145.3,15800,49141000,49452000,311000,49763000,3541132.1,2400490.6,0.8,781.1,0,Infinity,300,300,933000,3.11,"2022-12-19T09:50:00.000Z",1671443400000,3.11,3.11,3.11,100,0,0,0.3,,,0,,300,16000,,933000,933000,,
1145.3,18600,57849000,58160000,311000,58471000,3541132.1,2400490.6,7.6,781.1,0,Infinity,2800,2800,8708000,3.11,"2022-12-19T09:54:00.000Z",1671443640000,3.11,3.11,3.11,100,0,0,2.4,,,0,,2800,18800,,8708000,8708000,,
1145.3,19100,59404000,59715000,311000,60026000,3541132.1,2400490.6,1.4,781.1,0,Infinity,500,500,1555000,3.11,"2022-12-19T10:00:00.000Z",1671444000000,3.11,3.11,3.11,100,0,0,0.4,,,0,,500,19300,,1555000,1555000,,
1145.3,14900,46509000,59715000,13206000,72921000,3541132.1,2400490.6,11.3,781.1,0,0,,-4200,-12895000,3.05,"2022-12-19T10:08:00.000Z",1671444480000,3.1,3.05,3.1,0,100,0,,5.4,,Infinity,4200,4200,23500,,12895000,,12895000,
1145.3,7100,22722000,60026000,37304000,97330000,3541132.1,2400490.6,20.9,781.1,0,0,100,-7800,-23787000,3.05,"2022-12-19T10:10:00.000Z",1671444600000,3.11,3.05,3.11,1.3,98.8,0,0.1,10.1,,79,7900,8000,31500,,24409000,311000,24098000,
1145.3,13400,41937000,79241000,37304000,116545000,3541132.1,2400490.6,16.8,781.1,0,Infinity,6300,6300,19215000,3.05,"2022-12-19T10:12:00.000Z",1671444720000,3.05,3.05,3.05,100,0,0,5.5,,,0,,6300,37800,,19215000,19215000,,
1145.3,13700,42867000,80171000,37304000,117475000,3541132.1,2400490.6,0.8,781.1,0,Infinity,300,300,930000,3.1,"2022-12-19T10:22:00.000Z",1671445320000,3.1,3.1,3.1,100,0,0,0.3,,,0,,300,38100,,930000,930000,,
1145.3,13800,43176000,80480000,37304000,117784000,3541132.1,2400490.6,0.3,781.1,0,Infinity,100,100,309000,3.09,"2022-12-19T10:30:00.000Z",1671445800000,3.09,3.09,3.09,100,0,0,0.1,,,0,,100,38200,,309000,309000,,
1145.3,14300,44723000,82643000,37920000,120563000,3541132.1,2400490.6,1.4,781.1,0,3.5,700,500,1547000,3.08,"2022-12-19T10:32:00.000Z",1671445920000,3.09,3.08,3.09,77.8,22.2,0,0.6,0.3,,0.3,200,900,39100,,2779000,2163000,616000,
1145.3,14700,45965000,85733000,39768000,125501000,3541132.1,2400490.6,1.1,781.1,0,1.7,1000,400,1242000,3.08,"2022-12-19T10:34:00.000Z",1671446040000,3.09,3.08,3.09,62.5,37.5,0,0.9,0.8,,0.6,600,1600,40700,,4938000,3090000,1848000,
1145.3,13900,43501000,85733000,42232000,127965000,3541132.1,2400490.6,2.2,781.1,0,0,,-800,-2464000,3.08,"2022-12-19T10:36:00.000Z",1671446160000,3.08,3.08,3.08,0,100,0,,1,,Infinity,800,800,41500,,2464000,,2464000,
1145.3,18300,57097000,99329000,42232000,141561000,3541132.1,2400490.6,11.9,781.1,0,Infinity,4400,4400,13596000,3.09,"2022-12-19T10:40:00.000Z",1671446400000,3.09,3.09,3.09,100,0,0,3.8,,,0,,4400,45900,,13596000,13596000,,
1145.3,21600,67344000,111430000,44086000,155516000,3541132.1,2400490.6,9,781.1,0,6.5,3900,3300,10247000,3.09,"2022-12-19T10:44:00.000Z",1671446640000,3.11,3.09,3.09,86.7,13.3,0,3.4,0.8,,0.2,600,4500,50400,,13955000,12101000,1854000,
1145.3,23300,72597000,116683000,44086000,160769000,3541132.1,2400490.6,4.6,781.1,0,Infinity,1700,1700,5253000,3.09,"2022-12-19T10:46:00.000Z",1671446760000,3.09,3.09,3.09,100,0,0,1.5,,,0,,1700,52100,,5253000,5253000,,
1145.3,29700,92373000,136459000,44086000,180545000,3541132.1,2400490.6,17.3,781.1,0,Infinity,6400,6400,19776000,3.09,"2022-12-19T10:50:00.000Z",1671447000000,3.09,3.09,3.09,100,0,0,5.6,,,0,,6400,58500,,19776000,19776000,,
1145.3,31600,98244000,142330000,44086000,186416000,3541132.1,2400490.6,5.1,781.1,0,Infinity,1900,1900,5871000,3.09,"2022-12-19T10:52:00.000Z",1671447120000,3.09,3.09,3.09,100,0,0,1.7,,,0,,1900,60400,,5871000,5871000,,
1145.3,30300,94227000,142330000,48103000,190433000,3541132.1,2400490.6,3.5,781.1,0,0,,-1300,-4017000,3.09,"2022-12-19T10:56:00.000Z",1671447360000,3.09,3.09,3.09,0,100,0,,1.7,,Infinity,1300,1300,61700,,4017000,,4017000,
1145.3,28800,89592000,142330000,52738000,195068000,3541132.1,2400490.6,4.1,781.1,0,0,,-1500,-4635000,3.09,"2022-12-19T11:08:00.000Z",1671448080000,3.09,3.09,3.09,0,100,0,,1.9,,Infinity,1500,1500,63200,,4635000,,4635000,
1145.3,28700,89284000,142330000,53046000,195376000,3541132.1,2400490.6,0.3,781.1,0,0,,-100,-308000,3.08,"2022-12-19T11:12:00.000Z",1671448320000,3.08,3.08,3.08,0,100,0,,0.1,,Infinity,100,100,63300,,308000,,308000,
1145.3,30600,95155000,148201000,53046000,201247000,3541132.1,2400490.6,5.1,781.1,0,Infinity,1900,1900,5871000,3.09,"2022-12-19T11:14:00.000Z",1671448440000,3.09,3.09,3.09,100,0,0,1.7,,,0,,1900,65200,,5871000,5871000,,
1145.3,34500,107206000,160252000,53046000,213298000,3541132.1,2400490.6,10.6,781.1,0,Infinity,3900,3900,12051000,3.09,"2022-12-19T11:16:00.000Z",1671448560000,3.09,3.09,3.09,100,0,0,3.4,,,0,,3900,69100,,12051000,12051000,,
1145.3,36600,113695000,166741000,53046000,219787000,3541132.1,2400490.6,5.7,781.1,0,Infinity,2100,2100,6489000,3.09,"2022-12-19T11:18:00.000Z",1671448680000,3.09,3.09,3.09,100,0,0,1.8,,,0,,2100,71200,,6489000,6489000,,
1145.3,38000,118011000,171673000,53662000,225335000,3541132.1,2400490.6,3.8,781.1,0,8,1600,1400,4316000,3.08,"2022-12-19T11:22:00.000Z",1671448920000,3.09,3.08,3.08,88.9,11.1,0,1.4,0.3,,0.1,200,1800,73000,,5548000,4932000,616000,
1145.3,37800,117393000,171673000,54280000,225953000,3541132.1,2400490.6,0.5,781.1,0,0,,-200,-618000,3.09,"2022-12-19T11:24:00.000Z",1671449040000,3.09,3.09,3.09,0,100,0,,0.3,,Infinity,200,200,73200,,618000,,618000,
1145.3,37700,117084000,171673000,54589000,226262000,3541132.1,2400490.6,0.3,781.1,0,0,,-100,-309000,3.09,"2022-12-19T13:00:00.000Z",1671454800000,3.09,3.09,3.09,0,100,0,,0.1,,Infinity,100,100,73300,,309000,,309000,
1145.3,37100,115231000,171983000,56752000,228735000,3541132.1,2400490.6,1.6,781.1,0,0.1,100,-600,-1853000,3.1,"2022-12-19T13:08:00.000Z",1671455280000,3.1,3.09,3.09,12.5,87.5,0,0.1,0.9,,7,700,800,74100,,2473000,310000,2163000,
1145.3,37200,115541000,172293000,56752000,229045000,3541132.1,2400490.6,0.3,781.1,0,Infinity,100,100,310000,3.1,"2022-12-19T13:10:00.000Z",1671455400000,3.1,3.1,3.1,100,0,0,0.1,,,0,,100,74200,,310000,310000,,
1145.3,36000,111821000,172293000,60472000,232765000,3541132.1,2400490.6,3.3,781.1,0,0,,-1200,-3720000,3.1,"2022-12-19T13:14:00.000Z",1671455640000,3.1,3.1,3.1,0,100,0,,1.5,,Infinity,1200,1200,75400,,3720000,,3720000,
1145.3,36200,112447000,172919000,60472000,233391000,3541132.1,2400490.6,0.5,781.1,0,Infinity,200,200,626000,3.13,"2022-12-19T13:16:00.000Z",1671455760000,3.13,3.13,3.13,100,0,0,0.2,,,0,,200,75600,,626000,626000,,
1145.3,35700,110887000,174489000,63602000,238091000,3541132.1,2400490.6,1.4,781.1,0,0.5,500,-500,-1560000,3.13,"2022-12-19T13:18:00.000Z",1671455880000,3.14,3.13,3.14,33.3,66.7,0,0.4,1.3,,2,1000,1500,77100,,4700000,1570000,3130000,
1145.3,35100,109027000,174489000,65462000,239951000,3541132.1,2400490.6,1.6,781.1,0,0,,-600,-1860000,3.1,"2022-12-19T13:26:00.000Z",1671456360000,3.1,3.1,3.1,0,100,0,,0.8,,Infinity,600,600,77700,,1860000,,1860000,
1145.3,35000,108717000,174489000,65772000,240261000,3541132.1,2400490.6,0.3,781.1,0,0,,-100,-310000,3.1,"2022-12-19T13:32:00.000Z",1671456720000,3.1,3.1,3.1,0,100,0,,0.1,,Infinity,100,100,77800,,310000,,310000,
1145.3,33800,104997000,174489000,69492000,243981000,3541132.1,2400490.6,3.3,781.1,0,0,,-1200,-3720000,3.1,"2022-12-19T13:38:00.000Z",1671457080000,3.1,3.1,3.1,0,100,0,,1.5,,Infinity,1200,1200,79000,,3720000,,3720000,
1145.3,33200,103137000,174489000,71352000,245841000,3541132.1,2400490.6,1.6,781.1,0,0,,-600,-1860000,3.1,"2022-12-19T13:40:00.000Z",1671457200000,3.1,3.1,3.1,0,100,0,,0.8,,Infinity,600,600,79600,,1860000,,1860000,
1145.3,33600,104386000,176049000,71663000,247712000,3541132.1,2400490.6,1.1,781.1,0,5,500,400,1249000,3.12,"2022-12-19T13:46:00.000Z",1671457560000,3.12,3.11,3.11,83.3,16.7,0,0.4,0.1,,0.2,100,600,80200,,1871000,1560000,311000,
1145.3,33800,105010000,176673000,71663000,248336000,3541132.1,2400490.6,0.5,781.1,0,Infinity,200,200,624000,3.12,"2022-12-19T13:56:00.000Z",1671458160000,3.12,3.12,3.12,100,0,0,0.2,,,0,,200,80400,,624000,624000,,
1145.3,34200,106258000,177921000,71663000,249584000,3541132.1,2400490.6,1.1,781.1,0,Infinity,400,400,1248000,3.12,"2022-12-19T14:04:00.000Z",1671458640000,3.12,3.12,3.12,100,0,0,0.3,,,0,,400,80800,,1248000,1248000,,
1145.3,32400,100642000,177921000,77279000,255200000,3541132.1,2400490.6,4.9,781.1,0,0,,-1800,-5616000,3.12,"2022-12-19T14:08:00.000Z",1671458880000,3.12,3.12,3.12,0,100,0,,2.3,,Infinity,1800,1800,82600,,5616000,,5616000,
1145.3,31800,98782000,177921000,79139000,257060000,3541132.1,2400490.6,1.6,781.1,0,0,,-600,-1860000,3.1,"2022-12-19T14:10:00.000Z",1671459000000,3.1,3.1,3.1,0,100,0,,0.8,,Infinity,600,600,83200,,1860000,,1860000,
1145.3,28800,89482000,177921000,88439000,266360000,3541132.1,2400490.6,8.2,781.1,0,0,,-3000,-9300000,3.1,"2022-12-19T14:12:00.000Z",1671459120000,3.1,3.1,3.1,0,100,0,,3.8,,Infinity,3000,3000,86200,,9300000,,9300000,
1145.3,28900,89792000,178231000,88439000,266670000,3541132.1,2400490.6,0.3,781.1,0,Infinity,100,100,310000,3.1,"2022-12-19T14:16:00.000Z",1671459360000,3.1,3.1,3.1,100,0,0,0.1,,,0,,100,86300,,310000,310000,,
1145.3,18900,59218000,178231000,119013000,297244000,3541132.1,2400490.6,26.8,781.1,0,0,,-10000,-30574000,3.05,"2022-12-19T14:18:00.000Z",1671459480000,3.09,3.05,3.09,0,100,0,,12.8,,Infinity,10000,10000,96300,,30574000,,30574000,
1145.3,19300,60434000,180055000,119621000,299676000,3541132.1,2400490.6,1.1,781.1,0,3,600,400,1216000,3.04,"2022-12-19T14:20:00.000Z",1671459600000,3.04,3.04,3.04,75,25,0,0.5,0.3,,0.3,200,800,97100,,2432000,1824000,608000,
1145.3,18800,58909000,180055000,121146000,301201000,3541132.1,2400490.6,1.3,781.1,0,0,,-500,-1525000,3.05,"2022-12-19T14:24:00.000Z",1671459840000,3.05,3.05,3.05,0,100,0,,0.6,,Infinity,500,500,97600,,1525000,,1525000,
1145.3,21300,66534000,187680000,121146000,308826000,3541132.1,2400490.6,6.7,781.1,0,Infinity,2500,2500,7625000,3.05,"2022-12-19T14:26:00.000Z",1671459960000,3.05,3.05,3.05,100,0,0,2.2,,,0,,2500,100100,,7625000,7625000,,
1145.3,19300,60454000,187680000,127226000,314906000,3541132.1,2400490.6,5.3,781.1,0,0,,-2000,-6080000,3.04,"2022-12-19T14:44:00.000Z",1671461040000,3.04,3.04,3.04,0,100,0,,2.6,,Infinity,2000,2000,102100,,6080000,,6080000,
