"abu","acum_busd","acum_busd_val","acum_val","asd","auk","bs","bu","bu-sd","bu-sd_val","c","date","datetime","h","l","o","pbu","psd","puk","rbu","rsd","ruk","sb","sd","sum_vol","total_vol","uk","val","val_bu","val_sd","val_uk"
607.4,-300,-13200,13200,322.2,18.5,0,,-300,-13200,44,"2022-12-19T09:14:00.000Z",1671441240000,44,44,44,0,100,0,,0.9,,Infinity,300,300,300,,13200,,13200,
607.4,-300,-13200,22063200,322.2,18.5,NaN,,0,0,44.1,"2022-12-19T09:26:00.000Z",1671441960000,44.1,44.1,44.1,0,0,100,,,27,NaN,,500,800,500,22050000,,,22050000
607.4,5100,240801800,262878200,322.2,18.5,Infinity,5400,5400,240815000,44.6,"2022-12-19T09:38:00.000Z",1671442680000,44.6,44.55,44.55,100,0,0,8.9,,,0,,5400,6200,,240815000,240815000,,
607.4,5000,236341800,267338200,322.2,18.5,0,,-100,-4460000,44.6,"2022-12-19T09:40:00.000Z",1671442800000,44.6,44.6,44.6,0,100,0,,0.3,,Infinity,100,100,6300,,4460000,,4460000,
607.4,4000,191791800,311888200,322.2,18.5,0,,-1000,-44550000,44.55,"2022-12-19T09:42:00.000Z",1671442920000,44.55,44.55,44.55,0,100,0,,3.1,,Infinity,1000,1000,7300,,44550000,,44550000,
607.4,5000,236636800,356733200,322.2,18.5,Infinity,1000,1000,44845000,44.85,"2022-12-19T09:44:00.000Z",1671443040000,44.9,44.75,44.85,100,0,0,1.6,,,0,,1000,8300,,44845000,44845000,,
607.4,4800,227716800,365653200,322.2,18.5,0,,-200,-8920000,44.6,"2022-12-19T10:04:00.000Z",1671444240000,44.6,44.6,44.6,0,100,0,,0.6,,Infinity,200,200,8500,,8920000,,8920000,
607.4,5800,272316800,410253200,322.2,18.5,Infinity,1000,1000,44600000,44.6,"2022-12-19T10:10:00.000Z",1671444600000,44.6,44.6,44.6,100,0,0,1.6,,,0,,1000,9500,,44600000,44600000,,
607.4,5900,276776800,414713200,322.2,18.5,Infinity,100,100,4460000,44.6,"2022-12-19T10:20:00.000Z",1671445200000,44.6,44.6,44.6,100,0,0,0.2,,,0,,100,9600,,4460000,4460000,,
607.4,5700,268046800,538623200,322.2,18.5,0.9,1300,-200,-8730000,44.3,"2022-12-19T10:28:00.000Z",1671445680000,44.3,44.2,44.3,46.4,53.6,0,2.1,4.7,,1.2,1500,2800,12400,,123910000,57590000,66320000,
607.4,5400,254816800,569493200,322.2,18.5,0.4,200,-300,-13230000,44.1,"2022-12-19T10:30:00.000Z",1671445800000,44.1,44.1,44.1,28.6,71.4,0,0.3,1.6,,2.5,500,700,13100,,30870000,8820000,22050000,
607.4,5500,259271800,573948200,322.2,18.5,Infinity,100,100,4455000,44.55,"2022-12-19T10:46:00.000Z",1671446760000,44.55,44.55,44.55,100,0,0,0.2,,,0,,100,13200,,4455000,4455000,,
607.4,5600,263721800,578398200,322.2,18.5,Infinity,100,100,4450000,44.5,"2022-12-19T10:54:00.000Z",1671447240000,44.5,44.5,44.5,100,0,0,0.2,,,0,,100,13300,,4450000,4450000,,
607.4,5800,272626800,587303200,322.2,18.5,Infinity,200,200,8905000,44.55,"2022-12-19T10:58:00.000Z",1671447480000,44.55,44.5,44.5,100,0,0,0.3,,,0,,200,13500,,8905000,8905000,,
607.4,5600,263756800,596173200,322.2,18.5,0,,-200,-8870000,44.3,"2022-12-19T13:44:00.000Z",1671457440000,44.4,44.3,44.4,0,100,0,,0.6,,Infinity,200,200,13700,,8870000,,8870000,
607.4,5900,277046800,618323200,322.2,18.5,4,400,300,13290000,44.3,"2022-12-19T13:46:00.000Z",1671457560000,44.3,44.3,44.3,80,20,0,0.7,0.3,,0.3,100,500,14200,,22150000,17720000,4430000,
607.4,6300,294801800,636078200,322.2,18.5,Infinity,400,400,17755000,44.4,"2022-12-19T13:54:00.000Z",1671458040000,44.4,44.35,44.35,100,0,0,0.7,,,0,,400,14600,,17755000,17755000,,
607.4,7200,334811800,684968200,322.2,18.5,10,1000,900,40010000,44.4,"2022-12-19T13:56:00.000Z",1671458160000,44.45,44.4,44.45,90.9,9.1,0,1.6,0.3,,0.1,100,1100,15700,,48890000,44450000,4440000,
607.4,8100,374751800,724908200,322.2,18.5,Infinity,900,900,39940000,44.4,"2022-12-19T14:00:00.000Z",1671458400000,44.4,44.3,44.3,100,0,0,1.5,,,0,,900,16600,,39940000,39940000,,
607.4,8200,379196800,729353200,322.2,18.5,Infinity,100,100,4445000,44.45,"2022-12-19T14:06:00.000Z",1671458760000,44.45,44.45,44.45,100,0,0,0.2,,,0,,100,16700,,4445000,4445000,,
607.4,6500,304226800,804323200,322.2,18.5,0,,-1700,-74970000,44.1,"2022-12-19T14:10:00.000Z",1671459000000,44.1,44.1,44.1,0,100,0,,5.3,,Infinity,1700,1700,18400,,74970000,,74970000,
607.4,6600,308636800,808733200,322.2,18.5,Infinity,100,100,4410000,44.1,"2022-12-19T14:12:00.000Z",1671459120000,44.1,44.1,44.1,100,0,0,0.2,,,0,,100,18500,,4410000,4410000,,
607.4,6700,313076800,813173200,322.2,18.5,Infinity,100,100,4440000,44.4,"2022-12-19T14:14:00.000Z",1671459240000,44.4,44.4,44.4,100,0,0,0.2,,,0,,100,18600,,4440000,4440000,,
607.4,7900,366356800,866453200,322.2,18.5,Infinity,1200,1200,53280000,44.4,"2022-12-19T14:22:00.000Z",1671459720000,44.4,44.4,44.4,100,0,0,2,,,0,,1200,19800,,53280000,53280000,,
607.4,7600,353336800,941633200,322.2,18.5,0.7,700,-300,-13020000,44.4,"2022-12-19T14:26:00.000Z",1671459960000,44.4,44.1,44.1,41.2,58.8,0,1.2,3.1,,1.4,1000,1700,21500,,75180000,31080000,44100000,
607.4,5600,353248800,941721200,322.2,18.5,0,,-2000,-88000,44,"2022-12-19T14:28:00.000Z",1671460080000,44,44,44,0,100,0,,6.2,,Infinity,2000,2000,23500,,88000,,88000,
607.4,7700,446488800,1034961200,322.2,18.5,Infinity,2100,2100,93240000,44.4,"2022-12-19T14:44:00.000Z",1671461040000,44.4,44.4,44.4,100,0,0,3.5,,,0,,2100,25600,,93240000,93240000,,
