"abu","acum_busd","acum_busd_val","acum_val_bu","acum_val_sd","acum_val","avg_val_bu","avg_val_sd","rbusd","asd","auk","bs","bu","bu-sd","bu-sd_val","c","date","datetime","h","l","o","pbu","psd","puk","rbu","rsd","ruk","sb","sd","sum_vol","total_vol","uk","val","val_bu","val_sd","val_uk"
281.3,100,770000,770000,0,770000,2184375,1245625,0.8,162.5,800,Infinity,100,100,770000,7.7,"2023-02-08T09:10:00.000Z",1675847400000,7.7,7.7,7.7,100,0,0,0.4,,,0,,100,100,,770000,770000,,
281.3,1000,7700000,7700000,0,7700000,2184375,1245625,7.4,162.5,800,Infinity,900,900,6930000,7.7,"2023-02-08T09:12:00.000Z",1675847520000,7.7,7.7,7.7,100,0,0,3.2,,,0,,900,1000,,6930000,6930000,,
281.3,1000,7700000,7700000,0,85300000,2184375,1245625,0,162.5,800,NaN,,0,0,7.8,"2023-02-08T09:50:00.000Z",1675849800000,7.8,7.7,7.7,0,0,100,,,12.5,NaN,,10000,11000,10000,77600000,,,77600000
281.3,3000,23300000,23300000,0,100900000,2184375,1245625,16.6,162.5,800,Infinity,2000,2000,15600000,7.8,"2023-02-08T10:00:00.000Z",1675850400000,7.8,7.8,7.8,100,0,0,7.1,,,0,,2000,13000,,15600000,15600000,,
281.3,3000,23300000,23300000,0,107140000,2184375,1245625,0,162.5,800,NaN,,0,0,7.8,"2023-02-08T10:06:00.000Z",1675850760000,7.8,7.8,7.8,0,0,100,,,1,NaN,,800,13800,800,6240000,,,6240000
281.3,2900,22520000,23300000,780000,107920000,2184375,1245625,0.8,162.5,800,0,,-100,-780000,7.8,"2023-02-08T10:08:00.000Z",1675850880000,7.8,7.8,7.8,0,100,0,,0.6,,Infinity,100,100,13900,,780000,,780000,
281.3,3000,23310000,24090000,780000,108710000,2184375,1245625,0.8,162.5,800,Infinity,100,100,790000,7.9,"2023-02-08T10:14:00.000Z",1675851240000,7.9,7.9,7.9,100,0,0,0.4,,,0,,100,14000,,790000,790000,,
281.3,3000,23310000,24090000,780000,116410000,2184375,1245625,0,162.5,800,NaN,,0,0,7.7,"2023-02-08T11:24:00.000Z",1675855440000,7.7,7.7,7.7,0,0,100,,,1.3,NaN,,1000,15000,1000,7700000,,,7700000
281.3,2000,15610000,24090000,8480000,124110000,2184375,1245625,8.2,162.5,800,0,,-1000,-7700000,7.7,"2023-02-08T13:04:00.000Z",1675861440000,7.7,7.7,7.7,0,100,0,,6.2,,Infinity,1000,1000,16000,,7700000,,7700000,
281.3,2600,20230000,28710000,8480000,131810000,2184375,1245625,4.9,162.5,800,Infinity,600,600,4620000,7.7,"2023-02-08T13:20:00.000Z",1675862400000,7.7,7.7,7.7,60,0,40,2.1,,0.5,0,,1000,17000,400,7700000,4620000,,3080000
281.3,1600,12630000,28710000,16080000,139410000,2184375,1245625,8.1,162.5,800,0,,-1000,-7600000,7.6,"2023-02-08T13:24:00.000Z",1675862640000,7.6,7.6,7.6,0,100,0,,6.2,,Infinity,1000,1000,18000,,7600000,,7600000,
281.3,1600,12630000,28710000,16080000,143260000,2184375,1245625,0,162.5,800,NaN,,0,0,7.7,"2023-02-08T13:30:00.000Z",1675863000000,7.7,7.7,7.7,0,0,100,,,0.6,NaN,,500,18500,500,3850000,,,3850000
281.3,1700,13410000,29490000,16080000,144040000,2184375,1245625,0.8,162.5,800,Infinity,100,100,780000,7.8,"2023-02-08T13:34:00.000Z",1675863240000,7.8,7.8,7.8,100,0,0,0.4,,,0,,100,18600,,780000,780000,,
281.3,1200,9560000,29490000,19930000,148660000,2184375,1245625,4.1,162.5,800,0,,-500,-3850000,7.7,"2023-02-08T14:08:00.000Z",1675865280000,7.7,7.7,7.7,0,83.3,16.7,,3.1,0.1,Infinity,500,600,19200,100,4620000,,3850000,770000
281.3,1300,10340000,30270000,19930000,149440000,2184375,1245625,0.8,162.5,800,Infinity,100,100,780000,7.8,"2023-02-08T14:12:00.000Z",1675865520000,7.8,7.8,7.8,100,0,0,0.4,,,0,,100,19300,,780000,780000,,
281.3,1900,15020000,34950000,19930000,154120000,2184375,1245625,5,162.5,800,Infinity,600,600,4680000,7.8,"2023-02-08T14:44:00.000Z",1675867440000,7.8,7.8,7.8,100,0,0,2.1,,,0,,600,19900,,4680000,4680000,,
