"abu","acum_busd","acum_busd_val","acum_val_bu","acum_val_sd","acum_val","avg_val_bu","avg_val_sd","rbusd","asd","auk","bs","bu","bu-sd","bu-sd_val","c","date","datetime","h","l","o","pbu","psd","puk","rbu","rsd","ruk","sb","sd","sum_vol","total_vol","uk","val","val_bu","val_sd","val_uk"
456.7,300,24360000,24360000,0,24360000,25195046.7,51163346.7,0.9,746.7,1368.3,Infinity,300,300,24360000,81.2,"2023-01-12T09:14:00.000Z",1673514840000,81.2,81.2,81.2,100,0,0,0.7,,,0,,300,300,,24360000,24360000,,
456.7,-200,-16240000,24360000,40600000,64960000,25195046.7,51163346.7,1.6,746.7,1368.3,0,,-500,-40600000,81.2,"2023-01-12T09:20:00.000Z",1673515200000,81.2,81.2,81.2,0,100,0,,0.7,,Infinity,500,500,800,,40600000,,40600000,
456.7,-1500,-121760000,24360000,146120000,170480000,25195046.7,51163346.7,4.1,746.7,1368.3,0,,-1300,-105520000,81.1,"2023-01-12T09:28:00.000Z",1673515680000,81.2,81.1,81.2,0,100,0,,1.7,,Infinity,1300,1300,2100,,105520000,,105520000,
456.7,-1400,-113640000,32480000,146120000,178600000,25195046.7,51163346.7,0.3,746.7,1368.3,Infinity,100,100,8120000,81.2,"2023-01-12T09:34:00.000Z",1673516040000,81.2,81.2,81.2,100,0,0,0.2,,,0,,100,2200,,8120000,8120000,,
456.7,-1000,-81160000,64960000,146120000,211080000,25195046.7,51163346.7,1.3,746.7,1368.3,Infinity,400,400,32480000,81.2,"2023-01-12T09:36:00.000Z",1673516160000,81.2,81.2,81.2,100,0,0,0.9,,,0,,400,2600,,32480000,32480000,,
456.7,-500,-40560000,105560000,146120000,251680000,25195046.7,51163346.7,1.6,746.7,1368.3,Infinity,500,500,40600000,81.2,"2023-01-12T09:40:00.000Z",1673516400000,81.2,81.2,81.2,100,0,0,1.1,,,0,,500,3100,,40600000,40600000,,
456.7,-1300,-105440000,105560000,211000000,316560000,25195046.7,51163346.7,2.5,746.7,1368.3,0,,-800,-64880000,81.1,"2023-01-12T09:54:00.000Z",1673517240000,81.1,81.1,81.1,0,100,0,,1.1,,Infinity,800,800,3900,,64880000,,64880000,
456.7,-1200,-97320000,113680000,211000000,324680000,25195046.7,51163346.7,0.3,746.7,1368.3,Infinity,100,100,8120000,81.2,"2023-01-12T09:56:00.000Z",1673517360000,81.2,81.2,81.2,100,0,0,0.2,,,0,,100,4000,,8120000,8120000,,
456.7,-2600,-97423400,121800000,219223400,341023400,25195046.7,51163346.7,0,746.7,1368.3,0.1,100,-1400,-103399.99999999907,81,"2023-01-12T09:58:00.000Z",1673517480000,81.2,81,81.2,6.3,93.8,0,0.2,2,,15,1500,1600,5600,,16343400,8120000,8223399.999999999,
456.7,-4100,-97544900,121800000,219344900,341144900,25195046.7,51163346.7,0,746.7,1368.3,0,,-1500,-121500,81,"2023-01-12T10:06:00.000Z",1673517960000,81,81,81,0,100,0,,2,,Infinity,1500,1500,7100,,121500,,121500,
456.7,-4300,-97561100,121800000,219361100,341161100,25195046.7,51163346.7,0,746.7,1368.3,0,,-200,-16200,81,"2023-01-12T10:08:00.000Z",1673518080000,81,81,81,0,100,0,,0.3,,Infinity,200,200,7300,,16200,,16200,
456.7,-4200,-105634900,121816200,227451100,349267300,25195046.7,51163346.7,0.3,746.7,1368.3,2,200,100,-8073800.000000001,81,"2023-01-12T10:18:00.000Z",1673518680000,81,80.9,81,66.7,33.3,0,0.4,0.1,,0.5,100,300,7600,,8106200.000000001,16200,8090000.000000001,
456.7,-3700,-105594400,121856700,227451100,349307800,25195046.7,51163346.7,0,746.7,1368.3,Infinity,500,500,40500,81,"2023-01-12T10:20:00.000Z",1673518800000,81,81,81,100,0,0,1.1,,,0,,500,8100,,40500,40500,,
456.7,-4200,-40819700.00000001,186736700,227556400,414293100,25195046.7,51163346.7,2.5,746.7,1368.3,0.6,800,-500,64774699.99999999,81,"2023-01-12T10:32:00.000Z",1673519520000,81.1,81,81.1,38.1,61.9,0,1.8,1.7,,1.6,1300,2100,10200,,64985299.99999999,64879999.99999999,105300,
456.7,-4200,-40819700.00000001,186752900,227572600,414325500,25195046.7,51163346.7,0,746.7,1368.3,1,200,0,0,81,"2023-01-12T10:34:00.000Z",1673519640000,81,81,81,50,50,0,0.4,0.3,,1,200,400,10600,,32400,16200,16200,
456.7,-3600,-40771100.00000001,186801500,227572600,414374100,25195046.7,51163346.7,0,746.7,1368.3,Infinity,600,600,48600,81,"2023-01-12T10:36:00.000Z",1673519760000,81,81,81,100,0,0,1.3,,,0,,600,11200,,48600,48600,,
456.7,-4100,-40811600.00000001,186801500,227613100,414414600,25195046.7,51163346.7,0,746.7,1368.3,0,,-500,-40500,81,"2023-01-12T10:38:00.000Z",1673519880000,81,81,81,0,100,0,,0.7,,Infinity,500,500,11700,,40500,,40500,
456.7,-3800,7824099.999999985,235469600,227645500,463115100,25195046.7,51163346.7,1.9,746.7,1368.3,1.8,700,300,48635699.99999999,81,"2023-01-12T10:40:00.000Z",1673520000000,81.1,81,81.1,63.6,36.4,0,1.5,0.5,,0.6,400,1100,12800,,48700499.99999999,48668099.99999999,32400,
456.7,-4000,7807899.999999985,235469600,227661700,463131300,25195046.7,51163346.7,0,746.7,1368.3,0,,-200,-16200,81,"2023-01-12T10:42:00.000Z",1673520120000,81,81,81,0,100,0,,0.3,,Infinity,200,200,13000,,16200,,16200,
456.7,-3600,7840299.999999985,235502000,227661700,463163700,25195046.7,51163346.7,0,746.7,1368.3,Infinity,400,400,32400,81,"2023-01-12T10:44:00.000Z",1673520240000,81,81,81,100,0,0,0.9,,,0,,400,13400,,32400,32400,,
456.7,-3300,7864599.999999985,235526300,227661700,463188000,25195046.7,51163346.7,0,746.7,1368.3,Infinity,300,300,24300,81,"2023-01-12T10:46:00.000Z",1673520360000,81,81,81,100,0,0,0.7,,,0,,300,13700,,24300,24300,,
456.7,-2400,80854599.99999999,308516300,227661700,536178000,25195046.7,51163346.7,2.8,746.7,1368.3,Infinity,900,900,72990000,81.1,"2023-01-12T10:50:00.000Z",1673520600000,81.1,81.1,81.1,100,0,0,2,,,0,,900,14600,,72990000,72990000,,
456.7,-1900,121454599.99999999,349116300,227661700,576778000,25195046.7,51163346.7,1.6,746.7,1368.3,Infinity,500,500,40600000,81.2,"2023-01-12T10:54:00.000Z",1673520840000,81.2,81.2,81.2,100,0,0,1.1,,,0,,500,15100,,40600000,40600000,,
456.7,-2200,113328399.99999999,349116300,235787900,584904200,25195046.7,51163346.7,0.3,746.7,1368.3,0,,-300,-8126199.999999999,81,"2023-01-12T10:58:00.000Z",1673521080000,81.1,81,81.1,0,100,0,,0.4,,Infinity,300,300,15400,,8126199.999999999,,8126199.999999999,
456.7,-2100,121438399.99999999,357226300,235787900,593014200,25195046.7,51163346.7,0.3,746.7,1368.3,Infinity,100,100,8109999.999999999,81.1,"2023-01-12T11:00:00.000Z",1673521200000,81.1,81.1,81.1,100,0,0,0.2,,,0,,100,15500,,8109999.999999999,8109999.999999999,,
456.7,-2300,121422199.99999999,357226300,235804100,593030400,25195046.7,51163346.7,0,746.7,1368.3,0,,-200,-16200,81,"2023-01-12T11:04:00.000Z",1673521440000,81,81,81,0,100,0,,0.3,,Infinity,200,200,15700,,16200,,16200,
456.7,-2800,113299799.99999999,357226300,243926500,601152800,25195046.7,51163346.7,0.3,746.7,1368.3,0,,-500,-8122400.000000001,80.9,"2023-01-12T11:10:00.000Z",1673521800000,81,80.9,81,0,100,0,,0.7,,Infinity,500,500,16200,,8122400.000000001,,8122400.000000001,
456.7,-2800,64808399.99999998,357274900,292466500,649741400,25195046.7,51163346.7,1.9,746.7,1368.3,1,600,0,-48491400.00000001,80.9,"2023-01-12T11:12:00.000Z",1673521920000,81,80.9,81,50,50,0,1.3,0.8,,1,600,1200,17400,,48588600.00000001,48600,48540000.00000001,
456.7,-2200,64856999.99999998,357323500,292466500,649790000,25195046.7,51163346.7,0,746.7,1368.3,Infinity,600,600,48600,81,"2023-01-12T11:22:00.000Z",1673522520000,81,81,81,100,0,0,1.3,,,0,,600,18000,,48600,48600,,
456.7,-2400,64840799.99999998,357331600,292490800,649822400,25195046.7,51163346.7,0,746.7,1368.3,0.3,100,-200,-16200,81,"2023-01-12T11:24:00.000Z",1673522640000,81,81,81,25,75,0,0.2,0.4,,3,300,400,18400,,32400,8100,24300,
456.7,-1900,64881299.99999998,357372100,292490800,649862900,25195046.7,51163346.7,0,746.7,1368.3,Infinity,500,500,40500,81,"2023-01-12T11:26:00.000Z",1673522760000,81,81,81,100,0,0,1.1,,,0,,500,18900,,40500,40500,,
456.7,-1200,64937999.99999998,357428800,292490800,649919600,25195046.7,51163346.7,0,746.7,1368.3,Infinity,700,700,56700,81,"2023-01-12T11:28:00.000Z",1673522880000,81,81,81,100,0,0,1.5,,,0,,700,19600,,56700,56700,,
456.7,-1100,64946099.99999998,357436900,292490800,649927700,25195046.7,51163346.7,0,746.7,1368.3,Infinity,100,100,8100,81,"2023-01-12T13:04:00.000Z",1673528640000,81,81,81,100,0,0,0.2,,,0,,100,19700,,8100,8100,,
456.7,-4700,-226223900.00000003,357436900,583660800,1102697700,25195046.7,51163346.7,11.2,746.7,1368.3,0,,-3600,-291170000,80.8,"2023-01-12T13:06:00.000Z",1673528760000,80.9,80.8,80.9,0,64.3,35.7,,4.8,1.5,Infinity,3600,5600,25300,2000,452770000,,291170000,161600000
456.7,-4900,-242383900.00000003,357436900,599820800,1118857700,25195046.7,51163346.7,0.6,746.7,1368.3,0,,-200,-16160000,80.8,"2023-01-12T13:08:00.000Z",1673528880000,80.8,80.8,80.8,0,100,0,,0.3,,Infinity,200,200,25500,,16160000,,16160000,
456.7,-5000,-250473900.00000003,357436900,607910800,1126947700,25195046.7,51163346.7,0.3,746.7,1368.3,0,,-100,-8090000.000000001,80.9,"2023-01-12T13:10:00.000Z",1673529000000,80.9,80.9,80.9,0,100,0,,0.1,,Infinity,100,100,25600,,8090000.000000001,,8090000.000000001,
456.7,-5100,-258553900.00000003,357436900,615990800,1135027700,25195046.7,51163346.7,0.3,746.7,1368.3,0,,-100,-8080000,80.8,"2023-01-12T13:12:00.000Z",1673529120000,80.8,80.8,80.8,0,100,0,,0.1,,Infinity,100,100,25700,,8080000,,8080000,
456.7,-5500,-290873900,357436900,648310800,1167347700,25195046.7,51163346.7,1.2,746.7,1368.3,0,,-400,-32320000,80.8,"2023-01-12T13:14:00.000Z",1673529240000,80.8,80.8,80.8,0,100,0,,0.5,,Infinity,400,400,26100,,32320000,,32320000,
456.7,-4600,-218153900,430156900,648310800,1240067700,25195046.7,51163346.7,2.8,746.7,1368.3,Infinity,900,900,72720000,80.8,"2023-01-12T13:16:00.000Z",1673529360000,80.8,80.8,80.8,100,0,0,2,,,0,,900,27000,,72720000,72720000,,
456.7,-4500,-210063900,438246900,648310800,1248157700,25195046.7,51163346.7,0.3,746.7,1368.3,Infinity,100,100,8090000.000000001,80.9,"2023-01-12T13:20:00.000Z",1673529600000,80.9,80.9,80.9,100,0,0,0.2,,,0,,100,27100,,8090000.000000001,8090000.000000001,,
456.7,-13300,-919033900,446296900,1365330800,1973227700,25195046.7,51163346.7,27.3,746.7,1368.3,0,100,-8800,-708970000,80.5,"2023-01-12T13:22:00.000Z",1673529720000,80.7,80.5,80.7,1.1,98.9,0,0.2,11.9,,89,8900,9000,36100,,725070000,8050000,717020000,
456.7,-13800,-959283900,446296900,1405580800,2013477700,25195046.7,51163346.7,1.5,746.7,1368.3,0,,-500,-40250000,80.5,"2023-01-12T13:26:00.000Z",1673529960000,80.5,80.5,80.5,0,100,0,,0.7,,Infinity,500,500,36600,,40250000,,40250000,
456.7,-6400,-674928000,730652800,1405580800,2297833600,25195046.7,51163346.7,11,746.7,1368.3,Infinity,7400,7400,284355900,81.4,"2023-01-12T13:28:00.000Z",1673530080000,81.4,80.9,80.9,100,0,0,16.2,,,0,,7400,44000,,284355900,284355900,,
456.7,-6300,-666788000,738792800,1405580800,2305973600,25195046.7,51163346.7,0.3,746.7,1368.3,Infinity,100,100,8140000.000000001,81.4,"2023-01-12T13:32:00.000Z",1673530320000,81.4,81.4,81.4,100,0,0,0.2,,,0,,100,44100,,8140000.000000001,8140000.000000001,,
456.7,-6500,-682968000,746872800,1429840800,2338313600,25195046.7,51163346.7,0.6,746.7,1368.3,0.3,100,-200,-16180000,80.8,"2023-01-12T13:50:00.000Z",1673531400000,80.9,80.8,80.9,25,75,0,0.2,0.4,,3,300,400,44500,,32340000,8080000,24260000,
456.7,-5900,-634488000,795352800,1429840800,2386793600,25195046.7,51163346.7,1.9,746.7,1368.3,Infinity,600,600,48480000,80.8,"2023-01-12T13:52:00.000Z",1673531520000,80.8,80.8,80.8,100,0,0,1.3,,,0,,600,45100,,48480000,48480000,,
456.7,-6000,-642568000,795352800,1437920800,2394873600,25195046.7,51163346.7,0.3,746.7,1368.3,0,,-100,-8080000,80.8,"2023-01-12T13:56:00.000Z",1673531760000,80.8,80.8,80.8,0,100,0,,0.1,,Infinity,100,100,45200,,8080000,,8080000,
456.7,-8800,-868348000,803412800,1671760800,2636773600,25195046.7,51163346.7,8.7,746.7,1368.3,0,100,-2800,-225780000,80.6,"2023-01-12T13:58:00.000Z",1673531880000,80.8,80.6,80.8,3.3,96.7,0,0.2,3.9,,29,2900,3000,48200,,241900000,8059999.999999999,233840000,
456.7,-8000,-803628000,868132800,1671760800,2701493600,25195046.7,51163346.7,2.5,746.7,1368.3,Infinity,800,800,64720000,80.9,"2023-01-12T14:00:00.000Z",1673532000000,80.9,80.9,80.9,100,0,0,1.8,,,0,,800,49000,,64720000,64720000,,
456.7,-8900,-876278000,900452800,1776730800,2838783600,25195046.7,51163346.7,2.8,746.7,1368.3,0.3,400,-900,-72650000,80.7,"2023-01-12T14:02:00.000Z",1673532120000,80.9,80.7,80.9,23.5,76.5,0,0.9,1.7,,3.3,1300,1700,50700,,137290000,32320000,104970000,
456.7,-8500,-843958000,932772800,1776730800,2871103600,25195046.7,51163346.7,1.2,746.7,1368.3,Infinity,400,400,32320000,80.8,"2023-01-12T14:04:00.000Z",1673532240000,80.8,80.8,80.8,100,0,0,0.9,,,0,,400,51100,,32320000,32320000,,
456.7,-8000,-803508000,973222800,1776730800,2911553600,25195046.7,51163346.7,1.6,746.7,1368.3,Infinity,500,500,40450000,80.9,"2023-01-12T14:06:00.000Z",1673532360000,80.9,80.9,80.9,100,0,0,1.1,,,0,,500,51600,,40450000,40450000,,
456.7,-9700,-940748000,973222800,1913970800,3048793600,25195046.7,51163346.7,5.3,746.7,1368.3,0,,-1700,-137240000,80.7,"2023-01-12T14:14:00.000Z",1673532840000,80.9,80.7,80.9,0,100,0,,2.3,,Infinity,1700,1700,53300,,137240000,,137240000,
456.7,-12700,-1182548000,973222800,2155770800,3290593600,25195046.7,51163346.7,9.3,746.7,1368.3,0,,-3000,-241799999.99999997,80.6,"2023-01-12T14:16:00.000Z",1673532960000,80.6,80.6,80.6,0,100,0,,4,,Infinity,3000,3000,56300,,241799999.99999997,,241799999.99999997,
456.7,-16000,-1448178000,1021582800,2469760800,3693213600,25195046.7,51163346.7,10.2,746.7,1368.3,0.2,600,-3300,-265630000,80.5,"2023-01-12T14:18:00.000Z",1673533080000,80.6,80.5,80.6,12,78,10,1.3,5.2,0.4,6.5,3900,5000,61300,500,402620000,48360000,313990000,40270000
456.7,-18600,-1657738000,1021582800,2679320800,3902773600,25195046.7,51163346.7,8.1,746.7,1368.3,0,,-2600,-209560000,80.6,"2023-01-12T14:22:00.000Z",1673533320000,80.6,80.6,80.6,0,100,0,,3.5,,Infinity,2600,2600,63900,,209560000,,209560000,
456.7,-19400,-1722218000,1021582800,2743800800,3983393600,25195046.7,51163346.7,2.5,746.7,1368.3,0,,-800,-64479999.99999999,80.6,"2023-01-12T14:24:00.000Z",1673533440000,80.7,80.6,80.7,0,80,20,,1.1,0.1,Infinity,800,1000,64900,200,80620000,,64479999.99999999,16140000
456.7,-16400,-1476858000,1429942800,2906800800,4554753600,25195046.7,51163346.7,9.4,746.7,1368.3,2.5,5000,3000,245360000,81.5,"2023-01-12T14:26:00.000Z",1673533560000,81.8,81.3,81.3,71.4,28.6,0,10.9,2.7,,0.4,2000,7000,71900,,571360000,408360000,163000000,
456.7,-17400,-1558098000,1511702800,3069800800,4881013600,25195046.7,51163346.7,3.1,746.7,1368.3,0.5,1000,-1000,-81240000,81.5,"2023-01-12T14:28:00.000Z",1673533680000,81.8,81.5,81.7,25,50,25,2.2,2.7,0.7,2,2000,4000,75900,1000,326260000,81760000,163000000,81500000
456.7,-17400,-1558098000,1511702800,3069800800,11294133600,25195046.7,51163346.7,0,746.7,1368.3,NaN,,0,0,81.8,"2023-01-12T14:44:00.000Z",1673534640000,81.8,81.8,81.8,0,0,100,,,57.3,NaN,,78400,154300,78400,6413120000,,,6413120000
