"abu","acum_busd","acum_busd_val","acum_val_bu","acum_val_sd","acum_val","avg_val_bu","avg_val_sd","rbusd","asd","auk","bs","bu","bu-sd","bu-sd_val","c","date","datetime","h","l","o","pbu","psd","puk","rbu","rsd","ruk","sb","sd","sum_vol","total_vol","uk","val","val_bu","val_sd","val_uk"
147.4,-11300,-59890000,0,59890000,59890000,778421.1,30330000,2,5810.5,136.8,0,,-11300,-59890000,5.3,"2023-01-12T09:00:00.000Z",1673514000000,5.3,5.3,5.3,0,100,0,,1.9,,Infinity,11300,11300,11300,,59890000,,59890000,
147.4,-11200,-59340000,550000,59890000,73940000,778421.1,30330000,0,5810.5,136.8,Infinity,100,100,550000,5.5,"2023-01-12T09:02:00.000Z",1673514120000,5.5,5.4,5.4,3.8,0,96.2,0.7,,18.3,0,,2600,13900,2500,14050000,550000,,13500000
147.4,-11700,-61990000,550000,62540000,76590000,778421.1,30330000,0.1,5810.5,136.8,0,,-500,-2650000,5.3,"2023-01-12T09:30:00.000Z",1673515800000,5.3,5.3,5.3,0,100,0,,0.1,,Infinity,500,500,14400,,2650000,,2650000,
147.4,-11800,-62520000,550000,63070000,77120000,778421.1,30330000,0,5810.5,136.8,0,,-100,-530000,5.3,"2023-01-12T09:34:00.000Z",1673516040000,5.3,5.3,5.3,0,100,0,,0,,Infinity,100,100,14500,,530000,,530000,
147.4,-12800,-67820000,550000,68370000,82420000,778421.1,30330000,0.2,5810.5,136.8,0,,-1000,-5300000,5.3,"2023-01-12T09:54:00.000Z",1673517240000,5.3,5.3,5.3,0,100,0,,0.2,,Infinity,1000,1000,15500,,5300000,,5300000,
147.4,-14300,-75770000,550000,76320000,90370000,778421.1,30330000,0.3,5810.5,136.8,0,,-1500,-7950000,5.3,"2023-01-12T10:06:00.000Z",1673517960000,5.3,5.3,5.3,0,100,0,,0.3,,Infinity,1500,1500,17000,,7950000,,7950000,
147.4,-14600,-77360000,550000,77910000,91960000,778421.1,30330000,0.1,5810.5,136.8,0,,-300,-1590000,5.3,"2023-01-12T10:08:00.000Z",1673518080000,5.3,5.3,5.3,0,100,0,,0.1,,Infinity,300,300,17300,,1590000,,1590000,
147.4,-16600,-87960000,550000,88510000,102560000,778421.1,30330000,0.4,5810.5,136.8,0,,-2000,-10600000,5.3,"2023-01-12T10:10:00.000Z",1673518200000,5.3,5.3,5.3,0,100,0,,0.3,,Infinity,2000,2000,19300,,10600000,,10600000,
147.4,-19500,-103330000,550000,103880000,117930000,778421.1,30330000,0.5,5810.5,136.8,0,,-2900,-15370000,5.3,"2023-01-12T10:12:00.000Z",1673518320000,5.3,5.3,5.3,0,100,0,,0.5,,Infinity,2900,2900,22200,,15370000,,15370000,
147.4,-21800,-115520000,550000,116070000,130120000,778421.1,30330000,0.4,5810.5,136.8,0,,-2300,-12190000,5.3,"2023-01-12T10:14:00.000Z",1673518440000,5.3,5.3,5.3,0,100,0,,0.4,,Infinity,2300,2300,24500,,12190000,,12190000,
147.4,-20800,-110220000,5850000,116070000,135420000,778421.1,30330000,0.2,5810.5,136.8,Infinity,1000,1000,5300000,5.3,"2023-01-12T10:44:00.000Z",1673520240000,5.3,5.3,5.3,100,0,0,6.8,,,0,,1000,25500,,5300000,5300000,,
147.4,-19800,-104920000,11150000,116070000,140720000,778421.1,30330000,0.2,5810.5,136.8,Infinity,1000,1000,5300000,5.3,"2023-01-12T10:52:00.000Z",1673520720000,5.3,5.3,5.3,100,0,0,6.8,,,0,,1000,26500,,5300000,5300000,,
147.4,-101100,-527680000,11150000,538830000,563480000,778421.1,30330000,14.3,5810.5,136.8,0,,-81300,-422760000,5.2,"2023-01-12T11:18:00.000Z",1673522280000,5.2,5.2,5.2,0,100,0,,14,,Infinity,81300,81300,107800,,422760000,,422760000,
147.4,-100700,-525600000,13230000,538830000,566080000,778421.1,30330000,0.1,5810.5,136.8,Infinity,400,400,2080000,5.2,"2023-01-12T11:20:00.000Z",1673522400000,5.2,5.2,5.2,80,0,20,2.7,,0.7,0,,500,108300,100,2600000,2080000,,520000
147.4,-100900,-526640000,13230000,539870000,567120000,778421.1,30330000,0,5810.5,136.8,0,,-200,-1040000,5.2,"2023-01-12T13:40:00.000Z",1673530800000,5.2,5.2,5.2,0,100,0,,0,,Infinity,200,200,108500,,1040000,,1040000,
147.4,-101900,-531840000,13230000,545070000,572320000,778421.1,30330000,0.2,5810.5,136.8,0,,-1000,-5200000,5.2,"2023-01-12T13:44:00.000Z",1673531040000,5.2,5.2,5.2,0,100,0,,0.2,,Infinity,1000,1000,109500,,5200000,,5200000,
147.4,-101600,-530280000,14790000,545070000,573880000,778421.1,30330000,0.1,5810.5,136.8,Infinity,300,300,1560000,5.2,"2023-01-12T14:26:00.000Z",1673533560000,5.2,5.2,5.2,100,0,0,2,,,0,,300,109800,,1560000,1560000,,
147.4,-106300,-554720000,14790000,569510000,598320000,778421.1,30330000,0.8,5810.5,136.8,0,,-4700,-24440000,5.2,"2023-01-12T14:28:00.000Z",1673533680000,5.2,5.2,5.2,0,100,0,,0.8,,Infinity,4700,4700,114500,,24440000,,24440000,
147.4,-107600,-561480000,14790000,576270000,605080000,778421.1,30330000,0.2,5810.5,136.8,0,,-1300,-6760000,5.2,"2023-01-12T14:32:00.000Z",1673533920000,5.2,5.2,5.2,0,100,0,,0.2,,Infinity,1300,1300,115800,,6760000,,6760000,
