"abu","acum_busd","acum_busd_val","acum_val_bu","acum_val_sd","acum_val","avg_val_bu","avg_val_sd","rbusd","asd","auk","bs","bu","bu-sd","bu-sd_val","c","date","datetime","h","l","o","pbu","psd","puk","rbu","rsd","ruk","sb","sd","sum_vol","total_vol","uk","val","val_bu","val_sd","val_uk"
8289.1,6600,95935000,118895000,22960000,141855000,82065260.9,125548182.6,-2.2,14367.4,39.1,5.1,8200,6600,95935000,14.5,"2023-01-12T09:15:00.000Z",1673514900000,14.5,14.35,14.5,83.7,16.3,0,1,0.1,,0.2,1600,9800,9800,,141855000,118895000,22960000,
8289.1,3300,48630000,160945000,112315000,273260000,82065260.9,125548182.6,1.1,14367.4,39.1,0.5,2900,-3300,-47305000,14.4,"2023-01-12T09:20:00.000Z",1673515200000,14.5,14.4,14.5,31.9,68.1,0,0.3,0.4,,2.1,6200,9100,18900,,131405000,42050000,89355000,
8289.1,3200,47440000,240145000,192705000,432850000,82065260.9,125548182.6,0,14367.4,39.1,1,5500,-100,-1190000,14.4,"2023-01-12T09:25:00.000Z",1673515500000,14.4,14.35,14.4,49.5,50.5,0,0.7,0.4,,1,5600,11100,30000,,159590000,79200000,80390000,
8289.1,4000,59110000,271825000,212715000,484540000,82065260.9,125548182.6,-0.3,14367.4,39.1,1.6,2200,800,11670000,14.4,"2023-01-12T09:30:00.000Z",1673515800000,14.4,14.25,14.35,61.1,38.9,0,0.3,0.1,,0.6,1400,3600,33600,,51690000,31680000,20010000,
8289.1,5000,73510000,286225000,212715000,498940000,82065260.9,125548182.6,-0.3,14367.4,39.1,Infinity,1000,1000,14400000,14.4,"2023-01-12T09:35:00.000Z",1673516100000,14.4,14.4,14.4,100,0,0,0.1,,,0,,1000,34600,,14400000,14400000,,
8289.1,6700,97905000,327840000,229935000,557775000,82065260.9,125548182.6,-0.6,14367.4,39.1,2.4,2900,1700,24395000,14.35,"2023-01-12T09:40:00.000Z",1673516400000,14.35,14.35,14.35,70.7,29.3,0,0.3,0.1,,0.4,1200,4100,38700,,58835000,41615000,17220000,
8289.1,4500,66555000,327840000,261285000,589125000,82065260.9,125548182.6,0.7,14367.4,39.1,0,,-2200,-31350000,14.25,"2023-01-12T09:45:00.000Z",1673516700000,14.25,14.25,14.25,0,100,0,,0.2,,Infinity,2200,2200,40900,,31350000,,31350000,
8289.1,15000,217330000,478615000,261285000,739900000,82065260.9,125548182.6,-3.5,14367.4,39.1,Infinity,10500,10500,150775000,14.4,"2023-01-12T09:50:00.000Z",1673517000000,14.4,14.35,14.35,100,0,0,1.3,,,0,,10500,51400,,150775000,150775000,,
8289.1,17000,246130000,507415000,261285000,768700000,82065260.9,125548182.6,-0.7,14367.4,39.1,Infinity,2000,2000,28800000,14.4,"2023-01-12T09:55:00.000Z",1673517300000,14.4,14.4,14.4,100,0,0,0.2,,,0,,2000,53400,,28800000,28800000,,
8289.1,12900,187345000,521815000,334470000,856285000,82065260.9,125548182.6,1.4,14367.4,39.1,0.2,1000,-4100,-58785000,14.35,"2023-01-12T10:00:00.000Z",1673517600000,14.4,14.35,14.4,16.4,83.6,0,0.1,0.4,,5.1,5100,6100,59500,,87585000,14400000,73185000,
8289.1,-16100,-227110000,521815000,748925000,1270740000,82065260.9,125548182.6,9.5,14367.4,39.1,0,,-29000,-414455000,14.25,"2023-01-12T10:05:00.000Z",1673517900000,14.35,14.25,14.35,0,100,0,,2,,Infinity,29000,29000,88500,,414455000,,414455000,
8289.1,-20500,-289810000,531790000,821600000,1353390000,82065260.9,125548182.6,1.4,14367.4,39.1,0.1,700,-4400,-62700000,14.25,"2023-01-12T10:10:00.000Z",1673518200000,14.25,14.25,14.25,12.1,87.9,0,0.1,0.4,,7.3,5100,5800,94300,,82650000,9975000,72675000,
8289.1,-22700,-321070000,540340000,861410000,1401750000,82065260.9,125548182.6,0.7,14367.4,39.1,0.2,600,-2200,-31260000,14.2,"2023-01-12T10:15:00.000Z",1673518500000,14.25,14.2,14.25,17.6,82.4,0,0.1,0.2,,4.7,2800,3400,97700,,48360000,8550000,39810000,
8289.1,-41800,-590300000,557370000,1147670000,1705040000,82065260.9,125548182.6,6.2,14367.4,39.1,0.1,1200,-19100,-269230000,14.1,"2023-01-12T10:20:00.000Z",1673518800000,14.2,14.1,14.2,5.6,94.4,0,0.1,1.4,,16.9,20300,21500,119200,,303290000,17030000,286260000,
8289.1,-99400,-738369400,633510000,1371879400,2005389400,82065260.9,125548182.6,3.4,14367.4,39.1,0.1,5400,-57600,-148069400,14.1,"2023-01-12T10:25:00.000Z",1673519100000,14.1,14,14.05,7.9,92.1,0,0.7,4.4,,11.7,63000,68400,187600,,300349400,76140000,224209400,
8289.1,-96800,-701414400,726900000,1428314400,2155214400,82065260.9,125548182.6,-0.8,14367.4,39.1,1.7,6600,2600,36955000,14.15,"2023-01-12T10:30:00.000Z",1673519400000,14.15,14.1,14.15,62.3,37.7,0,0.8,0.3,,0.6,4000,10600,198200,,149825000,93390000,56435000,
8289.1,-95400,-681554400,746760000,1428314400,2175074400,82065260.9,125548182.6,-0.5,14367.4,39.1,Infinity,1400,1400,19860000,14.2,"2023-01-12T10:35:00.000Z",1673519700000,14.2,14.15,14.15,100,0,0,0.2,,,0,,1400,199600,,19860000,19860000,,
8289.1,-104300,-807124400,748180000,1555304400,2303484400,82065260.9,125548182.6,2.9,14367.4,39.1,0,100,-8900,-125570000,14.1,"2023-01-12T10:40:00.000Z",1673520000000,14.2,14.1,14.2,1.1,98.9,0,0,0.6,,90,9000,9100,208700,,128410000,1420000,126990000,
8289.1,-104300,-807119400,749600000,1556719400,2306319400,82065260.9,125548182.6,0,14367.4,39.1,1,100,0,5000,14.2,"2023-01-12T10:45:00.000Z",1673520300000,14.2,14.15,14.15,50,50,0,0,0,,1,100,200,208900,,2835000,1420000,1415000,
8289.1,-95100,-676464400,885920000,1562384400,2448304400,82065260.9,125548182.6,-3,14367.4,39.1,24,9600,9200,130655000,14.2,"2023-01-12T10:50:00.000Z",1673520600000,14.2,14.15,14.15,96,4,0,1.2,0,,0,400,10000,218900,,141985000,136320000,5665000,
8289.1,-97700,-713379400,887345000,1600724400,2488069400,82065260.9,125548182.6,0.8,14367.4,39.1,0,100,-2600,-36915000,14.2,"2023-01-12T10:55:00.000Z",1673520900000,14.25,14.2,14.2,3.6,96.4,0,0,0.2,,27,2700,2800,221700,,39765000,1425000,38340000,
8289.1,-107900,-857699400,890185000,1747884400,2638069400,82065260.9,125548182.6,3.3,14367.4,39.1,0,200,-10200,-144320000,14.15,"2023-01-12T11:00:00.000Z",1673521200000,14.2,14.15,14.2,1.9,98.1,0,0,0.7,,52,10400,10600,232300,,150000000,2840000,147160000,
8289.1,-128700,-1150979400,990295000,2141274400,3131569400,82065260.9,125548182.6,6.7,14367.4,39.1,0.3,7100,-20800,-293280000,14.1,"2023-01-12T11:05:00.000Z",1673521500000,14.1,14.1,14.1,20.3,79.7,0,0.9,1.9,,3.9,27900,35000,267300,,493500000,100110000,393390000,
8289.1,-134600,-1233854400,995935000,2229789400,3225724400,82065260.9,125548182.6,1.9,14367.4,39.1,0.1,400,-5900,-82875000,14.05,"2023-01-12T11:10:00.000Z",1673521800000,14.1,14.05,14.1,6,94,0,0,0.4,,15.8,6300,6700,274000,,94155000,5640000,88515000,
8289.1,-132600,-1205519400,1035535000,2241054400,3276589400,82065260.9,125548182.6,-0.7,14367.4,39.1,3.5,2800,2000,28335000,14.1,"2023-01-12T11:15:00.000Z",1673522100000,14.15,14.05,14.05,77.8,22.2,0,0.3,0.1,,0.3,800,3600,277600,,50865000,39600000,11265000,
8289.1,-131000,-1182944400,1062325000,2245269400,3307594400,82065260.9,125548182.6,-0.5,14367.4,39.1,6.3,1900,1600,22575000,14.1,"2023-01-12T11:20:00.000Z",1673522400000,14.1,14.05,14.05,86.4,13.6,0,0.2,0,,0.2,300,2200,279800,,31005000,26790000,4215000,
8289.1,-124700,-1094104400,1186415000,2280519400,3466934400,82065260.9,125548182.6,-2,14367.4,39.1,3.5,8800,6300,88840000,14.15,"2023-01-12T11:25:00.000Z",1673522700000,14.15,14.1,14.1,77.9,22.1,0,1.1,0.2,,0.3,2500,11300,291100,,159340000,124090000,35250000,
8289.1,-148400,-1221638800,1345705000,2567343800,3914458800,82065260.9,125548182.6,2.9,14367.4,39.1,0.3,11300,-23700,-127534400,14.05,"2023-01-12T13:00:00.000Z",1673528400000,14.15,14,14.1,24.4,75.4,0.2,1.4,2.4,2.6,3.1,35000,46400,337500,100,447524400,159290000,286824400,1410000
8289.1,-167800,-1495128800,1359855000,2854983800,4216248800,82065260.9,125548182.6,6.3,14367.4,39.1,0,1000,-19400,-273490000,14.1,"2023-01-12T13:05:00.000Z",1673528700000,14.15,14.1,14.1,4.7,95.3,0,0.1,1.4,,20.4,20400,21400,358900,,301790000,14150000,287640000,
8289.1,-212300,-1793825000,1407680000,3201505000,4610595000,82065260.9,125548182.6,6.9,14367.4,39.1,0.1,3400,-44500,-298696200,14,"2023-01-12T13:10:00.000Z",1673529000000,14.15,14,14.1,6.6,93.4,0,0.4,3.3,,14.1,47900,51300,410200,,394346200,47825000,346521200,
8289.1,-208300,-1924767400,1444137600,3368905000,4814452600,82065260.9,125548182.6,3,14367.4,39.1,1.3,16000,4000,-130942400,14,"2023-01-12T13:15:00.000Z",1673529300000,14,13.95,13.95,57.1,42.9,0,1.9,0.8,,0.8,12000,28000,438200,,203857600,36457600,167400000,
8289.1,-153100,-2162300200,1445149800,3607450000,5054009800,82065260.9,125548182.6,5.5,14367.4,39.1,4.2,72300,55200,-237532800,14,"2023-01-12T13:20:00.000Z",1673529600000,14,13.95,14,80.9,19.1,0,8.7,1.2,,0.2,17100,89400,527600,,239557200,1012200,238545000,
8289.1,-140300,-2062465400,1556346400,3618811800,5176568200,82065260.9,125548182.6,-2.3,14367.4,39.1,2.3,22300,12800,99834800,14,"2023-01-12T13:25:00.000Z",1673529900000,14.05,14,14,70.1,29.9,0,2.7,0.7,,0.4,9500,31800,559400,,122558400,111196600,11361800,
8289.1,-135000,-1947296000,1671556400,3618852400,5291818800,82065260.9,125548182.6,-2.6,14367.4,39.1,2.8,8200,5300,115169400,14,"2023-01-12T13:30:00.000Z",1673530200000,14.05,14,14.05,73.9,26.1,0,1,0.2,,0.4,2900,11100,570500,,115250600,115210000,40600,
8289.1,-129700,-1777386200,1841590800,3618977000,5461977800,82065260.9,125548182.6,-3.9,14367.4,39.1,1.6,14200,5300,169909800,14.05,"2023-01-12T13:35:00.000Z",1673530500000,14.05,14,14.05,61.5,38.5,0,1.7,0.6,,0.6,8900,23100,593600,,170159000,170034400,124600,
8289.1,-143100,-1793013400,1850020800,3643034200,5494465000,82065260.9,125548182.6,0.4,14367.4,39.1,0,600,-13400,-15627200,14.05,"2023-01-12T13:40:00.000Z",1673530800000,14.05,14,14.05,4.1,95.9,0,0.1,1,,23.3,14000,14600,608200,,32487200,8430000,24057200,
8289.1,-186100,-1797826200,1868294200,3666120400,5542849600,82065260.9,125548182.6,0.1,14367.4,39.1,0,1900,-43000,-4812800,14,"2023-01-12T13:45:00.000Z",1673531100000,14.05,14,14.05,4,94.9,1.1,0.2,3.1,12.8,23.6,44900,47300,655500,500,48384600,18273400,23086200,7025000
8289.1,-190600,-1797889200,1868364200,3666253400,5543052600,82065260.9,125548182.6,0,14367.4,39.1,0.5,5000,-4500,-63000,14,"2023-01-12T13:50:00.000Z",1673531400000,14,14,14,34.5,65.5,0,0.6,0.7,,1.9,9500,14500,670000,,203000,70000,133000,
8289.1,-181500,-1624479000,2127932000,3752411000,5888778000,82065260.9,125548182.6,-4,14367.4,39.1,1.5,26100,9100,173410200,14.2,"2023-01-12T13:55:00.000Z",1673531700000,14.2,14,14,60.6,39.4,0,3.1,1.2,,0.7,17000,43100,713100,,345725400,259567800,86157600,
8289.1,-117700,-715079000,3224932000,3940011000,7189053000,82065260.9,125548182.6,-20.9,14367.4,39.1,5.8,77000,63800,909400000,14.25,"2023-01-12T14:00:00.000Z",1673532000000,14.3,14.2,14.25,84.3,14.5,1.2,9.3,0.9,28.1,0.2,13200,91300,804400,1100,1300275000,1097000000,187600000,15675000
8289.1,-142700,-1069724000,3229197000,4298921000,7552228000,82065260.9,125548182.6,8.2,14367.4,39.1,0,300,-25000,-354645000,14.1,"2023-01-12T14:05:00.000Z",1673532300000,14.25,14.1,14.25,1.2,98.8,0,0,1.8,,84.3,25300,25600,830000,,363175000,4265000,358910000,
8289.1,-165000,-1310611800,3250422000,4561033800,7835565800,82065260.9,125548182.6,5.5,14367.4,39.1,0.1,1500,-22300,-240887800,14.05,"2023-01-12T14:10:00.000Z",1673532600000,14.15,14,14.15,5.9,94.1,0,0.2,1.7,,15.9,23800,25300,855300,,283337800,21225000,262112800,
8289.1,-162600,-1244224000,3351967000,4596191000,7972268000,82065260.9,125548182.6,-1.5,14367.4,39.1,1.5,7200,2400,66387800,14.15,"2023-01-12T14:15:00.000Z",1673532900000,14.15,14,14.05,60,40,0,0.9,0.3,,0.7,4800,12000,867300,,136702200,101545000,35157200,
8289.1,-166000,-1291799000,3456682000,4748481000,8229273000,82065260.9,125548182.6,1.1,14367.4,39.1,0.7,7400,-3400,-47575000,14.15,"2023-01-12T14:20:00.000Z",1673533200000,14.2,14.1,14.15,40.7,59.3,0,0.9,0.8,,1.5,10800,18200,885500,,257005000,104715000,152290000,
8289.1,-232100,-1325714400,3775002000,5100716400,8901243400,82065260.9,125548182.6,0.8,14367.4,39.1,0.3,22400,-66100,-33915400,14,"2023-01-12T14:25:00.000Z",1673533500000,14.25,14,14.15,20.2,79.7,0.1,2.7,6.2,2.6,4,88500,111000,996500,100,671970400,318320000,352235400,1415000
8289.1,-279600,-2000214400,3775002000,5775216400,9575743400,82065260.9,125548182.6,15.5,14367.4,39.1,0,,-47500,-674500000,14.2,"2023-01-12T14:45:00.000Z",1673534700000,14.2,14.2,14.2,0,100,0,,3.3,,Infinity,47500,47500,1044000,,674500000,,674500000,
