"abu","acum_busd","acum_busd_val","acum_val_bu","acum_val_sd","acum_val","avg_val_bu","avg_val_sd","rbusd","asd","auk","bs","bu","bu-sd","bu-sd_val","c","date","datetime","h","l","o","pbu","psd","puk","rbu","rsd","ruk","sb","sd","sum_vol","total_vol","uk","val","val_bu","val_sd","val_uk"
16180.4,91900,412445000,418673000,6228000,424901000,71392456.5,126952500,-7.4,28876.1,1841.3,66.6,93300,91900,412445000,4.47,"2023-01-12T09:15:00.000Z",1673514900000,4.49,4.41,4.49,98.5,1.5,0,5.8,0,,0,1400,94700,94700,,424901000,418673000,6228000,
16180.4,79200,355815000,452166000,96351000,548517000,71392456.5,126952500,1,28876.1,1841.3,0.4,7500,-12700,-56630000,4.46,"2023-01-12T09:20:00.000Z",1673515200000,4.47,4.46,4.47,27.1,72.9,0,0.5,0.7,,2.7,20200,27700,122400,,123616000,33493000,90123000,
16180.4,78500,352741000,501693000,148952000,650645000,71392456.5,126952500,0.1,28876.1,1841.3,0.9,11100,-700,-3074000,4.46,"2023-01-12T09:25:00.000Z",1673515500000,4.47,4.45,4.46,48.5,51.5,0,0.7,0.4,,1.1,11800,22900,145300,,102128000,49527000,52601000,
16180.4,52900,238948000,512835000,273887000,791617000,71392456.5,126952500,2,28876.1,1841.3,0.1,2500,-25600,-113793000,4.44,"2023-01-12T09:30:00.000Z",1673515800000,4.46,4.44,4.46,7.9,88.6,3.5,0.2,1,0.6,11.2,28100,31700,177000,1100,140972000,11142000,124935000,4895000
16180.4,21500,99909000,536793000,436884000,978572000,71392456.5,126952500,2.5,28876.1,1841.3,0.1,5400,-31400,-139039000,4.43,"2023-01-12T09:35:00.000Z",1673516100000,4.44,4.42,4.44,12.8,87.2,0,0.3,1.3,,6.8,36800,42200,219200,,186955000,23958000,162997000,
16180.4,-20800,-86972000,563335000,650307000,1235333000,71392456.5,126952500,3.4,28876.1,1841.3,0.1,6000,-42300,-186881000,4.42,"2023-01-12T09:40:00.000Z",1673516400000,4.43,4.41,4.43,10.3,83.1,6.5,0.4,1.7,2.1,8.1,48300,58100,277300,3800,256761000,26542000,213423000,16796000
16180.4,-23900,-100643000,571749000,672392000,1265832000,71392456.5,126952500,0.2,28876.1,1841.3,0.4,1900,-3100,-13671000,4.43,"2023-01-12T09:45:00.000Z",1673516700000,4.44,4.41,4.42,27.5,72.5,0,0.1,0.2,,2.6,5000,6900,284200,,30499000,8414000,22085000,
16180.4,-32200,-137372000,571749000,709121000,1302561000,71392456.5,126952500,0.7,28876.1,1841.3,0,,-8300,-36729000,4.42,"2023-01-12T09:50:00.000Z",1673517000000,4.43,4.42,4.43,0,100,0,,0.3,,Infinity,8300,8300,292500,,36729000,,36729000,
16180.4,-35900,-153714000,599707000,753421000,1374819000,71392456.5,126952500,0.3,28876.1,1841.3,0.6,6300,-3700,-16342000,4.44,"2023-01-12T09:55:00.000Z",1673517300000,4.44,4.43,4.43,38.7,61.3,0,0.4,0.3,,1.6,10000,16300,308800,,72258000,27958000,44300000,
16180.4,-53800,-233011000,599707000,832718000,1454116000,71392456.5,126952500,1.4,28876.1,1841.3,0,,-17900,-79297000,4.43,"2023-01-12T10:00:00.000Z",1673517600000,4.43,4.43,4.43,0,100,0,,0.6,,Infinity,17900,17900,326700,,79297000,,79297000,
16180.4,-81100,-353630000,620528000,974158000,1616377000,71392456.5,126952500,2.2,28876.1,1841.3,0.1,4700,-27300,-120619000,4.42,"2023-01-12T10:05:00.000Z",1673517900000,4.43,4.42,4.43,12.8,87.2,0,0.3,1.1,,6.8,32000,36700,363400,,162261000,20821000,141440000,
16180.4,-78400,-341356000,721644000,1063000000,1806335000,71392456.5,126952500,-0.2,28876.1,1841.3,1.1,22800,2700,12274000,4.44,"2023-01-12T10:10:00.000Z",1673518200000,4.44,4.42,4.42,53.1,46.9,0,1.4,0.7,,0.9,20100,42900,406300,,189958000,101116000,88842000,
16180.4,-83500,-363898000,729158000,1093056000,1843905000,71392456.5,126952500,0.4,28876.1,1841.3,0.3,1700,-5100,-22542000,4.42,"2023-01-12T10:15:00.000Z",1673518500000,4.42,4.42,4.42,20,80,0,0.1,0.2,,4,6800,8500,414800,,37570000,7514000,30056000,
16180.4,-133400,-583752000,764961000,1348713000,2135365000,71392456.5,126952500,4,28876.1,1841.3,0.1,8100,-49900,-219854000,4.42,"2023-01-12T10:20:00.000Z",1673518800000,4.43,4.4,4.42,12.3,87.7,0,0.5,2,,7.2,58000,66100,480900,,291460000,35803000,255657000,
16180.4,-237800,-1044134000,797743000,1841877000,2661311000,71392456.5,126952500,8.3,28876.1,1841.3,0.1,7400,-104400,-460382000,4.4,"2023-01-12T10:25:00.000Z",1673519100000,4.43,4.4,4.42,6.2,93.8,0,0.5,3.9,,15.1,111800,119200,600100,,525946000,32782000,493164000,
16180.4,-283100,-1243442000,806563000,2050005000,2878259000,71392456.5,126952500,3.6,28876.1,1841.3,0,2000,-45300,-199308000,4.4,"2023-01-12T10:30:00.000Z",1673519400000,4.41,4.4,4.4,4.1,95.9,0,0.1,1.6,,23.7,47300,49300,649400,,216948000,8820000,208128000,
16180.4,-301200,-1323066000,888426000,2211492000,3121609000,71392456.5,126952500,1.4,28876.1,1841.3,0.5,18600,-18100,-79624000,4.4,"2023-01-12T10:35:00.000Z",1673519700000,4.41,4.4,4.41,33.6,66.4,0,1.1,1.3,,2,36700,55300,704700,,243350000,81863000,161487000,
16180.4,-335000,-1471440000,891946000,2363386000,3277023000,71392456.5,126952500,2.7,28876.1,1841.3,0,800,-33800,-148374000,4.39,"2023-01-12T10:40:00.000Z",1673520000000,4.4,4.39,4.39,2.3,97.7,0,0,1.2,,43.3,34600,35400,740100,,155414000,3520000,151894000,
16180.4,-335100,-1471827000,914826000,2386653000,3323170000,71392456.5,126952500,0,28876.1,1841.3,1,5200,-100,-387000,4.39,"2023-01-12T10:45:00.000Z",1673520300000,4.4,4.39,4.4,49.5,50.5,0,0.3,0.2,,1,5300,10500,750600,,46147000,22880000,23267000,
16180.4,-343400,-1508264000,914826000,2423090000,3359607000,71392456.5,126952500,0.7,28876.1,1841.3,0,,-8300,-36437000,4.39,"2023-01-12T10:50:00.000Z",1673520600000,4.39,4.39,4.39,0,100,0,,0.3,,Infinity,8300,8300,758900,,36437000,,36437000,
16180.4,-368800,-1619734000,930666000,2550400000,3502757000,71392456.5,126952500,2,28876.1,1841.3,0.1,3600,-25400,-111470000,4.39,"2023-01-12T10:55:00.000Z",1673520900000,4.4,4.39,4.4,11,89,0,0.2,1,,8.1,29000,32600,791500,,143150000,15840000.000000002,127310000,
16180.4,-395400,-1736508000,930666000,2667174000,3619531000,71392456.5,126952500,2.1,28876.1,1841.3,0,,-26600,-116774000,4.39,"2023-01-12T11:00:00.000Z",1673521200000,4.39,4.39,4.39,0,100,0,,0.9,,Infinity,26600,26600,818100,,116774000,,116774000,
16180.4,-438300,-1924410000,930666000,2855076000,3807433000,71392456.5,126952500,3.4,28876.1,1841.3,0,,-42900,-187902000,4.38,"2023-01-12T11:05:00.000Z",1673521500000,4.38,4.38,4.38,0,100,0,,1.5,,Infinity,42900,42900,861000,,187902000,,187902000,
16180.4,-497000,-2181060000,949971000,3131031000,4102693000,71392456.5,126952500,4.6,28876.1,1841.3,0.1,4400,-58700,-256650000,4.38,"2023-01-12T11:10:00.000Z",1673521800000,4.39,4.37,4.38,6.5,93.5,0,0.3,2.2,,14.3,63100,67500,928500,,295260000,19305000,275955000,
16180.4,-498800,-2188944000,949971000,3138915000,4110577000,71392456.5,126952500,0.1,28876.1,1841.3,0,,-1800,-7884000,4.38,"2023-01-12T11:15:00.000Z",1673522100000,4.38,4.38,4.38,0,100,0,,0.1,,Infinity,1800,1800,930300,,7884000,,7884000,
16180.4,-484300,-2125434000,1051587000,3177021000,4252489000,71392456.5,126952500,-1.1,28876.1,1841.3,2.7,23200,14500,63510000,4.38,"2023-01-12T11:20:00.000Z",1673522400000,4.38,4.38,4.38,71.6,26.9,1.5,1.4,0.3,0.3,0.4,8700,32400,962700,500,141912000,101616000,38106000,2190000
16180.4,-494100,-2168358000,1052025000,3220383000,4296289000,71392456.5,126952500,0.8,28876.1,1841.3,0,100,-9800,-42924000,4.38,"2023-01-12T11:25:00.000Z",1673522700000,4.38,4.38,4.38,1,99,0,0,0.3,,99,9900,10000,972700,,43800000,438000,43362000,
16180.4,-515200,-2260562000,1093645000,3354207000,4471733000,71392456.5,126952500,1.7,28876.1,1841.3,0.3,9500,-21100,-92204000,4.38,"2023-01-12T13:00:00.000Z",1673528400000,4.39,4.37,4.38,23.7,76.3,0,0.6,1.1,,3.2,30600,40100,1012800,,175444000,41620000,133824000,
16180.4,-526600,-2310494000,1093645000,3404139000,4521665000,71392456.5,126952500,0.9,28876.1,1841.3,0,,-11400,-49932000,4.38,"2023-01-12T13:05:00.000Z",1673528700000,4.38,4.38,4.38,0,100,0,,0.4,,Infinity,11400,11400,1024200,,49932000,,49932000,
16180.4,-565400,-2480107000,1111161000,3591268000,4726748000,71392456.5,126952500,3.1,28876.1,1841.3,0.1,4000,-38800,-169613000,4.37,"2023-01-12T13:10:00.000Z",1673529000000,4.38,4.37,4.38,8.5,91.3,0.2,0.2,1.5,0.1,10.7,42800,46900,1071100,100,205083000,17516000,187129000,438000
16180.4,-556200,-2439712000,1295000000,3734712000,5054467000,71392456.5,126952500,-0.7,28876.1,1841.3,1.3,42100,9200,40395000,4.36,"2023-01-12T13:15:00.000Z",1673529300000,4.39,4.36,4.36,56.1,43.8,0.1,2.6,1.1,0.1,0.8,32900,75100,1146200,100,327719000,183839000,143444000,436000.00000000006
16180.4,-553600,-2428293000,1319966000,3748259000,5092980000,71392456.5,126952500,-0.2,28876.1,1841.3,1.8,5700,2600,11419000,4.37,"2023-01-12T13:20:00.000Z",1673529600000,4.38,4.37,4.38,64.8,35.2,0,0.4,0.1,,0.5,3100,8800,1155000,,38513000,24966000,13547000,
16180.4,-551600,-2419509000,1331819000,3751328000,5107902000,71392456.5,126952500,-0.2,28876.1,1841.3,3.9,2700,2000,8784000,4.39,"2023-01-12T13:25:00.000Z",1673529900000,4.39,4.38,4.38,79.4,20.6,0,0.2,0,,0.3,700,3400,1158400,,14922000,11853000,3069000,
16180.4,-533400,-2339417000,1417179000,3756596000,5198530000,71392456.5,126952500,-1.4,28876.1,1841.3,16.2,19400,18200,80092000,4.4,"2023-01-12T13:30:00.000Z",1673530200000,4.4,4.39,4.39,94.2,5.8,0,1.2,0,,0.1,1200,20600,1179000,,90628000,85360000,5268000,
16180.4,-562100,-2465244000,1523947000,3989191000,5537893000,71392456.5,126952500,2.3,28876.1,1841.3,0.5,24300,-28700,-125827000,4.38,"2023-01-12T13:35:00.000Z",1673530500000,4.4,4.38,4.39,31.4,68.6,0,1.5,1.8,,2.2,53000,77300,1256300,,339363000,106768000,232595000,
16180.4,-565400,-2479556000,1601211000,4080767000,5706733000,71392456.5,126952500,0.3,28876.1,1841.3,0.8,17600,-3300,-14312000,4.38,"2023-01-12T13:40:00.000Z",1673530800000,4.39,4.38,4.39,45.7,54.3,0,1.1,0.7,,1.2,20900,38500,1294800,,168840000,77264000,91576000,
16180.4,-602100,-2640309000,1601211000,4241520000,5867486000,71392456.5,126952500,2.9,28876.1,1841.3,0,,-36700,-160753000,4.38,"2023-01-12T13:45:00.000Z",1673531100000,4.39,4.38,4.39,0,100,0,,1.3,,Infinity,36700,36700,1331500,,160753000,,160753000,
16180.4,-598700,-2625339000,1670853000,4296192000,5991800000,71392456.5,126952500,-0.3,28876.1,1841.3,1.3,15900,3400,14970000,4.38,"2023-01-12T13:50:00.000Z",1673531400000,4.38,4.37,4.38,56,44,0,1,0.4,,0.8,12500,28400,1359900,,124314000,69642000,54672000,
16180.4,-576400,-2527406000,1798132000,4325538000,6148425000,71392456.5,126952500,-1.8,28876.1,1841.3,4.3,29000,22300,97933000,4.4,"2023-01-12T13:55:00.000Z",1673531700000,4.4,4.38,4.38,81.2,18.8,0,1.8,0.2,,0.2,6700,35700,1395600,,156625000,127279000,29346000,
16180.4,-412300,-1804131000,2670426000,4474557000,7169738000,71392456.5,126952500,-13,28876.1,1841.3,5.9,197900,164100,723275000,4.39,"2023-01-12T14:00:00.000Z",1673532000000,4.43,4.39,4.4,85.4,14.6,0,12.2,1.2,,0.2,33800,231700,1627300,,1021313000,872294000,149019000,
16180.4,-518100,-2268488000,2798906000,5067394000,7891055000,71392456.5,126952500,8.4,28876.1,1841.3,0.2,29200,-105800,-464357000,4.38,"2023-01-12T14:05:00.000Z",1673532300000,4.41,4.38,4.4,17.8,82.2,0,1.8,4.7,,4.6,135000,164200,1791500,,721317000,128480000,592837000,
16180.4,-510900,-2236838000,2864317000,5101155000,7990227000,71392456.5,126952500,-0.6,28876.1,1841.3,1.9,14900,7200,31650000,4.38,"2023-01-12T14:10:00.000Z",1673532600000,4.39,4.38,4.39,65.9,34.1,0,0.9,0.3,,0.5,7700,22600,1814100,,99172000,65411000,33761000,
16180.4,-484900,-2122534000,3050453000,5172987000,8248195000,71392456.5,126952500,-2.1,28876.1,1841.3,2.6,42400,26000,114304000,4.39,"2023-01-12T14:15:00.000Z",1673532900000,4.39,4.38,4.38,72.1,27.9,0,2.6,0.6,,0.4,16400,58800,1872900,,257968000,186136000,71832000,
16180.4,-471400,-2063088000,3147653000,5210741000,8383149000,71392456.5,126952500,-1.1,28876.1,1841.3,2.6,22100,13500,59446000,4.39,"2023-01-12T14:20:00.000Z",1673533200000,4.4,4.39,4.39,72,28,0,1.4,0.3,,0.4,8600,30700,1903600,,134954000,97200000,37754000,
16180.4,-584000,-2555762000,3284053000,5839815000,9237975000,71392456.5,126952500,8.9,28876.1,1841.3,0.2,31000,-112600,-492674000,4.4,"2023-01-12T14:25:00.000Z",1673533500000,4.4,4.37,4.39,15.9,73.6,10.5,1.9,5,11.1,4.6,143600,195000,2098600,20400,854826000,136400000,629074000,89352000
16180.4,-584000,-2555762000,3284053000,5839815000,9495081000,71392456.5,126952500,0,28876.1,1841.3,NaN,,0,0,4.38,"2023-01-12T14:45:00.000Z",1673534700000,4.38,4.38,4.38,0,0,100,,,31.9,NaN,,58700,2157300,58700,257106000,,,257106000
