"abu","acum_busd","acum_busd_val","acum_val_bu","acum_val_sd","acum_val","avg_val_bu","avg_val_sd","rbusd","asd","auk","bs","bu","bu-sd","bu-sd_val","c","date","datetime","h","l","o","pbu","psd","puk","rbu","rsd","ruk","sb","sd","sum_vol","total_vol","uk","val","val_bu","val_sd","val_uk"
18634.8,-19300,-251865000,0,251865000,251865000,220242828.3,159383756.5,-4.1,22000,5641.3,0,,-19300,-251865000,13.05,"2023-01-12T09:15:00.000Z",1673514900000,13.05,13.05,13.05,0,100,0,,0.9,,Infinity,19300,19300,19300,,251865000,,251865000,
18634.8,-17500,-228120000,117705000,345825000,463530000,220242828.3,159383756.5,0.4,22000,5641.3,1.3,9000,1800,23745000,13.1,"2023-01-12T09:20:00.000Z",1673515200000,13.1,13.05,13.05,55.6,44.4,0,0.5,0.3,,0.8,7200,16200,35500,,211665000,117705000,93960000,
18634.8,-8800,-113955000,282765000,396720000,679485000,220242828.3,159383756.5,1.9,22000,5641.3,3.2,12600,8700,114165000,13.05,"2023-01-12T09:25:00.000Z",1673515500000,13.1,13.05,13.1,76.4,23.6,0,0.7,0.2,,0.3,3900,16500,52000,,215955000,165060000,50895000,
18634.8,-18300,-198819000,323220000,522039000,845259000,220242828.3,159383756.5,-1.4,22000,5641.3,0.2,3100,-9500,-84864000,13,"2023-01-12T09:30:00.000Z",1673515800000,13.05,13,13.05,19.7,80.3,0,0.2,0.6,,4.1,12600,15700,67700,,165774000,40455000,125319000,
18634.8,-37400,-158652600,363675000,522327600,886002600,220242828.3,159383756.5,0.7,22000,5641.3,0.1,3100,-19100,40166400,13,"2023-01-12T09:35:00.000Z",1673516100000,13.05,13,13,12.3,87.7,0,0.2,1,,7.2,22200,25300,93000,,40743600,40455000,288600,
18634.8,-55700,-158890500,363675000,522565500,886240500,220242828.3,159383756.5,0,22000,5641.3,0,,-18300,-237900,13,"2023-01-12T09:40:00.000Z",1673516400000,13,13,13,0,100,0,,0.8,,Infinity,18300,18300,111300,,237900,,237900,
18634.8,-74300,-80910300,441975000,522885300,964860300,220242828.3,159383756.5,1.3,22000,5641.3,0.2,6000,-18600,77980200,13,"2023-01-12T09:45:00.000Z",1673516700000,13.05,13,13.05,19.6,80.4,0,0.3,1.1,,4.1,24600,30600,141900,,78619800,78300000,319800,
18634.8,-79900,75460900,598627000,523166100,1121793100,220242828.3,159383756.5,2.6,22000,5641.3,0.7,16000,-5600,156371200,13,"2023-01-12T09:50:00.000Z",1673517000000,13.05,13,13,42.6,57.4,0,0.9,1,,1.4,21600,37600,179500,,156932800,156652000,280800,
18634.8,-86500,140560100,663877000,523316900,1187193900,220242828.3,159383756.5,1.1,22000,5641.3,0.4,5000,-6600,65099200,13.05,"2023-01-12T09:55:00.000Z",1673517300000,13.05,13,13,30.1,69.9,0,0.3,0.5,,2.3,11600,16600,196100,,65400800,65250000,150800,
18634.8,-89300,161382900,684871400,523488500,1208359900,220242828.3,159383756.5,0.3,22000,5641.3,0.8,10400,-2800,20822800,13.05,"2023-01-12T10:00:00.000Z",1673517600000,13.05,13,13,44.1,55.9,0,0.6,0.6,,1.3,13200,23600,219700,,21166000,20994400,171600,
18634.8,-98200,175607900,699226400,523618500,1222844900,220242828.3,159383756.5,0.2,22000,5641.3,0.1,1100,-8900,14225000,13,"2023-01-12T10:05:00.000Z",1673517900000,13.05,13,13.05,9.9,90.1,0,0.1,0.5,,9.1,10000,11100,230800,,14485000,14355000,130000,
18634.8,-113300,201485600,725326400,523840800,1249167200,220242828.3,159383756.5,0.4,22000,5641.3,0.1,2000,-15100,25877700,13,"2023-01-12T10:10:00.000Z",1673518200000,13.05,13,13.05,10.5,89.5,0,0.1,0.8,,8.6,17100,19100,249900,,26322300,26100000,222300,
18634.8,-140400,203740700,728004000,524263300,1252267300,220242828.3,159383756.5,0,22000,5641.3,0.2,5400,-27100,2255100,13,"2023-01-12T10:15:00.000Z",1673518500000,13.05,13,13,14.2,85.8,0,0.3,1.5,,6,32500,37900,287800,,3100100,2677600,422500,
18634.8,-175800,204594200,730788200,526194000,1256982200,220242828.3,159383756.5,0,22000,5641.3,0.3,13600,-35400,853500,13,"2023-01-12T10:20:00.000Z",1673518800000,13.05,12.95,13,21.7,78.3,0,0.7,2.2,,3.6,49000,62600,350400,,4714900,2784200,1930700,
18634.8,-183900,-74950300,730963700,805914000,1536877700,220242828.3,159383756.5,-4.6,22000,5641.3,0.6,13500,-8100,-279544500,13,"2023-01-12T10:25:00.000Z",1673519100000,13,12.95,13,38.5,61.5,0,0.7,1,,1.6,21600,35100,385500,,279895500,175500,279720000,
18634.8,-175400,-61802800,744129400,805932200,1550061600,220242828.3,159383756.5,0.2,22000,5641.3,7.1,9900,8500,13147500,13.05,"2023-01-12T10:30:00.000Z",1673519400000,13.05,13,13,87.6,12.4,0,0.5,0.1,,0.1,1400,11300,396800,,13183900,13165700,18200,
18634.8,-189400,-54162600,751963300,806125900,1558089200,220242828.3,159383756.5,0.1,22000,5641.3,0.1,900,-14000,7640200,13,"2023-01-12T10:35:00.000Z",1673519700000,13.05,13,13.05,5.7,94.3,0,0,0.7,,16.6,14900,15800,412600,,8027600,7833900,193700,
18634.8,-191300,-41150300,765156300,806306600,1571462900,220242828.3,159383756.5,0.2,22000,5641.3,0.9,12000,-1900,13012300,13,"2023-01-12T10:40:00.000Z",1673520000000,13.05,13,13,46.3,53.7,0,0.6,0.6,,1.2,13900,25900,438500,,13373700,13193000,180700,
18634.8,-210800,212817700,1019701500,806883800,1826585300,220242828.3,159383756.5,4.2,22000,5641.3,0.6,24900,-19500,253968000,13.05,"2023-01-12T10:45:00.000Z",1673520300000,13.05,13,13,35.9,64.1,0,1.3,2,,1.8,44400,69300,507800,,255122400,254545200,577200,
18634.8,-167400,787009900,1639576500,852566600,2492143100,220242828.3,159383756.5,9.4,22000,5641.3,11.6,47500,43400,574192200,13.05,"2023-01-12T10:50:00.000Z",1673520600000,13.05,13,13.05,92.1,7.9,0,2.5,0.2,,0.1,4100,51600,559400,,665557800,619875000,45682800,
18634.8,-151700,1280012600,2242486500,962473900,3204960400,220242828.3,159383756.5,8.1,22000,5641.3,1.5,46200,15700,493002700,13.05,"2023-01-12T10:55:00.000Z",1673520900000,13.05,13,13.05,60.2,39.8,0,2.5,1.4,,0.7,30500,76700,636100,,712817300,602910000,109907300,
18634.8,-139600,1439221300,2626156500,1186935200,3813091700,220242828.3,159383756.5,2.6,22000,5641.3,1.7,29400,12100,159208700,13.05,"2023-01-12T11:00:00.000Z",1673521200000,13.05,13,13.05,63,37,0,1.6,0.8,,0.6,17300,46700,682800,,608131300,383670000,224461300,
18634.8,-195700,1829602000,3106461500,1276859500,4383321000,220242828.3,159383756.5,6.4,22000,5641.3,0.4,41800,-56100,390380700,13,"2023-01-12T11:05:00.000Z",1673521500000,13.05,13,13.05,29.9,70.1,0,2.2,4.5,,2.3,97900,139700,822500,,570229300,480305000,89924300,
18634.8,-204900,2019822600,3297085100,1277262500,4574347600,220242828.3,159383756.5,3.1,22000,5641.3,0.7,21800,-9200,190220600,13.05,"2023-01-12T11:10:00.000Z",1673521800000,13.05,13,13,41.3,58.7,0,1.2,1.4,,1.4,31000,52800,875300,,191026600,190623600,403000,
18634.8,-167400,2510501300,3787765100,1277263800,5065028900,220242828.3,159383756.5,8.1,22000,5641.3,376,37600,37500,490678700,13.05,"2023-01-12T11:15:00.000Z",1673522100000,13.05,13,13.05,99.7,0.3,0,2,0,,0,100,37700,913000,,490681300,490680000,1300,
18634.8,-182700,2310841300,3838665100,1527823800,5366488900,220242828.3,159383756.5,-3.3,22000,5641.3,0.2,3900,-15300,-199660000,13.1,"2023-01-12T11:20:00.000Z",1673522400000,13.1,13.05,13.05,16.9,83.1,0,0.2,0.9,,4.9,19200,23100,936100,,301460000,50900000,250560000,
18634.8,-194600,2155951300,3944775100,1788823800,5733598900,220242828.3,159383756.5,-2.5,22000,5641.3,0.4,8100,-11900,-154890000,13.05,"2023-01-12T11:25:00.000Z",1673522700000,13.1,13.05,13.05,28.8,71.2,0,0.4,0.9,,2.5,20000,28100,964200,,367110000,106110000,261000000,
18634.8,-211200,1939421300,3970975100,2031553800,6002528900,220242828.3,159383756.5,-3.6,22000,5641.3,0.1,2000,-16600,-216530000,13.05,"2023-01-12T13:00:00.000Z",1673528400000,13.1,13.05,13.05,9.7,90.3,0,0.1,0.8,,9.3,18600,20600,984800,,268930000,26200000,242730000,
18634.8,-235900,1617086300,3970975100,2353888800,6324863900,220242828.3,159383756.5,-5.3,22000,5641.3,0,,-24700,-322335000,13.05,"2023-01-12T13:05:00.000Z",1673528700000,13.05,13.05,13.05,0,100,0,,1.1,,Infinity,24700,24700,1009500,,322335000,,322335000,
18634.8,-275100,1105676300,4199500100,3093823800,7293323900,220242828.3,159383756.5,-8.4,22000,5641.3,0.3,17500,-39200,-511410000,13.05,"2023-01-12T13:10:00.000Z",1673529000000,13.1,13.05,13.05,23.6,76.4,0,0.9,2.6,,3.2,56700,74200,1083700,,968460000,228525000,739935000,
18634.8,-263700,1344401600,4438315100,3093913500,7532228600,220242828.3,159383756.5,3.9,22000,5641.3,2.7,18300,11400,238725300,13,"2023-01-12T13:15:00.000Z",1673529300000,13.05,13,13.05,72.6,27.4,0,1,0.3,,0.4,6900,25200,1108900,,238904700,238815000,89700,
18634.8,-201400,2171757300,5265685100,3093927800,8359612900,220242828.3,159383756.5,13.6,22000,5641.3,57.6,63400,62300,827355700,13.05,"2023-01-12T13:20:00.000Z",1673529600000,13.05,13,13.05,98.3,1.7,0,3.4,0.1,,0,1100,64500,1173400,,827384300,827370000,14300,
18634.8,-237400,1701957300,5268295100,3566337800,8834632900,220242828.3,159383756.5,-7.7,22000,5641.3,0,200,-36000,-469800000,13.05,"2023-01-12T13:25:00.000Z",1673529900000,13.05,13.05,13.05,0.5,99.5,0,0,1.6,,181,36200,36400,1209800,,475020000,2610000,472410000,
18634.8,-264700,1345822300,5311490100,3965667800,9277157900,220242828.3,159383756.5,-5.9,22000,5641.3,0.1,3300,-27300,-356135000,13.05,"2023-01-12T13:30:00.000Z",1673530200000,13.1,13.05,13.1,9.7,90.3,0,0.2,1.4,,9.3,30600,33900,1243700,,442525000,43195000,399330000,
18634.8,-294400,958237300,5311490100,4353252800,9664742900,220242828.3,159383756.5,-6.4,22000,5641.3,0,,-29700,-387585000,13.05,"2023-01-12T13:35:00.000Z",1673530500000,13.05,13.05,13.05,0,100,0,,1.4,,Infinity,29700,29700,1273400,,387585000,,387585000,
18634.8,-308200,778392300,5375680100,4597287800,9972967900,220242828.3,159383756.5,-3,22000,5641.3,0.3,4900,-13800,-179845000,13.1,"2023-01-12T13:40:00.000Z",1673530800000,13.1,13.05,13.05,20.8,79.2,0,0.3,0.9,,3.8,18700,23600,1297000,,308225000,64190000,244035000,
18634.8,-343300,320352300,5379610100,5059257800,10438867900,220242828.3,159383756.5,-7.5,22000,5641.3,0,300,-35100,-458040000,13.05,"2023-01-12T13:45:00.000Z",1673531100000,13.1,13.05,13.05,0.8,99.2,0,0,1.6,,118,35400,35700,1332700,,465900000,3930000,461970000,
18634.8,-359300,111887300,5467380100,5355492800,10822872900,220242828.3,159383756.5,-3.4,22000,5641.3,0.3,6700,-16000,-208465000,13.05,"2023-01-12T13:50:00.000Z",1673531400000,13.1,13.05,13.1,22.8,77.2,0,0.4,1,,3.4,22700,29400,1362100,,384005000,87770000,296235000,
18634.8,-364600,42777300,5481790100,5439012800,10920802900,220242828.3,159383756.5,-1.1,22000,5641.3,0.2,1100,-5300,-69110000,13.05,"2023-01-12T13:55:00.000Z",1673531700000,13.1,13.05,13.1,14.7,85.3,0,0.1,0.3,,5.8,6400,7500,1369600,,97930000,14410000,83520000,
18634.8,-412900,-584742700,6214080100,6798822800,13012902900,220242828.3,159383756.5,-10.3,22000,5641.3,0.5,55900,-48300,-627520000,13.1,"2023-01-12T14:00:00.000Z",1673532000000,13.1,13.05,13.05,34.9,65.1,0,3,4.7,,1.9,104200,160100,1529700,,2092100000,732290000,1359810000,
18634.8,-304100,840687300,7843870100,7003182800,14847052900,220242828.3,159383756.5,23.4,22000,5641.3,8,124400,108800,1425430000,13.15,"2023-01-12T14:05:00.000Z",1673532300000,13.15,13.1,13.1,88.9,11.1,0,6.7,0.7,,0.1,15600,140000,1669700,,1834150000,1629790000,204360000,
18634.8,-274500,1228672300,8322230100,7093557800,15415787900,220242828.3,159383756.5,6.4,22000,5641.3,5.3,36500,29600,387985000,13.1,"2023-01-12T14:10:00.000Z",1673532600000,13.15,13.05,13.15,84.1,15.9,0,2,0.3,,0.2,6900,43400,1713100,,568735000,478360000,90375000,
18634.8,-232700,1776252300,8920900100,7144647800,16065547900,220242828.3,159383756.5,9,22000,5641.3,11.7,45700,41800,547580000,13.1,"2023-01-12T14:15:00.000Z",1673532900000,13.1,13.1,13.1,92.1,7.9,0,2.5,0.2,,0.1,3900,49600,1762700,,649760000,598670000,51090000,
18634.8,-195900,2258757300,9489540100,7230782800,16720322900,220242828.3,159383756.5,7.9,22000,5641.3,6.6,43400,36800,482505000,13.1,"2023-01-12T14:20:00.000Z",1673533200000,13.15,13.05,13.1,86.8,13.2,0,2.3,0.3,,0.2,6600,50000,1812700,,654775000,568640000,86135000,
18634.8,-154800,2799517300,10131170100,7331652800,17462822900,220242828.3,159383756.5,8.9,22000,5641.3,6.3,48800,41100,540760000,13.15,"2023-01-12T14:25:00.000Z",1673533500000,13.15,13.1,13.15,86.4,13.6,0,2.6,0.4,,0.2,7700,56500,1869200,,742500000,641630000,100870000,
18634.8,-154800,2799517300,10131170100,7331652800,20888222900,220242828.3,159383756.5,0,22000,5641.3,NaN,,0,0,13.2,"2023-01-12T14:45:00.000Z",1673534700000,13.2,13.2,13.2,0,0,100,,,46,NaN,,259500,2128700,259500,3425400000,,,3425400000
