"abu","acum_busd","acum_busd_val","acum_val","asd","auk","bs","bu","bu-sd","bu-sd_val","c","date","datetime","h","l","o","pbu","psd","puk","rbu","rsd","ruk","sb","sd","sum_vol","total_vol","uk","val","val_bu","val_sd","val_uk"
931.3,-400,-29200000,29200000,953.7,10.4,0,,-400,-29200000,73,"2023-01-12T09:14:00.000Z",1673514840000,73,73,73,0,100,0,,0.4,,Infinity,400,400,400,,29200000,,29200000,
931.3,-600,-43750000,43750000,953.7,10.4,0,,-200,-14550000,72.5,"2023-01-12T09:16:00.000Z",1673514960000,73,72.5,73,0,100,0,,0.2,,Infinity,200,200,600,,14550000,,14550000,
931.3,-700,-51000000,51000000,953.7,10.4,0,,-100,-7250000,72.5,"2023-01-12T09:24:00.000Z",1673515440000,72.5,72.5,72.5,0,100,0,,0.1,,Infinity,100,100,700,,7250000,,7250000,
931.3,-400,-29250000,72750000,953.7,10.4,Infinity,300,300,21750000,72.5,"2023-01-12T09:30:00.000Z",1673515800000,72.5,72.5,72.5,100,0,0,0.3,,,0,,300,1000,,21750000,21750000,,
931.3,-300,-22000000,80000000,953.7,10.4,Infinity,100,100,7250000,72.5,"2023-01-12T09:34:00.000Z",1673516040000,72.5,72.5,72.5,100,0,0,0.1,,,0,,100,1100,,7250000,7250000,,
931.3,300,21500000,123500000,953.7,10.4,Infinity,600,600,43500000,72.5,"2023-01-12T09:36:00.000Z",1673516160000,72.5,72.5,72.5,100,0,0,0.6,,,0,,600,1700,,43500000,43500000,,
931.3,3400,246250000,348250000,953.7,10.4,Infinity,3100,3100,224750000,72.5,"2023-01-12T09:42:00.000Z",1673516520000,72.5,72.5,72.5,100,0,0,3.3,,,0,,3100,4800,,224750000,224750000,,
931.3,3400,246250000,355500000,953.7,10.4,NaN,,0,0,72.5,"2023-01-12T09:44:00.000Z",1673516640000,72.5,72.5,72.5,0,0,100,,,9.6,NaN,,100,4900,100,7250000,,,7250000
931.3,3200,231770000,398860000,953.7,10.4,0.5,200,-200,-14480000,72.2,"2023-01-12T09:50:00.000Z",1673517000000,72.4,72.2,72.4,33.3,66.7,0,0.2,0.4,,2,400,600,5500,,43360000,14440000,28920000,
931.3,3700,267870000,434960000,953.7,10.4,Infinity,500,500,36100000,72.2,"2023-01-12T09:52:00.000Z",1673517120000,72.2,72.2,72.2,100,0,0,0.5,,,0,,500,6000,,36100000,36100000,,
931.3,3800,275110000,442200000,953.7,10.4,Infinity,100,100,7240000.000000001,72.4,"2023-01-12T09:54:00.000Z",1673517240000,72.4,72.4,72.4,100,0,0,0.1,,,0,,100,6100,,7240000.000000001,7240000.000000001,,
931.3,3900,282350000,449440000,953.7,10.4,Infinity,100,100,7240000.000000001,72.4,"2023-01-12T09:56:00.000Z",1673517360000,72.4,72.4,72.4,100,0,0,0.1,,,0,,100,6200,,7240000.000000001,7240000.000000001,,
931.3,4600,333030000,500120000,953.7,10.4,Infinity,700,700,50680000,72.4,"2023-01-12T09:58:00.000Z",1673517480000,72.4,72.4,72.4,100,0,0,0.8,,,0,,700,6900,,50680000,50680000,,
931.3,3600,260710000,572440000,953.7,10.4,0,,-1000,-72320000,72.2,"2023-01-12T10:04:00.000Z",1673517840000,72.4,72.2,72.4,0,100,0,,1,,Infinity,1000,1000,7900,,72320000,,72320000,
931.3,3200,231840000,615770000,953.7,10.4,0.2,100,-400,-28870000,72.3,"2023-01-12T10:06:00.000Z",1673517960000,72.3,72.2,72.2,16.7,83.3,0,0.1,0.5,,5,500,600,8500,,43330000,7230000,36100000,
931.3,2400,174080000,687970000,953.7,10.4,0.1,100,-800,-57760000,72.2,"2023-01-12T10:08:00.000Z",1673518080000,72.2,72.2,72.2,10,90,0,0.1,0.9,,9,900,1000,9500,,72200000,7220000,64980000,
931.3,3600,260600000,1207090000,953.7,10.4,1.4,4200,1200,86520000,72.1,"2023-01-12T10:10:00.000Z",1673518200000,72.1,72.1,72.1,58.3,41.7,0,4.5,3.1,,0.7,3000,7200,16700,,519120000,302820000,216300000,
931.3,3300,238970000,1228720000,953.7,10.4,0,,-300,-21630000,72.1,"2023-01-12T10:12:00.000Z",1673518320000,72.1,72.1,72.1,0,100,0,,0.3,,Infinity,300,300,17000,,21630000,,21630000,
931.3,4300,311170000,1300920000,953.7,10.4,Infinity,1000,1000,72200000,72.2,"2023-01-12T10:16:00.000Z",1673518560000,72.2,72.2,72.2,100,0,0,1.1,,,0,,1000,18000,,72200000,72200000,,
931.3,4400,318390000,1308140000,953.7,10.4,Infinity,100,100,7220000,72.2,"2023-01-12T10:18:00.000Z",1673518680000,72.2,72.2,72.2,100,0,0,0.1,,,0,,100,18100,,7220000,7220000,,
931.3,2600,188610000,1437920000,953.7,10.4,0,,-1800,-129780000,72.1,"2023-01-12T10:20:00.000Z",1673518800000,72.1,72.1,72.1,0,100,0,,1.9,,Infinity,1800,1800,19900,,129780000,,129780000,
931.3,2500,181400000,1445130000,953.7,10.4,0,,-100,-7209999.999999999,72.1,"2023-01-12T10:24:00.000Z",1673519040000,72.1,72.1,72.1,0,100,0,,0.1,,Infinity,100,100,20000,,7209999.999999999,,7209999.999999999,
931.3,-13100,-941930000,2582900000,953.7,10.4,0,100,-15600,-1123330000,72.2,"2023-01-12T10:26:00.000Z",1673519160000,72.2,72,72.1,0.6,99.4,0,0.1,16.5,,157,15700,15800,35800,,1137770000,7220000,1130550000,
931.3,-10200,-732550000,2792280000,953.7,10.4,Infinity,2900,2900,209380000,72.2,"2023-01-12T10:30:00.000Z",1673519400000,72.2,72.2,72.2,100,0,0,3.1,,,0,,2900,38700,,209380000,209380000,,
931.3,-10100,-725330000,2799500000,953.7,10.4,Infinity,100,100,7220000,72.2,"2023-01-12T10:32:00.000Z",1673519520000,72.2,72.2,72.2,100,0,0,0.1,,,0,,100,38800,,7220000,7220000,,
931.3,-9300,-667570000,2857260000,953.7,10.4,Infinity,800,800,57760000,72.2,"2023-01-12T10:34:00.000Z",1673519640000,72.2,72.2,72.2,100,0,0,0.9,,,0,,800,39600,,57760000,57760000,,
931.3,-8200,-588150000,2936680000,953.7,10.4,Infinity,1100,1100,79420000,72.2,"2023-01-12T10:38:00.000Z",1673519880000,72.2,72.2,72.2,100,0,0,1.2,,,0,,1100,40700,,79420000,79420000,,
931.3,-7700,-552050000,2972780000,953.7,10.4,Infinity,500,500,36100000,72.2,"2023-01-12T10:42:00.000Z",1673520120000,72.2,72.2,72.2,100,0,0,0.5,,,0,,500,41200,,36100000,36100000,,
931.3,-7600,-544830000,2980000000,953.7,10.4,Infinity,100,100,7220000,72.2,"2023-01-12T10:52:00.000Z",1673520720000,72.2,72.2,72.2,100,0,0,0.1,,,0,,100,41300,,7220000,7220000,,
931.3,-8000,-573670000,3008840000,953.7,10.4,0,,-400,-28839999.999999996,72.1,"2023-01-12T11:04:00.000Z",1673521440000,72.1,72.1,72.1,0,100,0,,0.4,,Infinity,400,400,41700,,28839999.999999996,,28839999.999999996,
931.3,-8800,-631350000,3066520000,953.7,10.4,0,,-800,-57680000,72.1,"2023-01-12T11:06:00.000Z",1673521560000,72.1,72.1,72.1,0,100,0,,0.8,,Infinity,800,800,42500,,57680000,,57680000,
931.3,-8900,-638540000,3088130000,953.7,10.4,0.5,100,-100,-7190000.000000001,72,"2023-01-12T11:12:00.000Z",1673521920000,72.1,72,72.1,33.3,66.7,0,0.1,0.2,,2,200,300,42800,,21610000,7209999.999999999,14400000,
931.3,-25700,-1848140000,4326530000,953.7,10.4,0,200,-16800,-1209600000,72,"2023-01-12T11:14:00.000Z",1673522040000,72,72,72,1.2,98.8,0,0.2,17.8,,85,17000,17200,60000,,1238400000,14400000,1224000000,
931.3,-28700,-2063450000,4541840000,953.7,10.4,0,,-3000,-215310000,71.7,"2023-01-12T11:16:00.000Z",1673522160000,71.9,71.7,71.9,0,100,0,,3.1,,Infinity,3000,3000,63000,,215310000,,215310000,
931.3,-25900,-1861850000,4743440000,953.7,10.4,Infinity,2800,2800,201600000,72,"2023-01-12T11:24:00.000Z",1673522640000,72,72,72,100,0,0,3,,,0,,2800,65800,,201600000,201600000,,
931.3,-27100,-1948110000,4930780000,953.7,10.4,0.4,700,-1200,-86260000,72.2,"2023-01-12T13:00:00.000Z",1673528400000,72.2,72,72,26.9,73.1,0,0.8,2,,2.7,1900,2600,68400,,187340000,50540000,136800000,
931.3,-24400,-1753170000,5125720000,953.7,10.4,Infinity,2700,2700,194940000,72.2,"2023-01-12T13:02:00.000Z",1673528520000,72.2,72.2,72.2,100,0,0,2.9,,,0,,2700,71100,,194940000,194940000,,
931.3,-24900,-1789220000,5205030000,953.7,10.4,0,,-500,-36049999.99999999,72.1,"2023-01-12T13:04:00.000Z",1673528640000,72.1,72.1,72.1,0,45.5,54.5,,0.5,57.7,Infinity,500,1100,72200,600,79310000,,36049999.99999999,43260000
931.3,-25600,-1839690000,5284340000,953.7,10.4,0.2,200,-700,-50469999.99999999,72.1,"2023-01-12T13:14:00.000Z",1673529240000,72.1,72.1,72.1,18.2,81.8,0,0.2,0.9,,4.5,900,1100,73300,,79309999.99999999,14419999.999999998,64889999.99999999,
931.3,-28600,-2055690000,5500340000,953.7,10.4,0,,-3000,-216000000,72,"2023-01-12T13:16:00.000Z",1673529360000,72,72,72,0,100,0,,3.1,,Infinity,3000,3000,76300,,216000000,,216000000,
931.3,-30300,-2178090000,5622740000,953.7,10.4,0,,-1700,-122400000,72,"2023-01-12T13:18:00.000Z",1673529480000,72,72,72,0,100,0,,1.8,,Infinity,1700,1700,78000,,122400000,,122400000,
931.3,-20700,-1484890000,6373540000,953.7,10.4,25,10000,9600,693200000,72.2,"2023-01-12T13:20:00.000Z",1673529600000,72.2,72,72,96.2,3.8,0,10.7,0.4,,0,400,10400,88400,,750800000,722000000,28800000,
931.3,-21000,-1506520000,6395170000,953.7,10.4,0,,-300,-21630000,72.1,"2023-01-12T13:24:00.000Z",1673529840000,72.1,72.1,72.1,0,100,0,,0.3,,Infinity,300,300,88700,,21630000,,21630000,
931.3,-20700,-1484840000,6445690000,953.7,10.4,2.5,500,300,21680000,72.2,"2023-01-12T13:26:00.000Z",1673529960000,72.2,72.1,72.1,71.4,28.6,0,0.5,0.2,,0.4,200,700,89400,,50520000,36100000,14419999.999999998,
931.3,-21000,-1506470000,6467320000,953.7,10.4,0,,-300,-21629999.999999996,72.1,"2023-01-12T13:28:00.000Z",1673530080000,72.1,72.1,72.1,0,100,0,,0.3,,Infinity,300,300,89700,,21629999.999999996,,21629999.999999996,
931.3,-24500,-1758370000,6791420000,953.7,10.4,0.1,500,-3500,-251900000,72,"2023-01-12T13:32:00.000Z",1673530320000,72.2,72,72.2,11.1,88.9,0,0.5,4.2,,8,4000,4500,94200,,324100000,36100000,288000000,
931.3,-24400,-1751170000,6798620000,953.7,10.4,Infinity,100,100,7200000,72,"2023-01-12T13:34:00.000Z",1673530440000,72,72,72,100,0,0,0.1,,,0,,100,94300,,7200000,7200000,,
931.3,-24300,-1743970000,6805820000,953.7,10.4,Infinity,100,100,7200000,72,"2023-01-12T13:36:00.000Z",1673530560000,72,72,72,100,0,0,0.1,,,0,,100,94400,,7200000,7200000,,
931.3,-23900,-1715170000,6834620000,953.7,10.4,Infinity,400,400,28800000,72,"2023-01-12T13:38:00.000Z",1673530680000,72,72,72,100,0,0,0.4,,,0,,400,94800,,28800000,28800000,,
931.3,-27500,-1973630000,7107480000,953.7,10.4,0,100,-3600,-258460000,71.8,"2023-01-12T13:40:00.000Z",1673530800000,72,71.8,72,2.6,97.4,0,0.1,3.9,,37,3700,3800,98600,,272860000,7200000,265660000,
931.3,-26300,-1887470000,7208000000,953.7,10.4,13,1300,1200,86160000,71.8,"2023-01-12T13:42:00.000Z",1673530920000,71.8,71.8,71.8,92.9,7.1,0,1.4,0.1,,0.1,100,1400,100000,,100520000,93340000,7180000,
931.3,-26800,-1923370000,7243900000,953.7,10.4,0,,-500,-35900000,71.8,"2023-01-12T13:46:00.000Z",1673531160000,71.8,71.8,71.8,0,100,0,,0.5,,Infinity,500,500,100500,,35900000,,35900000,
931.3,-26900,-1930550000,7251080000,953.7,10.4,0,,-100,-7180000,71.8,"2023-01-12T13:48:00.000Z",1673531280000,71.8,71.8,71.8,0,100,0,,0.1,,Infinity,100,100,100600,,7180000,,7180000,
931.3,-24600,-1764950000,7416680000,953.7,10.4,Infinity,2300,2300,165600000,72,"2023-01-12T13:50:00.000Z",1673531400000,72,72,72,100,0,0,2.5,,,0,,2300,102900,,165600000,165600000,,
931.3,-22700,-1627770000,7553860000,953.7,10.4,Infinity,1900,1900,137180000,72.2,"2023-01-12T13:52:00.000Z",1673531520000,72.2,72.2,72.2,100,0,0,2,,,0,,1900,104800,,137180000,137180000,,
931.3,-20000,-1432830000,7748800000,953.7,10.4,Infinity,2700,2700,194940000,72.2,"2023-01-12T13:54:00.000Z",1673531640000,72.2,72.2,72.2,100,0,0,2.9,,,0,,2700,107500,,194940000,194940000,,
931.3,-17400,-1245110000,7936520000,953.7,10.4,Infinity,2600,2600,187720000,72.2,"2023-01-12T13:56:00.000Z",1673531760000,72.2,72.2,72.2,100,0,0,2.8,,,0,,2600,110100,,187720000,187720000,,
931.3,-17300,-1237890000,7943740000,953.7,10.4,Infinity,100,100,7220000,72.2,"2023-01-12T13:58:00.000Z",1673531880000,72.2,72.2,72.2,100,0,0,0.1,,,0,,100,110200,,7220000,7220000,,
931.3,-15500,-1107930000,8073700000,953.7,10.4,Infinity,1800,1800,129960000,72.2,"2023-01-12T14:00:00.000Z",1673532000000,72.2,72.2,72.2,100,0,0,1.9,,,0,,1800,112000,,129960000,129960000,,
931.3,-15100,-1079090000,8102540000,953.7,10.4,Infinity,400,400,28839999.999999996,72.1,"2023-01-12T14:02:00.000Z",1673532120000,72.1,72.1,72.1,100,0,0,0.4,,,0,,400,112400,,28839999.999999996,28839999.999999996,,
931.3,-13200,-941890000,8254140000,953.7,10.4,20,2000,1900,137200000,72,"2023-01-12T14:04:00.000Z",1673532240000,72.2,72,72.2,95.2,4.8,0,2.1,0.1,,0.1,100,2100,114500,,151600000,144400000,7200000,
931.3,-13000,-927460000,8268570000,953.7,10.4,Infinity,200,200,14430000,72.2,"2023-01-12T14:10:00.000Z",1673532600000,72.2,72.1,72.1,100,0,0,0.2,,,0,,200,114700,,14430000,14430000,,
931.3,-12900,-920240000,8275790000,953.7,10.4,Infinity,100,100,7220000,72.2,"2023-01-12T14:12:00.000Z",1673532720000,72.2,72.2,72.2,100,0,0,0.1,,,0,,100,114800,,7220000,7220000,,
931.3,-10300,-732520000,8463510000,953.7,10.4,Infinity,2600,2600,187720000,72.2,"2023-01-12T14:20:00.000Z",1673533200000,72.2,72.2,72.2,100,0,0,2.8,,,0,,2600,117400,,187720000,187720000,,
931.3,-8400,-595330000,8615120000,953.7,10.4,20,2000,1900,137190000,72.2,"2023-01-12T14:26:00.000Z",1673533560000,72.2,72.1,72.1,95.2,4.8,0,2.1,0.1,,0.1,100,2100,119500,,151610000,144400000,7209999.999999999,
931.3,-8600,-609740000,8644030000,953.7,10.4,0.3,100,-200,-14410000,72.5,"2023-01-12T14:28:00.000Z",1673533680000,72.5,72.2,72.2,25,75,0,0.1,0.3,,3,300,400,119900,,28910000,7250000,21660000,
931.3,-1500,-94990000,9158780000,953.7,10.4,Infinity,7100,7100,514750000,72.5,"2023-01-12T14:44:00.000Z",1673534640000,72.5,72.5,72.5,100,0,0,7.6,,,0,,7100,127000,,514750000,514750000,,
