"abu","acum_busd","acum_busd_val","acum_val_bu","acum_val_sd","acum_val","avg_val_bu","avg_val_sd","rbusd","asd","auk","bs","bu","bu-sd","bu-sd_val","c","date","datetime","h","l","o","pbu","psd","puk","rbu","rsd","ruk","sb","sd","sum_vol","total_vol","uk","val","val_bu","val_sd","val_uk"
21341.3,-1100,-7631000,8999000,16630000,85222000,130084810.9,118856626.1,-0.7,17571.7,2504.3,0.5,1300,-1100,-7631000,6.92,"2023-02-09T09:15:00.000Z",1675934100000,6.93,6.91,6.93,10.6,19.5,69.9,0.1,0.1,3.4,1.8,2400,12300,12300,8600,85222000,8999000,16630000,59593000
21341.3,-14900,-102814000,25568000,128382000,230103000,130084810.9,118856626.1,-8.5,17571.7,2504.3,0.1,2400,-13800,-95183000,6.88,"2023-02-09T09:20:00.000Z",1675934400000,6.93,6.88,6.93,11.4,77.1,11.4,0.1,0.9,1,6.8,16200,21000,33300,2400,144881000,16569000,111752000,16560000
21341.3,46900,322993000,474096000,151103000,701352000,130084810.9,118856626.1,37.9,17571.7,2504.3,19.7,65100,61800,425807000,6.88,"2023-02-09T09:25:00.000Z",1675934700000,6.89,6.88,6.88,95.2,4.8,0,3.1,0.2,,0.1,3300,68400,101700,,471249000,448528000,22721000,
21341.3,141200,973784000,1198590000,224806000,1499549000,130084810.9,118856626.1,58,17571.7,2504.3,9.8,105000,94300,650791000,6.9,"2023-02-09T09:30:00.000Z",1675935000000,6.9,6.88,6.88,90.8,9.2,0,4.9,0.6,,0.1,10700,115700,217400,,798197000,724494000,73703000,
21341.3,144700,998039000,1223538000,225499000,1525190000,130084810.9,118856626.1,2.2,17571.7,2504.3,36,3600,3500,24255000,6.93,"2023-02-09T09:35:00.000Z",1675935300000,6.93,6.93,6.93,97.3,2.7,0,0.2,0,,0,100,3700,221100,,25641000,24948000,693000,
21341.3,149500,1031356000,1260317000,228961000,1566124000,130084810.9,118856626.1,3,17571.7,2504.3,10.6,5300,4800,33317000,6.94,"2023-02-09T09:40:00.000Z",1675935600000,6.94,6.92,6.92,89.8,8.5,1.7,0.2,0,0,0.1,500,5900,227000,100,40934000,36779000,3462000,693000
21341.3,202100,954423600,1526087600,571664000,2174597600,130084810.9,118856626.1,-6.9,17571.7,2504.3,2.1,101900,52600,-76932400,7,"2023-02-09T09:45:00.000Z",1675935900000,7,6.95,6.95,67.4,32.6,0,4.8,2.8,,0.5,49300,151200,378200,,608473600,265770600,342703000,
21341.3,274800,1173863800,1780023800,606160000,2463029800,130084810.9,118856626.1,19.5,17571.7,2504.3,15.8,77600,72700,219440200,7.05,"2023-02-09T09:50:00.000Z",1675936200000,7.05,7,7,94.1,5.9,0,3.6,0.3,,0.1,4900,82500,460700,,288432200,253936200,34496000,
21341.3,240800,1071035000,1918611800,847576800,2843034600,130084810.9,118856626.1,-9.2,17571.7,2504.3,0.4,19700,-34000,-102828800,7,"2023-02-09T09:55:00.000Z",1675936500000,7.05,7,7.04,26.8,73.2,0,0.9,3.1,,2.7,53700,73400,534100,,380004800,138588000,241416800,
21341.3,244400,1025678700,1941058500,915379800,2933284300,130084810.9,118856626.1,-4,17571.7,2504.3,1.4,13300,3600,-45356300,7,"2023-02-09T10:00:00.000Z",1675936800000,7.01,6.99,7,57.8,42.2,0,0.6,0.6,,0.7,9700,23000,557100,,90249700,22446700,67803000,
21341.3,242800,990759500,1958535300,967775800,3003157100,130084810.9,118856626.1,-3.1,17571.7,2504.3,0.8,5900,-1600,-34919200,6.98,"2023-02-09T10:05:00.000Z",1675937100000,7,6.98,7,44,56,0,0.3,0.4,,1.3,7500,13400,570500,,69872800,17476800,52396000,
21341.3,243900,998311500,2096162300,1097850800,3270859100,130084810.9,118856626.1,0.7,17571.7,2504.3,1.1,19800,1100,7552000,6.95,"2023-02-09T10:10:00.000Z",1675937400000,6.97,6.95,6.97,51.4,48.6,0,0.9,1.1,,0.9,18700,38500,609000,,267702000,137627000,130075000,
21341.3,253200,1062947500,2164272300,1101324800,3342443100,130084810.9,118856626.1,5.8,17571.7,2504.3,19.6,9800,9300,64636000,6.95,"2023-02-09T10:15:00.000Z",1675937700000,6.95,6.94,6.95,95.1,4.9,0,0.5,0,,0.1,500,10300,619300,,71584000,68110000,3474000,
21341.3,260600,1114377500,2215702300,1101324800,3393873100,130084810.9,118856626.1,4.6,17571.7,2504.3,Infinity,7400,7400,51430000,6.95,"2023-02-09T10:20:00.000Z",1675938000000,6.95,6.95,6.95,100,0,0,0.3,,,0,,7400,626700,,51430000,51430000,,
21341.3,264000,1138028500,2246998300,1108969800,3432814100,130084810.9,118856626.1,2.1,17571.7,2504.3,4.1,4500,3400,23651000,6.95,"2023-02-09T10:25:00.000Z",1675938300000,6.96,6.95,6.96,80.4,19.6,0,0.2,0.1,,0.2,1100,5600,632300,,38941000,31296000,7645000,
21341.3,268100,1166526500,2277578300,1111051800,3465476100,130084810.9,118856626.1,2.5,17571.7,2504.3,14.7,4400,4100,28498000,6.94,"2023-02-09T10:30:00.000Z",1675938600000,6.95,6.94,6.95,93.6,6.4,0,0.2,0,,0.1,300,4700,637000,,32662000,30580000,2082000,
21341.3,294800,1352356500,2493422300,1141065800,3711334100,130084810.9,118856626.1,16.6,17571.7,2504.3,7.2,31000,26700,185830000,6.98,"2023-02-09T10:35:00.000Z",1675938900000,6.99,6.95,6.95,87.8,12.2,0,1.5,0.2,,0.1,4300,35300,672300,,245858000,215844000,30014000,
21341.3,287600,1302252500,2599670300,1297417800,3973934100,130084810.9,118856626.1,-4.5,17571.7,2504.3,0.7,15200,-7200,-50104000,6.98,"2023-02-09T10:40:00.000Z",1675939200000,6.99,6.98,6.99,40.4,59.6,0,0.7,1.3,,1.5,22400,37600,709900,,262600000,106248000,156352000,
21341.3,293100,1340647500,2641550300,1300902800,4019299100,130084810.9,118856626.1,3.4,17571.7,2504.3,12,6000,5500,38395000,6.98,"2023-02-09T10:45:00.000Z",1675939500000,6.98,6.97,6.98,92.3,7.7,0,0.3,0,,0.1,500,6500,716400,,45365000,41880000,3485000,
21341.3,260500,1113932500,2668004300,1554071800,4298922100,130084810.9,118856626.1,-20.2,17571.7,2504.3,0.1,3800,-32600,-226715000,6.95,"2023-02-09T10:50:00.000Z",1675939800000,6.98,6.95,6.98,9.5,90.5,0,0.2,2.1,,9.6,36400,40200,756600,,279623000,26454000,253169000,
21341.3,272800,1199435500,2756982300,1557546800,4391375100,130084810.9,118856626.1,7.6,17571.7,2504.3,25.6,12800,12300,85503000,6.95,"2023-02-09T10:55:00.000Z",1675940100000,6.96,6.95,6.95,96.2,3.8,0,0.6,0,,0,500,13300,769900,,92453000,88978000,3475000,
21341.3,275800,1220347500,2778589300,1558241800,4413677100,130084810.9,118856626.1,1.9,17571.7,2504.3,31,3100,3000,20912000,6.97,"2023-02-09T11:00:00.000Z",1675940400000,6.97,6.95,6.95,96.9,3.1,0,0.1,0,,0,100,3200,773100,,22302000,21607000,695000,
21341.3,265500,1148732500,2811955300,1663222800,4552024100,130084810.9,118856626.1,-6.4,17571.7,2504.3,0.3,4800,-10300,-71615000,6.95,"2023-02-09T11:05:00.000Z",1675940700000,6.97,6.95,6.96,24.1,75.9,0,0.2,0.9,,3.1,15100,19900,793000,,138347000,33366000,104981000,
21341.3,281900,1262713500,2941920300,1679206800,4697973100,130084810.9,118856626.1,10.2,17571.7,2504.3,8.1,18700,16400,113981000,6.95,"2023-02-09T11:10:00.000Z",1675941000000,6.95,6.94,6.95,89,11,0,0.9,0.1,,0.1,2300,21000,814000,,145949000,129965000,15984000,
21341.3,261300,1119839500,3014857300,1895017800,4986721100,130084810.9,118856626.1,-12.7,17571.7,2504.3,0.3,10500,-20600,-142874000,6.93,"2023-02-09T11:15:00.000Z",1675941300000,6.95,6.93,6.95,25.2,74.8,0,0.5,1.8,,3,31100,41600,855600,,288748000,72937000,215811000,
21341.3,251100,1049162500,3102741300,2053578800,5233166100,130084810.9,118856626.1,-6.3,17571.7,2504.3,0.6,12700,-10200,-70677000,6.92,"2023-02-09T11:20:00.000Z",1675941600000,6.93,6.91,6.93,35.7,64.3,0,0.6,1.3,,1.8,22900,35600,891200,,246445000,87884000,158561000,
21341.3,252300,1057476500,3117965300,2060488800,5255300100,130084810.9,118856626.1,0.7,17571.7,2504.3,2.2,2200,1200,8314000,6.91,"2023-02-09T11:25:00.000Z",1675941900000,6.92,6.91,6.92,68.8,31.3,0,0.1,0.1,,0.5,1000,3200,894400,,22134000,15224000,6910000,
21341.3,228100,890738500,3332565300,2441826800,5894018100,130084810.9,118856626.1,-14.8,17571.7,2504.3,0.6,31100,-24200,-166738000,6.9,"2023-02-09T13:00:00.000Z",1675947600000,6.91,6.88,6.91,33.6,59.7,6.7,1.5,3.1,2.5,1.8,55300,92600,987000,6200,638718000,214600000,381338000,42780000
21341.3,224900,868806500,3479738300,2610931800,6242773100,130084810.9,118856626.1,-2,17571.7,2504.3,0.9,21300,-3200,-21932000,6.9,"2023-02-09T13:05:00.000Z",1675947900000,6.91,6.9,6.9,42.2,48.5,9.3,1,1.4,1.9,1.2,24500,50500,1037500,4700,348755000,147173000,169105000,32477000
21341.3,207800,750993500,3496968300,2745974800,6396424100,130084810.9,118856626.1,-10.5,17571.7,2504.3,0.1,2500,-17100,-117813000,6.9,"2023-02-09T13:10:00.000Z",1675948200000,6.9,6.88,6.9,11.2,87.9,0.9,0.1,1.1,0.1,7.8,19600,22300,1059800,200,153651000,17230000,135043000,1378000
21341.3,212500,783564500,3630208300,2846643800,6650343100,130084810.9,118856626.1,2.9,17571.7,2504.3,1.3,19300,4700,32571000,6.9,"2023-02-09T13:15:00.000Z",1675948500000,6.91,6.89,6.9,52.4,39.7,7.9,0.9,0.8,1.2,0.8,14600,36800,1096600,2900,253919000,133240000,100669000,20010000
21341.3,282400,1266347500,4116456300,2850108800,7140056100,130084810.9,118856626.1,43,17571.7,2504.3,140.8,70400,69900,482783000,6.93,"2023-02-09T13:20:00.000Z",1675948800000,6.93,6.9,6.9,99.3,0.7,0,3.3,0,,0,500,70900,1167500,,489713000,486248000,3465000,
21341.3,243000,994415500,4132414300,3137998800,7443904100,130084810.9,118856626.1,-24.2,17571.7,2504.3,0.1,2300,-39400,-271932000,6.9,"2023-02-09T13:25:00.000Z",1675949100000,6.94,6.9,6.94,5.2,94.8,0,0.1,2.4,,18.1,41700,44000,1211500,,303848000,15958000,287890000,
21341.3,237900,959325500,4215314300,3255988800,7644794100,130084810.9,118856626.1,-3.1,17571.7,2504.3,0.7,12000,-5100,-35090000,6.9,"2023-02-09T13:30:00.000Z",1675949400000,6.92,6.9,6.9,41.2,58.8,0,0.6,1,,1.4,17100,29100,1240600,,200890000,82900000,117990000,
21341.3,212200,783387500,4398077300,3614689800,8288010100,130084810.9,118856626.1,-15.7,17571.7,2504.3,0.5,26500,-25700,-175938000,6.9,"2023-02-09T13:35:00.000Z",1675949700000,6.9,6.85,6.9,28.3,55.8,15.8,1.2,3,5.9,2,52200,93500,1334100,14800,643216000,182763000,358701000,101752000
21341.3,210400,771015500,4438155300,3667139800,8403308100,130084810.9,118856626.1,-1.1,17571.7,2504.3,0.8,5800,-1800,-12372000,6.9,"2023-02-09T13:40:00.000Z",1675950000000,6.91,6.9,6.9,34.7,45.5,19.8,0.3,0.4,1.3,1.3,7600,16700,1350800,3300,115298000,40078000,52450000,22770000
21341.3,212500,785618500,4538813300,3753194800,8590021100,130084810.9,118856626.1,1.3,17571.7,2504.3,1.2,14600,2100,14603000,6.9,"2023-02-09T13:45:00.000Z",1675950300000,6.9,6.88,6.88,53.9,46.1,0,0.7,0.7,,0.9,12500,27100,1377900,,186713000,100658000,86055000,
21341.3,229900,906026500,4659221300,3753194800,8710429100,130084810.9,118856626.1,10.7,17571.7,2504.3,Infinity,17400,17400,120408000,6.92,"2023-02-09T13:50:00.000Z",1675950600000,6.92,6.92,6.92,100,0,0,0.8,,,0,,17400,1395300,,120408000,120408000,,
21341.3,250400,1048537500,4909520300,3860982800,9068516100,130084810.9,118856626.1,12.7,17571.7,2504.3,2.3,36000,20500,142511000,6.97,"2023-02-09T13:55:00.000Z",1675950900000,6.98,6.92,6.92,69.9,30.1,0,1.7,0.9,,0.4,15500,51500,1446800,,358087000,250299000,107788000,
21341.3,241200,984423500,5009556300,4025132800,9332702100,130084810.9,118856626.1,-5.7,17571.7,2504.3,0.6,14400,-9200,-64114000,6.95,"2023-02-09T14:00:00.000Z",1675951200000,6.97,6.92,6.97,37.9,62.1,0,0.7,1.3,,1.6,23600,38000,1484800,,264186000,100036000,164150000,
21341.3,209500,765171500,5031753300,4266581800,9596348100,130084810.9,118856626.1,-19.5,17571.7,2504.3,0.1,3200,-31700,-219252000,6.9,"2023-02-09T14:05:00.000Z",1675951500000,6.94,6.9,6.94,8.4,91.6,0,0.1,2,,10.9,34900,38100,1522900,,263646000,22197000,241449000,
21341.3,227600,890716500,5164224300,4273507800,9735745100,130084810.9,118856626.1,11.2,17571.7,2504.3,19.1,19100,18100,125545000,6.94,"2023-02-09T14:10:00.000Z",1675951800000,6.94,6.92,6.92,95,5,0,0.9,0.1,,0.1,1000,20100,1543000,,139397000,132471000,6926000,
21341.3,239200,971230500,5358350300,4387119800,10058015100,130084810.9,118856626.1,7.2,17571.7,2504.3,1.7,28000,11600,80514000,6.93,"2023-02-09T14:15:00.000Z",1675952100000,6.95,6.91,6.95,60.2,35.3,4.5,1.3,0.9,0.8,0.6,16400,46500,1589500,2100,322270000,194126000,113612000,14532000
21341.3,256800,1094590500,5776798300,4682207800,10772248100,130084810.9,118856626.1,11,17571.7,2504.3,1.4,60100,17600,123360000,6.96,"2023-02-09T14:20:00.000Z",1675952400000,6.98,6.93,6.94,58.5,41.4,0.1,2.8,2.4,0,0.7,42500,102700,1692200,100,714233000,418448000,295088000,697000
21341.3,173400,516496500,5983901300,5467404800,11801171100,130084810.9,118856626.1,-51.5,17571.7,2504.3,0.3,29900,-83400,-578094000,6.9,"2023-02-09T14:25:00.000Z",1675952700000,6.97,6.9,6.95,20.1,76.3,3.6,1.4,6.4,2.1,3.8,113300,148500,1840700,5300,1028923000,207103000,785197000,36623000
21341.3,173400,516496500,5983901300,5467404800,12244286100,130084810.9,118856626.1,0,17571.7,2504.3,NaN,,0,0,6.87,"2023-02-09T14:45:00.000Z",1675953900000,6.87,6.87,6.87,0,0,100,,,25.8,NaN,,64500,1905200,64500,443115000,,,443115000
