"abu","acum_busd","acum_busd_val","acum_val_bu","acum_val_sd","acum_val","avg_val_bu","avg_val_sd","rbusd","asd","auk","bs","bu","bu-sd","bu-sd_val","c","date","datetime","h","l","o","pbu","psd","puk","rbu","rsd","ruk","sb","sd","sum_vol","total_vol","uk","val","val_bu","val_sd","val_uk"
116647.8,27900,712535000,3052400000,2339865000,5392265000,1923026413,2034631087,-6.4,94050,15119.6,1.3,123400,27900,712535000,24.8,"2023-02-09T09:15:00.000Z",1675934100000,24.8,24.5,24.5,56.4,43.6,0,1.1,1,,0.8,95500,218900,218900,,5392265000,3052400000,2339865000,
116647.8,-424300,-10414810000,3904090000,14318900000,18237820000,1923026413,2034631087,99.7,94050,15119.6,0.1,34300,-452200,-11127345000,24.6,"2023-02-09T09:20:00.000Z",1675934400000,24.85,24.4,24.8,6.6,93.3,0.1,0.3,5.2,0,14.2,486500,521400,740300,600,12845555000,851690000,11979035000,14830000
116647.8,-642400,-15721305000,4195390000,19916695000,24126915000,1923026413,2034631087,47.5,94050,15119.6,0.1,11900,-218100,-5306495000,24.65,"2023-02-09T09:25:00.000Z",1675934700000,24.65,24.3,24.6,4.9,95.1,0,0.1,2.4,,19.3,230000,241900,982200,,5889095000,291300000,5597795000,
116647.8,-643100,-15737920000,4493655000,20231575000,24740060000,1923026413,2034631087,0.1,94050,15119.6,0.9,12100,-700,-16615000,24.65,"2023-02-09T09:30:00.000Z",1675935000000,24.65,24.6,24.65,48.6,51.4,0,0.1,0.1,,1.1,12800,24900,1007100,,613145000,298265000,314880000,
116647.8,-651200,-15937765000,4864340000,20802105000,25681275000,1923026413,2034631087,1.8,94050,15119.6,0.6,15000,-8100,-199845000,24.7,"2023-02-09T09:35:00.000Z",1675935300000,24.75,24.65,24.65,39.4,60.6,0,0.1,0.2,,1.5,23100,38100,1045200,,941215000,370685000,570530000,
116647.8,-431700,-10513465000,11246965000,21760430000,33022225000,1923026413,2034631087,-48.6,94050,15119.6,6.7,258300,219500,5424300000,24.75,"2023-02-09T09:40:00.000Z",1675935600000,24.75,24.65,24.7,86.9,13.1,0,2.2,0.4,,0.2,38800,297100,1342300,,7340950000,6382625000,958325000,
116647.8,-462200,-11266885000,12230995000,23497880000,35743705000,1923026413,2034631087,6.8,94050,15119.6,0.6,39700,-30500,-753420000,24.8,"2023-02-09T09:45:00.000Z",1675935900000,24.8,24.75,24.75,36.1,63.9,0,0.3,0.7,,1.8,70200,109900,1452200,,2721480000,984030000,1737450000,
116647.8,45700,-5544972500,18747432500,24292405000,43054667500,1923026413,2034631087,-51.3,94050,15119.6,16.9,539800,507900,5721912500,25,"2023-02-09T09:50:00.000Z",1675936200000,25,24.8,24.8,94.4,5.6,0,4.6,0.3,,0.1,31900,571700,2023900,,7310962500,6516437500,794525000,
116647.8,1392800,-5759267500,19728727500,25487995000,45231552500,1923026413,2034631087,1.9,94050,15119.6,9.1,1514100,1347100,-214295000,25,"2023-02-09T09:55:00.000Z",1675936500000,25.05,24.95,25,90.1,9.9,0,13,1.8,,0.1,167000,1681100,3705000,,2176885000,981295000,1195590000,
116647.8,1715100,823332500,27559460000,26736127500,54310417500,1923026413,2034631087,-59,94050,15119.6,7.2,374200,322300,6582600000,25.1,"2023-02-09T10:00:00.000Z",1675936800000,25.1,24.95,25,87.8,12.2,0,3.2,0.6,,0.1,51900,426100,4131100,,9078865000,7830732500,1248132500,
116647.8,1802700,3081290000,31503345000,28422055000,60268385000,1923026413,2034631087,-20.2,94050,15119.6,2.3,157400,87600,2257957500,25.05,"2023-02-09T10:05:00.000Z",1675937100000,25.1,25,25.1,65.5,29,5.5,1.3,0.7,0.9,0.4,69800,240300,4371400,13100,5957967500,3943885000,1685927500,328155000
116647.8,1803300,3994717500,32535405000,28540687500,61419077500,1923026413,2034631087,-8.2,94050,15119.6,1,41200,600,913427500,25,"2023-02-09T10:10:00.000Z",1675937400000,25.05,25,25.05,50.4,49.6,0,0.4,0.4,,1,40600,81800,4453200,,1150692500,1032060000,118632500,
116647.8,1875000,6116127500,34657140000,28541012500,63541137500,1923026413,2034631087,-19,94050,15119.6,6.5,84700,71700,2121410000,25.05,"2023-02-09T10:15:00.000Z",1675937700000,25.05,25,25,86.7,13.3,0,0.7,0.1,,0.2,13000,97700,4550900,,2122060000,2121735000,325000,
116647.8,1952200,8102540000,36693705000,28591165000,65627855000,1923026413,2034631087,-17.8,94050,15119.6,19.8,81300,77200,1986412500,25.05,"2023-02-09T10:20:00.000Z",1675938000000,25.05,25,25.05,95.2,4.8,0,0.7,0,,0.1,4100,85400,4636300,,2086717500,2036565000,50152500,
116647.8,1929200,8802665000,37395105000,28592440000,66330530000,1923026413,2034631087,-6.3,94050,15119.6,0.5,28000,-23000,700125000,25.05,"2023-02-09T10:25:00.000Z",1675938300000,25.05,25,25.05,35.4,64.6,0,0.2,0.5,,1.8,51000,79000,4715300,,702675000,701400000,1275000,
116647.8,2165300,14954912500,43547590000,28592677500,72483252500,1923026413,2034631087,-55.1,94050,15119.6,25.9,245600,236100,6152247500,25.1,"2023-02-09T10:30:00.000Z",1675938600000,25.1,25,25,96.3,3.7,0,2.1,0.1,,0,9500,255100,4970400,,6152722500,6152485000,237500,
116647.8,2786000,30534662500,59388345000,28853682500,88585012500,1923026413,2034631087,-139.6,94050,15119.6,60.7,631100,620700,15579750000,25.1,"2023-02-09T10:35:00.000Z",1675938900000,25.15,25.05,25.1,98.4,1.6,0,5.4,0.1,,0,10400,641500,5611900,,16101760000,15840755000,261005000,
116647.8,2520300,25130682500,62299585000,37168902500,99886622500,1923026413,2034631087,48.4,94050,15119.6,0.3,116000,-265700,-5403980000,25.05,"2023-02-09T10:40:00.000Z",1675939200000,25.15,25,25.1,23.2,76.2,0.6,1,4.1,0.2,3.3,381700,500700,6112600,3000,11301610000,2911240000,8315220000,75150000
116647.8,2552600,26420277500,63589660000,37169382500,101177177500,1923026413,2034631087,-11.6,94050,15119.6,2.7,51500,32300,1289595000,25,"2023-02-09T10:45:00.000Z",1675939500000,25.05,25,25.05,72.8,27.2,0,0.4,0.2,,0.4,19200,70700,6183300,,1290555000,1290075000,480000,
116647.8,2320800,26353660000,63877735000,37524075000,101819945000,1923026413,2034631087,0.6,94050,15119.6,0,11500,-231800,-66617500,24.9,"2023-02-09T10:50:00.000Z",1675939800000,25.05,24.9,25,4.5,95.5,0,0.1,2.6,,21.2,243300,254800,6438100,,642767500,288075000,354692500,
116647.8,2237500,24289175000,64693240000,40404065000,105517925000,1923026413,2034631087,18.5,94050,15119.6,0.3,32900,-83300,-2064485000,24.8,"2023-02-09T10:55:00.000Z",1675940100000,24.9,24.75,24.9,22.1,77.9,0.1,0.3,1.2,0,3.5,116200,149200,6587300,100,3697980000,815505000,2879990000,2485000
116647.8,2280000,25344010000,65795195000,40451185000,106667000000,1923026413,2034631087,-9.5,94050,15119.6,23.4,44400,42500,1054835000,24.85,"2023-02-09T11:00:00.000Z",1675940400000,24.85,24.8,24.8,95.9,4.1,0,0.4,0,,0,1900,46300,6633600,,1149075000,1101955000,47120000,
116647.8,2292500,25654095000,66194475000,40540380000,107155475000,1923026413,2034631087,-2.8,94050,15119.6,4.5,16100,12500,310085000,24.8,"2023-02-09T11:05:00.000Z",1675940700000,24.8,24.75,24.8,81.7,18.3,0,0.1,0,,0.2,3600,19700,6653300,,488475000,399280000,89195000,
116647.8,2287500,25530360000,66201915000,40671555000,107294090000,1923026413,2034631087,1.1,94050,15119.6,0.1,300,-5000,-123735000,24.8,"2023-02-09T11:10:00.000Z",1675941000000,24.8,24.75,24.75,5.4,94.6,0,0,0.1,,17.7,5300,5600,6658900,,138615000,7440000,131175000,
116647.8,2224500,23971290000,66288540000,42317250000,109026410000,1923026413,2034631087,14,94050,15119.6,0.1,3500,-63000,-1559070000,24.7,"2023-02-09T11:15:00.000Z",1675941300000,24.75,24.7,24.75,5,95,0,0,0.7,,19,66500,70000,6728900,,1732320000,86625000,1645695000,
116647.8,2300000,25849460000,68251370000,42401910000,111073900000,1923026413,2034631087,-16.8,94050,15119.6,23.2,78900,75500,1878170000,24.9,"2023-02-09T11:20:00.000Z",1675941600000,24.9,24.75,24.75,95.9,4.1,0,0.7,0,,0,3400,82300,6811200,,2047490000,1962830000,84660000,
116647.8,2292700,25668830000,68355480000,42686650000,111462750000,1923026413,2034631087,1.6,94050,15119.6,0.4,4200,-7300,-180630000,24.75,"2023-02-09T11:25:00.000Z",1675941900000,24.8,24.75,24.8,26.8,73.2,0,0,0.1,,2.7,11500,15700,6826900,,388850000,104110000,284740000,
116647.8,2208200,23583595000,70431435000,46847840000,117699895000,1923026413,2034631087,18.7,94050,15119.6,0.5,84000,-84500,-2085235000,24.75,"2023-02-09T13:00:00.000Z",1675947600000,24.75,24.65,24.75,33.3,66.7,0,0.7,1.8,,2,168500,252500,7079400,,6237145000,2075955000,4161190000,
116647.8,2042200,19497010000,70796805000,51299795000,122517220000,1923026413,2034631087,36.6,94050,15119.6,0.1,14800,-166000,-4086585000,24.65,"2023-02-09T13:05:00.000Z",1675947900000,24.75,24.6,24.75,7.6,92.4,0,0.1,1.9,,12.2,180800,195600,7275000,,4817325000,365370000,4451955000,
116647.8,2022000,19000140000,71382285000,52382145000,124207190000,1923026413,2034631087,4.5,94050,15119.6,0.5,23800,-20200,-496870000,24.6,"2023-02-09T13:10:00.000Z",1675948200000,24.6,24.55,24.6,34.6,64,1.3,0.2,0.5,0.1,1.8,44000,68700,7343700,900,1689970000,585480000,1082350000,22140000
116647.8,2065500,20073205000,72936800000,52863595000,126243155000,1923026413,2034631087,-9.6,94050,15119.6,3.2,63000,43500,1073065000,24.75,"2023-02-09T13:15:00.000Z",1675948500000,24.75,24.6,24.6,76.4,23.6,0,0.5,0.2,,0.3,19500,82500,7426200,,2035965000,1554515000,481450000,
116647.8,2079500,20419625000,73542570000,53122945000,127108275000,1923026413,2034631087,-3.1,94050,15119.6,2.3,24500,14000,346420000,24.7,"2023-02-09T13:20:00.000Z",1675948800000,24.75,24.7,24.75,70,30,0,0.2,0.1,,0.4,10500,35000,7461200,,865120000,605770000,259350000,
116647.8,2045900,19591565000,73859315000,54267750000,128569825000,1923026413,2034631087,7.4,94050,15119.6,0.3,12800,-33600,-828060000,24.65,"2023-02-09T13:25:00.000Z",1675949100000,24.75,24.65,24.7,21.6,78.4,0,0.1,0.5,,3.6,46400,59200,7520400,,1461550000,316745000,1144805000,
116647.8,1670800,10357890000,74216015000,63858125000,138516900000,1923026413,2034631087,82.7,94050,15119.6,0,14500,-375100,-9233675000,24.6,"2023-02-09T13:30:00.000Z",1675949400000,24.65,24.55,24.65,3.6,96.4,0,0.1,4.1,,26.9,389600,404100,7924500,,9947075000,356700000,9590375000,
116647.8,1667700,10283315000,74968775000,64685460000,140096995000,1923026413,2034631087,0.7,94050,15119.6,0.9,30600,-3100,-74575000,24.55,"2023-02-09T13:35:00.000Z",1675949700000,24.6,24.55,24.6,47.6,52.4,0,0.3,0.4,,1.1,33700,64300,7988800,,1580095000,752760000,827335000,
116647.8,1700600,11093565000,75862665000,64769100000,141074525000,1923026413,2034631087,-7.3,94050,15119.6,10.7,36300,32900,810250000,24.65,"2023-02-09T13:40:00.000Z",1675950000000,24.65,24.6,24.6,91.4,8.6,0,0.3,0,,0.1,3400,39700,8028500,,977530000,893890000,83640000,
116647.8,1695300,10964795000,76523605000,65558810000,142525175000,1923026413,2034631087,1.2,94050,15119.6,0.8,26800,-5300,-128770000,24.7,"2023-02-09T13:45:00.000Z",1675950300000,24.7,24.6,24.6,45.5,54.5,0,0.2,0.3,,1.2,32100,58900,8087400,,1450650000,660940000,789710000,
116647.8,1692200,10888805000,77299630000,66410825000,144153215000,1923026413,2034631087,0.7,94050,15119.6,0.9,31400,-3100,-75990000,24.75,"2023-02-09T13:50:00.000Z",1675950600000,24.75,24.65,24.7,47.6,52.4,0,0.3,0.4,,1.1,34500,65900,8153300,,1628040000,776025000,852015000,
116647.8,1728900,11801135000,81368620000,69567485000,151378865000,1923026413,2034631087,-8.2,94050,15119.6,1.3,164500,36700,912330000,24.75,"2023-02-09T13:55:00.000Z",1675950900000,24.75,24.7,24.75,56.3,43.7,0,1.4,1.4,,0.8,127800,292300,8445600,,7225650000,4068990000,3156660000,
116647.8,1526800,6821315000,81805700000,74984385000,157255075000,1923026413,2034631087,44.6,94050,15119.6,0.1,17700,-202100,-4979820000,24.65,"2023-02-09T14:00:00.000Z",1675951200000,24.75,24.6,24.7,7.4,92.2,0.4,0.2,2.3,0.1,12.4,219800,238400,8684000,900,5876210000,437080000,5416900000,22230000
116647.8,1545900,7292645000,82530410000,75237765000,158233165000,1923026413,2034631087,-4.2,94050,15119.6,2.9,29400,19100,471330000,24.65,"2023-02-09T14:05:00.000Z",1675951500000,24.65,24.6,24.65,74.1,25.9,0,0.3,0.1,,0.4,10300,39700,8723700,,978090000,724710000,253380000,
116647.8,1564400,7748830000,83334015000,75585185000,159384190000,1923026413,2034631087,-4.1,94050,15119.6,2.3,32600,18500,456185000,24.6,"2023-02-09T14:10:00.000Z",1675951800000,24.7,24.6,24.65,69.8,30.2,0,0.3,0.1,,0.4,14100,46700,8770400,,1151025000,803605000,347420000,
116647.8,1597900,8575575000,84481190000,75905615000,160851795000,1923026413,2034631087,-7.4,94050,15119.6,3.6,46500,33500,826745000,24.7,"2023-02-09T14:15:00.000Z",1675952100000,24.7,24.6,24.65,78.2,21.8,0,0.4,0.1,,0.3,13000,59500,8829900,,1467605000,1147175000,320430000,
116647.8,1633200,9452535000,87606080000,78153545000,166224615000,1923026413,2034631087,-7.9,94050,15119.6,1.4,126400,35300,876960000,24.75,"2023-02-09T14:20:00.000Z",1675952400000,24.8,24.65,24.7,58.1,41.9,0,1.1,1,,0.7,91100,217500,9047400,,5372820000,3124890000,2247930000,
116647.8,1039500,-5133815000,88459215000,93593030000,182549205000,1923026413,2034631087,130.7,94050,15119.6,0.1,34800,-593700,-14586350000,24.45,"2023-02-09T14:25:00.000Z",1675952700000,24.75,24.45,24.75,5.2,94.6,0.2,0.3,6.7,0.1,18.1,628500,664600,9712000,1300,16324590000,853135000,15439485000,31970000
116647.8,1039500,-5133815000,88459215000,93593030000,198932505000,1923026413,2034631087,0,94050,15119.6,NaN,,0,0,24.25,"2023-02-09T14:45:00.000Z",1675953900000,24.25,24.25,24.25,0,0,100,,,44.7,NaN,,675600,10387600,675600,16383300000,,,16383300000
