"abu","acum_busd","acum_busd_val","acum_val","asd","auk","bs","bu","bu-sd","bu-sd_val","c","date","datetime","h","l","o","pbu","psd","puk","rbu","rsd","ruk","sb","sd","sum_vol","total_vol","uk","val","val_bu","val_sd","val_uk"
646.3,0,0,1300000,482.9,426.8,NaN,,0,0,13,"2023-01-05T09:32:00.000Z",1672911120000,13,13,13,0,0,100,,,0.2,NaN,,100,100,100,1300000,,,1300000
646.3,-100,-1300000,2600000,482.9,426.8,0,,-100,-1300000,13,"2023-01-05T09:36:00.000Z",1672911360000,13,13,13,0,100,0,,0.2,,Infinity,100,100,200,,1300000,,1300000,
646.3,-100,-1300000,28800000,482.9,426.8,NaN,,0,0,13.1,"2023-01-05T09:38:00.000Z",1672911480000,13.1,13.1,13.1,0,0,100,,,4.7,NaN,,2000,2200,2000,26200000,,,26200000
646.3,900,11800000,41900000,482.9,426.8,Infinity,1000,1000,13100000,13.1,"2023-01-05T09:48:00.000Z",1672912080000,13.1,13.1,13.1,100,0,0,1.5,,,0,,1000,3200,,13100000,13100000,,
646.3,1300,17040000,58840000,482.9,426.8,Infinity,400,400,5240000,13.1,"2023-01-05T09:52:00.000Z",1672912320000,13.1,13,13,30.8,0,69.2,0.6,,2.1,0,,1300,4500,900,16940000,5240000,,11700000
646.3,1600,20970000,62770000,482.9,426.8,Infinity,300,300,3930000,13.1,"2023-01-05T09:54:00.000Z",1672912440000,13.1,13.1,13.1,100,0,0,0.5,,,0,,300,4800,,3930000,3930000,,
646.3,1600,20970000,66670000,482.9,426.8,NaN,,0,0,13,"2023-01-05T10:00:00.000Z",1672912800000,13,13,13,0,0,100,,,0.7,NaN,,300,5100,300,3900000,,,3900000
646.3,2000,26170000,71870000,482.9,426.8,Infinity,400,400,5200000,13,"2023-01-05T10:04:00.000Z",1672913040000,13,13,13,100,0,0,0.6,,,0,,400,5500,,5200000,5200000,,
646.3,0,170000,97870000,482.9,426.8,0,,-2000,-26000000,13,"2023-01-05T10:08:00.000Z",1672913280000,13,13,13,0,100,0,,4.1,,Infinity,2000,2000,7500,,26000000,,26000000,
646.3,-1100,-14130000,112170000,482.9,426.8,0,,-1100,-14300000,13,"2023-01-05T10:14:00.000Z",1672913640000,13,13,13,0,100,0,,2.3,,Infinity,1100,1100,8600,,14300000,,14300000,
646.3,-2200,-28430000,136870000,482.9,426.8,0.3,400,-1100,-14300000,13,"2023-01-05T10:22:00.000Z",1672914120000,13,13,13,21.1,78.9,0,0.6,3.1,,3.8,1500,1900,10500,,24700000,5200000,19500000,
646.3,-2300,-29730000,138170000,482.9,426.8,0,,-100,-1300000,13,"2023-01-05T10:24:00.000Z",1672914240000,13,13,13,0,100,0,,0.2,,Infinity,100,100,10600,,1300000,,1300000,
646.3,-2600,-33630000,142070000,482.9,426.8,0,,-300,-3900000,13,"2023-01-05T10:26:00.000Z",1672914360000,13,13,13,0,100,0,,0.6,,Infinity,300,300,10900,,3900000,,3900000,
646.3,-2600,-33630000,143370000,482.9,426.8,NaN,,0,0,13,"2023-01-05T10:30:00.000Z",1672914600000,13,13,13,0,0,100,,,0.2,NaN,,100,11000,100,1300000,,,1300000
646.3,-2600,-33630000,162870000,482.9,426.8,NaN,,0,0,13,"2023-01-05T10:34:00.000Z",1672914840000,13,13,13,0,0,100,,,3.5,NaN,,1500,12500,1500,19500000,,,19500000
646.3,-2600,-33630000,175870000,482.9,426.8,NaN,,0,0,13,"2023-01-05T10:36:00.000Z",1672914960000,13,13,13,0,0,100,,,2.3,NaN,,1000,13500,1000,13000000,,,13000000
646.3,-2300,-29700000,179800000,482.9,426.8,Infinity,300,300,3930000,13.1,"2023-01-05T10:40:00.000Z",1672915200000,13.1,13.1,13.1,100,0,0,0.5,,,0,,300,13800,,3930000,3930000,,
646.3,-2600,-33600000,183700000,482.9,426.8,0,,-300,-3900000,13,"2023-01-05T10:44:00.000Z",1672915440000,13,13,13,0,100,0,,0.6,,Infinity,300,300,14100,,3900000,,3900000,
646.3,-2900,-37500000,187600000,482.9,426.8,0,,-300,-3900000,13,"2023-01-05T10:46:00.000Z",1672915560000,13,13,13,0,100,0,,0.6,,Infinity,300,300,14400,,3900000,,3900000,
646.3,-2700,-34850000,203150000,482.9,426.8,1.4,700,200,2650000,13,"2023-01-05T11:00:00.000Z",1672916400000,13,12.9,12.9,58.3,41.7,0,1.1,1,,0.7,500,1200,15600,,15550000,9100000,6450000,
646.3,-3000,-38750000,207050000,482.9,426.8,0,,-300,-3900000,13,"2023-01-05T11:06:00.000Z",1672916760000,13,13,13,0,100,0,,0.6,,Infinity,300,300,15900,,3900000,,3900000,
646.3,-3000,-38750000,290900000,482.9,426.8,NaN,,0,0,12.9,"2023-01-05T11:24:00.000Z",1672917840000,12.9,12.9,12.9,0,0,100,,,15.2,NaN,,6500,22400,6500,83850000,,,83850000
646.3,-4100,-52830000,304980000,482.9,426.8,0,,-1100,-14080000,12.8,"2023-01-05T13:00:00.000Z",1672923600000,12.8,12.8,12.8,0,100,0,,2.3,,Infinity,1100,1100,23500,,14080000,,14080000,
646.3,-1400,-17970000,347520000,482.9,426.8,10,3000,2700,34860000,12.9,"2023-01-05T13:04:00.000Z",1672923840000,12.9,12.8,12.8,90.9,9.1,0,4.6,0.6,,0.1,300,3300,26800,,42540000,38700000,3840000,
646.3,600,7830000,373320000,482.9,426.8,Infinity,2000,2000,25800000,12.9,"2023-01-05T13:06:00.000Z",1672923960000,12.9,12.9,12.9,100,0,0,3.1,,,0,,2000,28800,,25800000,25800000,,
646.3,0,90000,381060000,482.9,426.8,0,,-600,-7740000,12.9,"2023-01-05T13:10:00.000Z",1672924200000,12.9,12.9,12.9,0,100,0,,1.2,,Infinity,600,600,29400,,7740000,,7740000,
646.3,-1100,-13990000,395140000,482.9,426.8,0,,-1100,-14080000,12.8,"2023-01-05T13:12:00.000Z",1672924320000,12.8,12.8,12.8,0,100,0,,2.3,,Infinity,1100,1100,30500,,14080000,,14080000,
646.3,-1100,-13990000,443780000,482.9,426.8,NaN,,0,0,12.8,"2023-01-05T13:16:00.000Z",1672924560000,12.8,12.8,12.8,0,0,100,,,8.9,NaN,,3800,34300,3800,48640000,,,48640000
646.3,-1600,-20390000,456580000,482.9,426.8,0,,-500,-6400000,12.8,"2023-01-05T13:18:00.000Z",1672924680000,12.8,12.8,12.8,0,50,50,,1,1.2,Infinity,500,1000,35300,500,12800000,,6400000,6400000
646.3,-800,-10150000,543620000,482.9,426.8,1.3,3800,800,10240000,12.8,"2023-01-05T13:20:00.000Z",1672924800000,12.8,12.8,12.8,55.9,44.1,0,5.9,6.2,,0.8,3000,6800,42100,,87040000,48640000,38400000,
646.3,0,90000,553860000,482.9,426.8,Infinity,800,800,10240000,12.8,"2023-01-05T13:28:00.000Z",1672925280000,12.8,12.8,12.8,100,0,0,1.2,,,0,,800,42900,,10240000,10240000,,
646.3,100,1370000,555140000,482.9,426.8,Infinity,100,100,1280000,12.8,"2023-01-05T13:36:00.000Z",1672925760000,12.8,12.8,12.8,100,0,0,0.2,,,0,,100,43000,,1280000,1280000,,
646.3,0,100000,556410000,482.9,426.8,0,,-100,-1270000,12.7,"2023-01-05T13:40:00.000Z",1672926000000,12.7,12.7,12.7,0,100,0,,0.2,,Infinity,100,100,43100,,1270000,,1270000,
646.3,1200,15460000,571770000,482.9,426.8,Infinity,1200,1200,15360000,12.8,"2023-01-05T13:54:00.000Z",1672926840000,12.8,12.8,12.8,100,0,0,1.9,,,0,,1200,44300,,15360000,15360000,,
646.3,8200,105060000,661370000,482.9,426.8,Infinity,7000,7000,89600000,12.8,"2023-01-05T13:58:00.000Z",1672927080000,12.8,12.8,12.8,100,0,0,10.8,,,0,,7000,51300,,89600000,89600000,,
646.3,8300,106340000,662650000,482.9,426.8,Infinity,100,100,1280000,12.8,"2023-01-05T14:08:00.000Z",1672927680000,12.8,12.8,12.8,100,0,0,0.2,,,0,,100,51400,,1280000,1280000,,
646.3,2200,29480000,739510000,482.9,426.8,0,,-6100,-76860000,12.6,"2023-01-05T14:12:00.000Z",1672927920000,12.6,12.6,12.6,0,100,0,,12.6,,Infinity,6100,6100,57500,,76860000,,76860000,
646.3,2200,29480000,745860000,482.9,426.8,NaN,,0,0,12.7,"2023-01-05T14:30:00.000Z",1672929000000,12.7,12.7,12.7,0,0,100,,,1.2,NaN,,500,58000,500,6350000,,,6350000
646.3,1700,23130000,752210000,482.9,426.8,0,,-500,-6350000,12.7,"2023-01-05T14:34:00.000Z",1672929240000,12.7,12.7,12.7,0,100,0,,1,,Infinity,500,500,58500,,6350000,,6350000,
646.3,6700,87130000,816210000,482.9,426.8,Infinity,5000,5000,64000000,12.8,"2023-01-05T14:52:00.000Z",1672930320000,12.8,12.8,12.8,100,0,0,7.7,,,0,,5000,63500,,64000000,64000000,,
646.3,6700,87130000,820050000,482.9,426.8,NaN,,0,0,12.8,"2023-01-05T14:54:00.000Z",1672930440000,12.8,12.8,12.8,0,0,100,,,0.7,NaN,,300,63800,300,3840000,,,3840000
