"abu","acum_busd","acum_busd_val","acum_val","asd","auk","bs","bu","bu-sd","bu-sd_val","c","date","datetime","h","l","o","pbu","psd","puk","rbu","rsd","ruk","sb","sd","sum_vol","total_vol","uk","val","val_bu","val_sd","val_uk"
1895.9,100,3285000,3285000,1297.3,1016.4,Infinity,100,100,3285000,32.85,"2023-01-05T09:14:00.000Z",1672910040000,32.85,32.85,32.85,100,0,0,0.1,,,0,,100,100,,3285000,3285000,,
1895.9,400,13110000,13110000,1297.3,1016.4,Infinity,300,300,9825000,32.75,"2023-01-05T09:24:00.000Z",1672910640000,32.75,32.75,32.75,100,0,0,0.2,,,0,,300,400,,9825000,9825000,,
1895.9,500,16385000,16385000,1297.3,1016.4,Infinity,100,100,3275000,32.75,"2023-01-05T09:26:00.000Z",1672910760000,32.75,32.75,32.75,100,0,0,0.1,,,0,,100,500,,3275000,3275000,,
1895.9,1600,52460000,52460000,1297.3,1016.4,Infinity,1100,1100,36075000,32.8,"2023-01-05T09:30:00.000Z",1672911000000,32.8,32.75,32.75,100,0,0,0.6,,,0,,1100,1600,,36075000,36075000,,
1895.9,600,19660000,85260000,1297.3,1016.4,0,,-1000,-32800000,32.8,"2023-01-05T09:32:00.000Z",1672911120000,32.8,32.8,32.8,0,100,0,,0.8,,Infinity,1000,1000,2600,,32800000,,32800000,
1895.9,1200,39370000,104970000,1297.3,1016.4,Infinity,600,600,19710000,32.85,"2023-01-05T09:34:00.000Z",1672911240000,32.85,32.85,32.85,100,0,0,0.3,,,0,,600,3200,,19710000,19710000,,
1895.9,1700,55795000,121395000,1297.3,1016.4,Infinity,500,500,16425000,32.85,"2023-01-05T09:50:00.000Z",1672912200000,32.85,32.85,32.85,100,0,0,0.3,,,0,,500,3700,,16425000,16425000,,
1895.9,2700,88645000,154245000,1297.3,1016.4,Infinity,1000,1000,32850000,32.85,"2023-01-05T09:56:00.000Z",1672912560000,32.85,32.85,32.85,100,0,0,0.5,,,0,,1000,4700,,32850000,32850000,,
1895.9,2800,91930000,173955000,1297.3,1016.4,Infinity,100,100,3285000,32.85,"2023-01-05T09:58:00.000Z",1672912680000,32.85,32.85,32.85,16.7,0,83.3,0.1,,0.5,0,,600,5300,500,19710000,3285000,,16425000
1895.9,2600,85360000,180525000,1297.3,1016.4,0,,-200,-6570000,32.85,"2023-01-05T10:00:00.000Z",1672912800000,32.85,32.85,32.85,0,100,0,,0.2,,Infinity,200,200,5500,,6570000,,6570000,
1895.9,600,19660000,246225000,1297.3,1016.4,0,,-2000,-65700000,32.85,"2023-01-05T10:02:00.000Z",1672912920000,32.85,32.85,32.85,0,100,0,,1.5,,Infinity,2000,2000,7500,,65700000,,65700000,
1895.9,-700,-23045000,288930000,1297.3,1016.4,0,,-1300,-42705000,32.85,"2023-01-05T10:06:00.000Z",1672913160000,32.85,32.85,32.85,0,100,0,,1,,Infinity,1300,1300,8800,,42705000,,42705000,
1895.9,-800,-26330000,292215000,1297.3,1016.4,0,,-100,-3285000,32.85,"2023-01-05T10:08:00.000Z",1672913280000,32.85,32.85,32.85,0,100,0,,0.1,,Infinity,100,100,8900,,3285000,,3285000,
1895.9,-1700,-55895000,321780000,1297.3,1016.4,0,,-900,-29565000,32.85,"2023-01-05T10:10:00.000Z",1672913400000,32.85,32.85,32.85,0,100,0,,0.7,,Infinity,900,900,9800,,29565000,,29565000,
1895.9,-1600,-52610000,325065000,1297.3,1016.4,Infinity,100,100,3285000,32.85,"2023-01-05T10:12:00.000Z",1672913520000,32.85,32.85,32.85,100,0,0,0.1,,,0,,100,9900,,3285000,3285000,,
1895.9,7000,230455000,608130000,1297.3,1016.4,Infinity,8600,8600,283065000,32.95,"2023-01-05T10:20:00.000Z",1672914000000,32.95,32.9,32.9,100,0,0,4.5,,,0,,8600,18500,,283065000,283065000,,
1895.9,15100,267021000,644696000,1297.3,1016.4,Infinity,8100,8100,36566000,33.1,"2023-01-05T10:22:00.000Z",1672914120000,33.1,32.95,32.95,100,0,0,4.3,,,0,,8100,26600,,36566000,36566000,,
1895.9,15000,263716000,648001000,1297.3,1016.4,0,,-100,-3304999.9999999995,33.05,"2023-01-05T10:24:00.000Z",1672914240000,33.05,33.05,33.05,0,100,0,,0.1,,Infinity,100,100,26700,,3304999.9999999995,,3304999.9999999995,
1895.9,15400,276996000,661281000,1297.3,1016.4,Infinity,400,400,13280000,33.2,"2023-01-05T10:26:00.000Z",1672914360000,33.2,33.2,33.2,100,0,0,0.2,,,0,,400,27100,,13280000,13280000,,
1895.9,12500,181016000,763901000,1297.3,1016.4,0,100,-2900,-95980000,33.1,"2023-01-05T10:30:00.000Z",1672914600000,33.2,33.1,33.2,3.2,96.8,0,0.1,2.3,,30,3000,3100,30200,,102620000,3320000.0000000005,99300000,
1895.9,10800,124831000,820086000,1297.3,1016.4,0,,-1700,-56185000,33.05,"2023-01-05T10:32:00.000Z",1672914720000,33.05,33.05,33.05,0,100,0,,1.3,,Infinity,1700,1700,31900,,56185000,,56185000,
1895.9,8000,32301000,925856000,1297.3,1016.4,0.1,200,-2800,-92530000,33.1,"2023-01-05T10:34:00.000Z",1672914840000,33.1,33.05,33.05,6.3,93.8,0,0.1,2.3,,15,3000,3200,35100,,105770000,6620000,99150000,
1895.9,8900,62096000,962261000,1297.3,1016.4,10,1000,900,29795000,33.1,"2023-01-05T10:38:00.000Z",1672915080000,33.1,33.05,33.05,90.9,9.1,0,0.5,0.1,,0.1,100,1100,36200,,36405000,33100000,3304999.9999999995,
1895.9,5200,-37077099.99999997,1180414100,1297.3,1016.4,0.3,1800,-3700,-99173099.99999997,33.05,"2023-01-05T10:42:00.000Z",1672915320000,33.05,33,33.05,24.7,75.3,0,0.9,4.2,,3.1,5500,7300,43500,,218153099.99999997,59489999.99999999,158663099.99999997,
1895.9,3200,-103177099.99999997,1246514100,1297.3,1016.4,0,,-2000,-66099999.99999999,33.05,"2023-01-05T10:44:00.000Z",1672915440000,33.05,33.05,33.05,0,100,0,,1.5,,Infinity,2000,2000,45500,,66099999.99999999,,66099999.99999999,
1895.9,1700,-89994799.99999997,1266431800,1297.3,1016.4,0.3,500,-1500,13182300,33.1,"2023-01-05T10:50:00.000Z",1672915800000,33.1,33,33.1,20,80,0,0.3,1.5,,4,2000,2500,48000,,19917700,16550000,3367699.9999999995,
1895.9,2000,-80064799.99999997,1276361800,1297.3,1016.4,Infinity,300,300,9930000,33.1,"2023-01-05T10:52:00.000Z",1672915920000,33.1,33.1,33.1,100,0,0,0.2,,,0,,300,48300,,9930000,9930000,,
1895.9,8300,128725200.00000003,1538251800,1297.3,1016.4,8.9,7100,6300,208790000,33.2,"2023-01-05T10:54:00.000Z",1672916040000,33.2,33.1,33.1,89.9,10.1,0,3.7,0.6,,0.1,800,7900,56200,,261890000,235340000,26550000.000000004,
1895.9,8700,142005200.00000003,1551531800,1297.3,1016.4,Infinity,400,400,13280000.000000002,33.2,"2023-01-05T10:56:00.000Z",1672916160000,33.2,33.2,33.2,100,0,0,0.2,,,0,,400,56600,,13280000.000000002,13280000.000000002,,
1895.9,16100,388315200,1937281800,1297.3,1016.4,4.5,9500,7400,246310000,33.2,"2023-01-05T10:58:00.000Z",1672916280000,33.3,33.2,33.25,81.9,18.1,0,5,1.6,,0.2,2100,11600,68200,,385750000,316030000,69720000,
1895.9,48900,1481915200,3057401800,1297.3,1016.4,83,33200,32800,1093600000,33.5,"2023-01-05T11:00:00.000Z",1672916400000,33.5,33.15,33.2,98.8,1.2,0,17.5,0.3,,0,400,33600,101800,,1120120000,1106860000,13260000,
1895.9,50000,1518875200,3107801800,1297.3,1016.4,6.5,1300,1100,36960000,33.6,"2023-01-05T11:02:00.000Z",1672916520000,33.6,33.6,33.6,86.7,13.3,0,0.7,0.2,,0.2,200,1500,103300,,50400000,43680000,6720000,
1895.9,47900,1448895200,3191101800,1297.3,1016.4,0.1,200,-2100,-69980000,33.3,"2023-01-05T11:18:00.000Z",1672917480000,33.4,33.3,33.4,8,92,0,0.1,1.8,,11.5,2300,2500,105800,,83300000,6659999.999999999,76640000,
1895.9,50100,1522595200,3264801800,1297.3,1016.4,Infinity,2200,2200,73700000,33.5,"2023-01-05T11:22:00.000Z",1672917720000,33.5,33.5,33.5,100,0,0,1.2,,,0,,2200,108000,,73700000,73700000,,
1895.9,49100,1489100200,3305006800,1297.3,1016.4,0.1,100,-1000,-33495000,33.55,"2023-01-05T11:24:00.000Z",1672917840000,33.55,33.5,33.5,8.3,91.7,0,0.1,0.8,,11,1100,1200,109200,,40205000,3354999.9999999995,36850000,
1895.9,48900,1482435200,3325061800,1297.3,1016.4,0.5,200,-200,-6665000,33.45,"2023-01-05T13:00:00.000Z",1672923600000,33.5,33.4,33.5,33.3,66.7,0,0.1,0.3,,2,400,600,109800,,20055000,6695000,13360000,
1895.9,48600,1472415200,3335081800,1297.3,1016.4,0,,-300,-10020000,33.4,"2023-01-05T13:02:00.000Z",1672923720000,33.4,33.4,33.4,0,100,0,,0.2,,Infinity,300,300,110100,,10020000,,10020000,
1895.9,49100,1489165200,3351831800,1297.3,1016.4,Infinity,500,500,16750000,33.5,"2023-01-05T13:04:00.000Z",1672923840000,33.5,33.5,33.5,100,0,0,0.3,,,0,,500,110600,,16750000,16750000,,
1895.9,48600,1472440200,3368556800,1297.3,1016.4,0,,-500,-16725000,33.45,"2023-01-05T13:08:00.000Z",1672924080000,33.45,33.45,33.45,0,100,0,,0.4,,Infinity,500,500,111100,,16725000,,16725000,
1895.9,49600,1505940200,3402056800,1297.3,1016.4,Infinity,1000,1000,33500000,33.5,"2023-01-05T13:10:00.000Z",1672924200000,33.5,33.5,33.5,100,0,0,0.5,,,0,,1000,112100,,33500000,33500000,,
1895.9,47100,1422435200,3552361800,1297.3,1016.4,0.3,1000,-2500,-83505000,33.4,"2023-01-05T13:12:00.000Z",1672924320000,33.45,33.4,33.45,22.2,77.8,0,0.5,2.7,,3.5,3500,4500,116600,,150305000,33400000,116905000,
1895.9,46600,1405760200,3569036800,1297.3,1016.4,0,,-500,-16675000,33.35,"2023-01-05T13:14:00.000Z",1672924440000,33.35,33.35,33.35,0,100,0,,0.4,,Infinity,500,500,117100,,16675000,,16675000,
1895.9,45200,1359070200,3615726800,1297.3,1016.4,0,,-1400,-46690000,33.35,"2023-01-05T13:16:00.000Z",1672924560000,33.35,33.35,33.35,0,100,0,,1.1,,Infinity,1400,1400,118500,,46690000,,46690000,
1895.9,44400,1332415200,3642381800,1297.3,1016.4,0,,-800,-26655000,33.35,"2023-01-05T13:18:00.000Z",1672924680000,33.35,33.3,33.3,0,100,0,,0.6,,Infinity,800,800,119300,,26655000,,26655000,
1895.9,49900,1516115200,3826081800,1297.3,1016.4,Infinity,5500,5500,183700000,33.4,"2023-01-05T13:26:00.000Z",1672925160000,33.4,33.4,33.4,100,0,0,2.9,,,0,,5500,124800,,183700000,183700000,,
1895.9,55600,1707060200,4017026800,1297.3,1016.4,Infinity,5700,5700,190945000,33.5,"2023-01-05T13:28:00.000Z",1672925280000,33.5,33.45,33.45,100,0,0,3,,,0,,5700,130500,,190945000,190945000,,
1895.9,57900,1784225200,4094191800,1297.3,1016.4,Infinity,2300,2300,77165000,33.55,"2023-01-05T13:30:00.000Z",1672925400000,33.55,33.55,33.55,100,0,0,1.2,,,0,,2300,132800,,77165000,77165000,,
1895.9,62500,1938615200,4248581800,1297.3,1016.4,Infinity,4600,4600,154390000,33.6,"2023-01-05T13:32:00.000Z",1672925520000,33.6,33.55,33.55,100,0,0,2.4,,,0,,4600,137400,,154390000,154390000,,
1895.9,69100,2160375200,4470341800,1297.3,1016.4,Infinity,6600,6600,221760000,33.6,"2023-01-05T13:34:00.000Z",1672925640000,33.6,33.6,33.6,100,0,0,3.5,,,0,,6600,144000,,221760000,221760000,,
1895.9,69000,2157015200,4473701800,1297.3,1016.4,0,,-100,-3360000,33.6,"2023-01-05T13:36:00.000Z",1672925760000,33.6,33.6,33.6,0,100,0,,0.1,,Infinity,100,100,144100,,3360000,,3360000,
1895.9,64800,2016110200,4614606800,1297.3,1016.4,0,,-4200,-140904999.99999997,33.5,"2023-01-05T13:38:00.000Z",1672925880000,33.55,33.5,33.55,0,100,0,,3.2,,Infinity,4200,4200,148300,,140904999.99999997,,140904999.99999997,
1895.9,67000,2090200200,4802596800,1297.3,1016.4,2.3,3900,2200,74090000,33.6,"2023-01-05T13:40:00.000Z",1672926000000,33.6,33.5,33.5,69.6,30.4,0,2.1,1.3,,0.4,1700,5600,153900,,187990000,131040000,56950000,
1895.9,66800,2083480200,4889956800,1297.3,1016.4,0.9,1200,-200,-6720000,33.6,"2023-01-05T13:42:00.000Z",1672926120000,33.6,33.6,33.6,46.2,53.8,0,0.6,1.1,,1.2,1400,2600,156500,,87360000,40320000,47040000,
1895.9,67000,2090215200,4903411800,1297.3,1016.4,3,300,200,6735000,33.65,"2023-01-05T13:44:00.000Z",1672926240000,33.65,33.6,33.6,75,25,0,0.2,0.1,,0.3,100,400,156900,,13455000,10095000,3360000,
1895.9,68000,2123865200,4937061800,1297.3,1016.4,Infinity,1000,1000,33650000,33.65,"2023-01-05T13:46:00.000Z",1672926360000,33.65,33.65,33.65,100,0,0,0.5,,,0,,1000,157900,,33650000,33650000,,
1895.9,67800,2117135200,4943791800,1297.3,1016.4,0,,-200,-6730000,33.65,"2023-01-05T13:48:00.000Z",1672926480000,33.65,33.65,33.65,0,100,0,,0.2,,Infinity,200,200,158100,,6730000,,6730000,
1895.9,69200,2164325200,5051641800,1297.3,1016.4,2.6,2300,1400,47190000,33.7,"2023-01-05T13:50:00.000Z",1672926600000,33.75,33.7,33.7,71.9,28.1,0,1.2,0.7,,0.4,900,3200,161300,,107850000,77520000,30330000.000000004,
1895.9,69800,2184545200,5071861800,1297.3,1016.4,Infinity,600,600,20220000,33.7,"2023-01-05T13:52:00.000Z",1672926720000,33.7,33.7,33.7,100,0,0,0.3,,,0,,600,161900,,20220000,20220000,,
1895.9,69900,2187915200,5075231800,1297.3,1016.4,Infinity,100,100,3370000.0000000005,33.7,"2023-01-05T13:54:00.000Z",1672926840000,33.7,33.7,33.7,100,0,0,0.1,,,0,,100,162000,,3370000.0000000005,3370000.0000000005,,
1895.9,69200,2164375200,5186291800,1297.3,1016.4,0.7,1300,-700,-23540000,33.65,"2023-01-05T13:56:00.000Z",1672926960000,33.7,33.65,33.7,39.4,60.6,0,0.7,1.5,,1.5,2000,3300,165300,,111060000,43760000,67300000,
1895.9,70700,2214850200,5236766800,1297.3,1016.4,Infinity,1500,1500,50475000,33.65,"2023-01-05T14:00:00.000Z",1672927200000,33.65,33.65,33.65,100,0,0,0.8,,,0,,1500,166800,,50475000,50475000,,
1895.9,50700,1544590200,5907026800,1297.3,1016.4,0,,-20000,-670260000,33.5,"2023-01-05T14:02:00.000Z",1672927320000,33.6,33.5,33.6,0,100,0,,15.4,,Infinity,20000,20000,186800,,670260000,,670260000,
1895.9,49200,1494190200,5957426800,1297.3,1016.4,0,,-1500,-50400000,33.6,"2023-01-05T14:06:00.000Z",1672927560000,33.6,33.6,33.6,0,100,0,,1.2,,Infinity,1500,1500,188300,,50400000,,50400000,
1895.9,54500,1672545200,6162661800,1297.3,1016.4,27.5,5500,5300,178355000,33.65,"2023-01-05T14:08:00.000Z",1672927680000,33.65,33.6,33.6,90.2,3.3,6.6,2.9,0.2,0.4,0,200,6100,194400,400,205235000,185075000,6720000,13440000
1895.9,34400,997010200,6838196800,1297.3,1016.4,0,,-20100,-675535000,33.6,"2023-01-05T14:12:00.000Z",1672927920000,33.65,33.6,33.65,0,100,0,,15.5,,Infinity,20100,20100,214500,,675535000,,675535000,
1895.9,32900,946610200,6888596800,1297.3,1016.4,0,,-1500,-50400000,33.6,"2023-01-05T14:14:00.000Z",1672928040000,33.6,33.6,33.6,0,100,0,,1.2,,Infinity,1500,1500,216000,,50400000,,50400000,
1895.9,32600,936515200,6898691800,1297.3,1016.4,0,,-300,-10095000,33.65,"2023-01-05T14:18:00.000Z",1672928280000,33.65,33.65,33.65,0,100,0,,0.2,,Infinity,300,300,216300,,10095000,,10095000,
1895.9,38300,1128755200,7090931800,1297.3,1016.4,Infinity,5700,5700,192240000,33.75,"2023-01-05T14:20:00.000Z",1672928400000,33.75,33.7,33.7,100,0,0,3,,,0,,5700,222000,,192240000,192240000,,
1895.9,39700,1176120200,7293316800,1297.3,1016.4,1.6,3700,1400,47365000,33.7,"2023-01-05T14:22:00.000Z",1672928520000,33.75,33.7,33.75,61.7,38.3,0,2,1.8,,0.6,2300,6000,228000,,202385000,124875000,77510000,
1895.9,43400,1300810200,7418006800,1297.3,1016.4,Infinity,3700,3700,124690000.00000001,33.7,"2023-01-05T14:24:00.000Z",1672928640000,33.7,33.7,33.7,100,0,0,2,,,0,,3700,231700,,124690000.00000001,124690000.00000001,,
1895.9,43600,1307565200,7431501800,1297.3,1016.4,3,300,200,6755000,33.75,"2023-01-05T14:26:00.000Z",1672928760000,33.75,33.7,33.75,75,25,0,0.2,0.1,,0.3,100,400,232100,,13495000,10125000,3370000.0000000005,
1895.9,43700,1310985200,7495581800,1297.3,1016.4,1.1,1000,100,3420000,33.7,"2023-01-05T14:28:00.000Z",1672928880000,33.75,33.7,33.75,52.6,47.4,0,0.5,0.7,,0.9,900,1900,234000,,64080000,33750000,30330000,
1895.9,43700,1310985200,9973121800,1297.3,1016.4,NaN,,0,0,33.8,"2023-01-05T14:44:00.000Z",1672929840000,33.8,33.8,33.8,0,0,100,,,72.1,NaN,,73300,307300,73300,2477540000,,,2477540000
