"abu","acum_busd","acum_busd_val","acum_val","asd","auk","bs","bu","bu-sd","bu-sd_val","c","date","datetime","h","l","o","pbu","psd","puk","rbu","rsd","ruk","sb","sd","sum_vol","total_vol","uk","val","val_bu","val_sd","val_uk"
4220.2,33100,301210000,301210000,6439.3,25,Infinity,33100,33100,301210000,9.1,"2023-01-05T09:14:00.000Z",1672910040000,9.1,9.1,9.1,100,0,0,7.8,,,0,,33100,33100,,301210000,301210000,,
4220.2,56300,513224000,513224000,6439.3,25,Infinity,23200,23200,212014000,9.14,"2023-01-05T09:16:00.000Z",1672910160000,9.14,9.13,9.13,100,0,0,5.5,,,0,,23200,56300,,212014000,212014000,,
4220.2,59800,545217000,605541000,6439.3,25,2.1,6800,3500,31992999.999999996,9.14,"2023-01-05T09:18:00.000Z",1672910280000,9.17,9.14,9.14,67.3,32.7,0,1.6,0.5,,0.5,3300,10100,66400,,92317000,62155000,30162000.000000004,
4220.2,62600,570817000,634781000,6439.3,25,15,3000,2800,25600000,9.14,"2023-01-05T09:20:00.000Z",1672910400000,9.14,9.1,9.1,93.8,6.3,0,0.7,0,,0.1,200,3200,69600,,29240000,27420000,1820000,
4220.2,75600,689637000,817581000,6439.3,25,4.7,16500,13000,118820000,9.14,"2023-01-05T09:22:00.000Z",1672910520000,9.14,9.14,9.14,82.5,17.5,0,3.9,0.5,,0.2,3500,20000,89600,,182800000,150810000,31990000,
4220.2,70700,644851000,983015000,6439.3,25,0.6,6600,-4900,-44786000,9.14,"2023-01-05T09:24:00.000Z",1672910640000,9.14,9.14,9.14,36.5,63.5,0,1.6,1.8,,1.7,11500,18100,107700,,165434000,60324000,105110000,
4220.2,67200,613021000,1169585000,6439.3,25,0.7,8500,-3500,-31830000,9.14,"2023-01-05T09:28:00.000Z",1672910880000,9.14,9.1,9.1,41.5,58.5,0,2,1.9,,1.4,12000,20500,128200,,186570000,77370000,109200000,
4220.2,72200,658721000,1215285000,6439.3,25,Infinity,5000,5000,45700000,9.14,"2023-01-05T09:30:00.000Z",1672911000000,9.14,9.14,9.14,100,0,0,1.2,,,0,,5000,133200,,45700000,45700000,,
4220.2,72000,656903000,1217103000,6439.3,25,0,,-200,-1818000,9.09,"2023-01-05T09:40:00.000Z",1672911600000,9.09,9.09,9.09,0,100,0,,0,,Infinity,200,200,133400,,1818000,,1818000,
4220.2,77100,703313000,1263513000,6439.3,25,Infinity,5100,5100,46410000,9.1,"2023-01-05T09:46:00.000Z",1672911960000,9.1,9.1,9.1,100,0,0,1.2,,,0,,5100,138500,,46410000,46410000,,
4220.2,65700,599808000,1421514000,6439.3,25,0.2,3000,-11400,-103505000,9.1,"2023-01-05T09:48:00.000Z",1672912080000,9.1,9.08,9.09,17.2,82.8,0,0.7,2.2,,4.8,14400,17400,155900,,158001000,27248000,130753000,
4220.2,66500,607076000,1430596000,6439.3,25,9,900,800,7268000,9.07,"2023-01-05T09:56:00.000Z",1672912560000,9.1,9.07,9.1,90,10,0,0.2,0,,0.1,100,1000,156900,,9082000,8175000,907000,
4220.2,67200,613425000,1436945000,6439.3,25,Infinity,700,700,6349000,9.07,"2023-01-05T09:58:00.000Z",1672912680000,9.07,9.07,9.07,100,0,0,0.2,,,0,,700,157600,,6349000,6349000,,
4220.2,64700,590796000,1543294000,6439.3,25,0.6,4600,-2500,-22629000,9.07,"2023-01-05T10:02:00.000Z",1672912920000,9.1,9.07,9.1,39.3,60.7,0,1.1,1.1,,1.5,7100,11700,169300,,106349000,41860000,64489000,
4220.2,73500,670822000,1626962000,6439.3,25,45,9000,8800,80026000,9.11,"2023-01-05T10:04:00.000Z",1672913040000,9.14,9.07,9.07,97.8,2.2,0,2.1,0,,0,200,9200,178500,,83668000,81847000,1821000,
4220.2,78500,716595000,1763789000,6439.3,25,2,10000,5000,45773000.000000015,9.13,"2023-01-05T10:08:00.000Z",1672913280000,9.13,9.1,9.11,66.7,33.3,0,2.4,0.8,,0.5,5000,15000,193500,,136827000,91300000.00000001,45527000,
4220.2,84500,771375000,1818569000,6439.3,25,Infinity,6000,6000,54780000.00000001,9.13,"2023-01-05T10:16:00.000Z",1672913760000,9.13,9.13,9.13,100,0,0,1.4,,,0,,6000,199500,,54780000.00000001,54780000.00000001,,
4220.2,84400,770462000,1841394000,6439.3,25,0.9,1200,-100,-912999.9999999981,9.13,"2023-01-05T10:18:00.000Z",1672913880000,9.13,9.13,9.13,48,52,0,0.3,0.2,,1.1,1300,2500,202000,,22825000.000000004,10956000.000000002,11869000,
4220.2,87300,796939000,1867871000,6439.3,25,Infinity,2900,2900,26477000.000000004,9.13,"2023-01-05T10:20:00.000Z",1672914000000,9.13,9.13,9.13,100,0,0,0.7,,,0,,2900,204900,,26477000.000000004,26477000.000000004,,
4220.2,118300,1079579000,2237967000,6439.3,25,7.5,35800,31000,282640000,9.14,"2023-01-05T10:22:00.000Z",1672914120000,9.14,9.11,9.13,88.2,11.8,0,8.5,0.7,,0.1,4800,40600,245500,,370096000,326368000,43728000,
4220.2,136600,1246658000,2463478000,6439.3,25,6.7,21500,18300,167079000.00000003,9.13,"2023-01-05T10:26:00.000Z",1672914360000,9.13,9.13,9.13,87,13,0,5.1,0.5,,0.1,3200,24700,270200,,225511000.00000003,196295000.00000003,29216000.000000004,
4220.2,153400,1400042000,2616862000,6439.3,25,Infinity,16800,16800,153384000,9.13,"2023-01-05T10:28:00.000Z",1672914480000,9.13,9.13,9.13,100,0,0,4,,,0,,16800,287000,,153384000,153384000,,
4220.2,152700,1393651000,2623253000,6439.3,25,0,,-700,-6391000.000000001,9.13,"2023-01-05T10:30:00.000Z",1672914600000,9.13,9.13,9.13,0,100,0,,0.1,,Infinity,700,700,287700,,6391000.000000001,,6391000.000000001,
4220.2,157700,1439151000,2761573000,6439.3,25,2,10100,5000,45500000,9.1,"2023-01-05T10:36:00.000Z",1672914960000,9.1,9.1,9.1,66.4,33.6,0,2.4,0.8,,0.5,5100,15200,302900,,138320000,91910000,46410000,
4220.2,134300,1226916000,2973808000,6439.3,25,0,,-23400,-212235000,9.06,"2023-01-05T10:38:00.000Z",1672915080000,9.07,9.06,9.07,0,100,0,,3.6,,Infinity,23400,23400,326300,,212235000,,212235000,
4220.2,124200,1135413000,3072567000,6439.3,25,0,400,-10100,-91503000,9.06,"2023-01-05T10:40:00.000Z",1672915200000,9.07,9.06,9.07,3.7,96.3,0,0.1,1.6,,26.3,10500,10900,337200,,98759000,3628000,95131000,
4220.2,122700,1121865000,3086115000,6439.3,25,0,,-1500,-13548000,9.01,"2023-01-05T10:42:00.000Z",1672915320000,9.06,9.01,9.06,0,100,0,,0.2,,Infinity,1500,1500,338700,,13548000,,13548000,
4220.2,122200,1117359000,3090621000,6439.3,25,0,,-500,-4506000,9.01,"2023-01-05T10:44:00.000Z",1672915440000,9.02,9.01,9.02,0,100,0,,0.1,,Infinity,500,500,339200,,4506000,,4506000,
4220.2,112800,1032657000,3175323000,6439.3,25,0,,-9400,-84702000,9.01,"2023-01-05T10:48:00.000Z",1672915680000,9.02,9.01,9.02,0,100,0,,1.5,,Infinity,9400,9400,348600,,84702000,,84702000,
4220.2,111200,1018241000,3189739000,6439.3,25,0,,-1600,-14416000,9.01,"2023-01-05T10:50:00.000Z",1672915800000,9.01,9.01,9.01,0,100,0,,0.2,,Infinity,1600,1600,350200,,14416000,,14416000,
4220.2,81700,752504000,3473612000,6439.3,25,0,1000,-29500,-265737000,9.01,"2023-01-05T10:52:00.000Z",1672915920000,9.1,9.01,9.01,3.2,96.8,0,0.2,4.7,,30.5,30500,31500,381700,,283873000,9068000,274805000,
4220.2,81800,755214200,3476325800,6439.3,25,1.5,300,100,2710200,9,"2023-01-05T10:54:00.000Z",1672916040000,9.1,9,9.01,60,40,0,0.1,0,,0.7,200,500,382200,,2713800,2712000,1800,
4220.2,76800,755169200,3476370800,6439.3,25,0,,-5000,-45000,9,"2023-01-05T10:56:00.000Z",1672916160000,9,9,9,0,100,0,,0.8,,Infinity,5000,5000,387200,,45000,,45000,
4220.2,74800,737149200,3494390800,6439.3,25,0,,-2000,-18020000,9.01,"2023-01-05T11:02:00.000Z",1672916520000,9.01,9.01,9.01,0,100,0,,0.3,,Infinity,2000,2000,389200,,18020000,,18020000,
4220.2,71100,703775200,3527764800,6439.3,25,0,,-3700,-33374000,9.02,"2023-01-05T11:12:00.000Z",1672917120000,9.02,9.02,9.02,0,100,0,,0.6,,Infinity,3700,3700,392900,,33374000,,33374000,
4220.2,70000,693853200,3537686800,6439.3,25,0,,-1100,-9922000,9.02,"2023-01-05T11:14:00.000Z",1672917240000,9.02,9.02,9.02,0,100,0,,0.2,,Infinity,1100,1100,394000,,9922000,,9922000,
4220.2,63200,632585200,3598954800,6439.3,25,0,,-6800,-61268000,9.01,"2023-01-05T11:16:00.000Z",1672917360000,9.01,9.01,9.01,0,100,0,,1.1,,Infinity,6800,6800,400800,,61268000,,61268000,
4220.2,60200,605555200,3625984800,6439.3,25,0,,-3000,-27030000,9.01,"2023-01-05T11:20:00.000Z",1672917600000,9.01,9.01,9.01,0,100,0,,0.5,,Infinity,3000,3000,403800,,27030000,,27030000,
4220.2,61200,614565200,3644004800,6439.3,25,3,1500,1000,9010000,9.01,"2023-01-05T11:22:00.000Z",1672917720000,9.01,9.01,9.01,75,25,0,0.4,0.1,,0.3,500,2000,405800,,18020000,13515000,4505000,
4220.2,59100,614546300,3644023700,6439.3,25,0,,-2100,-18900,9,"2023-01-05T11:24:00.000Z",1672917840000,9,9,9,0,100,0,,0.3,,Infinity,2100,2100,407900,,18900,,18900,
4220.2,58600,655091300,3684658700,6439.3,25,0.9,4500,-500,40545000,9.02,"2023-01-05T11:26:00.000Z",1672917960000,9.02,9,9,47.4,52.6,0,1.1,0.8,,1.1,5000,9500,417400,,40635000,40590000,45000,
4220.2,61300,679445300,3709012700,6439.3,25,Infinity,2700,2700,24354000,9.02,"2023-01-05T11:28:00.000Z",1672918080000,9.02,9.02,9.02,100,0,0,0.6,,,0,,2700,420100,,24354000,24354000,,
4220.2,60800,674945300,3722532700,6439.3,25,0.5,500,-500,-4500000,9.01,"2023-01-05T13:02:00.000Z",1672923720000,9.02,9.01,9.02,33.3,66.7,0,0.1,0.2,,2,1000,1500,421600,,13520000,4510000,9010000,
4220.2,46700,547904300,3849573700,6439.3,25,0,,-14100,-127041000,9.01,"2023-01-05T13:04:00.000Z",1672923840000,9.01,9.01,9.01,0,100,0,,2.2,,Infinity,14100,14100,435700,,127041000,,127041000,
4220.2,52600,601063300,3902732700,6439.3,25,Infinity,5900,5900,53159000,9.01,"2023-01-05T13:06:00.000Z",1672923960000,9.01,9.01,9.01,100,0,0,1.4,,,0,,5900,441600,,53159000,53159000,,
4220.2,53200,606487300,3908156700,6439.3,25,Infinity,600,600,5423999.999999999,9.04,"2023-01-05T13:08:00.000Z",1672924080000,9.04,9.04,9.04,100,0,0,0.1,,,0,,600,442200,,5423999.999999999,5423999.999999999,,
4220.2,53400,608295300,3917196700,6439.3,25,1.5,600,200,1807999.9999999995,9.04,"2023-01-05T13:10:00.000Z",1672924200000,9.04,9.04,9.04,60,40,0,0.1,0.1,,0.7,400,1000,443200,,9039999.999999998,5423999.999999999,3615999.9999999995,
4220.2,54400,617345300,3926246700,6439.3,25,Infinity,1000,1000,9050000,9.05,"2023-01-05T13:12:00.000Z",1672924320000,9.05,9.05,9.05,100,0,0,0.2,,,0,,1000,444200,,9050000,9050000,,
4220.2,43400,517899300,4025692700,6439.3,25,0,,-11000,-99446000,9.04,"2023-01-05T13:16:00.000Z",1672924560000,9.05,9.04,9.05,0,100,0,,1.7,,Infinity,11000,11000,455200,,99446000,,99446000,
4220.2,35800,449495300,4138393700,6439.3,25,0.2,2400,-7600,-68404000,9.01,"2023-01-05T13:18:00.000Z",1672924680000,9.05,9.01,9.04,19.2,80,0.8,0.6,1.6,4,4.2,10000,12500,467700,100,112701000,21696000,90100000,905000.0000000001
4220.2,39700,484683300,4193405700,6439.3,25,4.5,5000,3900,35188000,9.02,"2023-01-05T13:20:00.000Z",1672924800000,9.02,9.01,9.01,82,18,0,1.2,0.2,,0.2,1100,6100,473800,,55012000,45100000,9912000,
4220.2,39500,482879300,4195209700,6439.3,25,0,,-200,-1804000,9.02,"2023-01-05T13:24:00.000Z",1672925040000,9.02,9.02,9.02,0,100,0,,0,,Infinity,200,200,474000,,1804000,,1804000,
4220.2,38500,473849300,4224105700,6439.3,25,0.5,1100,-1000,-9030000,9.03,"2023-01-05T13:26:00.000Z",1672925160000,9.03,9.03,9.03,34.4,65.6,0,0.3,0.3,,1.9,2100,3200,477200,,28896000,9933000,18963000,
4220.2,42500,510048300,4260304700,6439.3,25,Infinity,4000,4000,36199000.00000001,9.05,"2023-01-05T13:28:00.000Z",1672925280000,9.05,9.04,9.04,100,0,0,0.9,,,0,,4000,481200,,36199000.00000001,36199000.00000001,,
4220.2,47300,553563300,4303819700,6439.3,25,Infinity,4800,4800,43515000,9.08,"2023-01-05T13:30:00.000Z",1672925400000,9.08,9.05,9.05,100,0,0,1.1,,,0,,4800,486000,,43515000,43515000,,
4220.2,30200,398461300,4477081700,6439.3,25,0,,-17100,-155102000,9.07,"2023-01-05T13:32:00.000Z",1672925520000,9.08,9.07,9.08,0,89.5,10.5,,2.7,80,Infinity,17100,19100,505100,2000,173262000,,155102000,18160000
4220.2,24000,342313300,4542289700,6439.3,25,0.1,500,-6200,-56148000,9.04,"2023-01-05T13:34:00.000Z",1672925640000,9.06,9.04,9.06,6.9,93.1,0,0.1,1,,13.4,6700,7200,512300,,65208000,4530000,60678000,
4220.2,18000,288125300,4605517700,6439.3,25,0.1,500,-6000,-54188000,9.03,"2023-01-05T13:36:00.000Z",1672925760000,9.04,9.03,9.04,7.1,92.9,0,0.1,1,,13,6500,7000,519300,,63228000,4520000,58708000,
4220.2,13600,248393300,4657893700,6439.3,25,0.1,700,-4400,-39732000,9.03,"2023-01-05T13:38:00.000Z",1672925880000,9.04,9.03,9.04,12.1,87.9,0,0.2,0.8,,7.3,5100,5800,525100,,52376000,6322000,46054000,
4220.2,14200,253813300,4663313700,6439.3,25,Infinity,600,600,5419999.999999999,9.04,"2023-01-05T13:40:00.000Z",1672926000000,9.04,9.03,9.03,100,0,0,0.1,,,0,,600,525700,,5419999.999999999,5419999.999999999,,
4220.2,13700,249299300,4669635700,6439.3,25,0.2,100,-500,-4514000,9.04,"2023-01-05T13:42:00.000Z",1672926120000,9.04,9.03,9.03,14.3,85.7,0,0,0.1,,6,600,700,526400,,6322000,903999.9999999999,5418000,
4220.2,14000,252019300,4686803700,6439.3,25,1.4,1100,300,2720000.000000001,9.04,"2023-01-05T13:44:00.000Z",1672926240000,9.04,9.03,9.03,57.9,42.1,0,0.3,0.1,,0.7,800,1900,528300,,17168000,9944000,7223999.999999999,
4220.2,16000,270099300,4713923700,6439.3,25,5,2500,2000,18080000,9.04,"2023-01-05T13:46:00.000Z",1672926360000,9.04,9.04,9.04,83.3,16.7,0,0.6,0.1,,0.2,500,3000,531300,,27120000,22600000,4520000,
4220.2,16000,270103300,4746523700,6439.3,25,1,1800,0,4000,9.07,"2023-01-05T13:50:00.000Z",1672926600000,9.08,9.05,9.05,50,50,0,0.4,0.3,,1,1800,3600,534900,,32600000,16302000,16298000,
4220.2,17000,279223300,4846243700,6439.3,25,1.2,6000,1000,9120000,9.07,"2023-01-05T13:52:00.000Z",1672926720000,9.07,9.06,9.07,54.5,45.5,0,1.4,0.8,,0.8,5000,11000,545900,,99720000,54420000,45300000,
4220.2,25900,359985300,4927005700,6439.3,25,Infinity,8900,8900,80762000,9.08,"2023-01-05T13:54:00.000Z",1672926840000,9.08,9.07,9.07,100,0,0,2.1,,,0,,8900,554800,,80762000,80762000,,
4220.2,23000,333682300,4953308700,6439.3,25,0,,-2900,-26303000,9.07,"2023-01-05T13:56:00.000Z",1672926960000,9.07,9.07,9.07,0,100,0,,0.5,,Infinity,2900,2900,557700,,26303000,,26303000,
4220.2,6100,180659300,5137155700,6439.3,25,0.1,1700,-16900,-153023000,9.04,"2023-01-05T13:58:00.000Z",1672927080000,9.07,9.04,9.07,8.4,91.6,0,0.4,2.9,,10.9,18600,20300,578000,,183847000,15412000,168435000,
4220.2,600,130959300,5195935700,6439.3,25,0.1,500,-5500,-49699999.99999999,9.08,"2023-01-05T14:00:00.000Z",1672927200000,9.08,9.04,9.04,7.7,92.3,0,0.1,0.9,,12,6000,6500,584500,,58779999.99999999,4540000,54239999.99999999,
4220.2,2900,151843300,5216819700,6439.3,25,Infinity,2300,2300,20884000,9.08,"2023-01-05T14:02:00.000Z",1672927320000,9.08,9.08,9.08,100,0,0,0.5,,,0,,2300,586800,,20884000,20884000,,
4220.2,12200,236619300,5350627700,6439.3,25,4.4,12000,9300,84776000,9.12,"2023-01-05T14:04:00.000Z",1672927440000,9.12,9.08,9.08,81.6,18.4,0,2.8,0.4,,0.2,2700,14700,601500,,133808000,109292000,24516000,
4220.2,-200,123432300,5516830700,6439.3,25,0.2,2900,-12400,-113187000,9.14,"2023-01-05T14:06:00.000Z",1672927560000,9.15,9.12,9.14,15.9,84.1,0,0.7,2.4,,5.3,15300,18200,619700,,166203000,26508000,139695000,
4220.2,-27900,-129295700,5769558700,6439.3,25,0,,-27700,-252728000,9.12,"2023-01-05T14:08:00.000Z",1672927680000,9.14,9.12,9.14,0,100,0,,4.3,,Infinity,27700,27700,647400,,252728000,,252728000,
4220.2,-40300,-242263700,5882526700,6439.3,25,0,,-12400,-112968000,9.1,"2023-01-05T14:10:00.000Z",1672927800000,9.12,9.1,9.12,0,100,0,,1.9,,Infinity,12400,12400,659800,,112968000,,112968000,
4220.2,-86000,-656704700,6316877700,6439.3,25,0,1100,-45700,-414441000,9.02,"2023-01-05T14:12:00.000Z",1672927920000,9.1,9.02,9.1,2.3,97.7,0,0.3,7.3,,42.5,46800,47900,707700,,434351000,9955000,424396000,
4220.2,-134900,-690369500,6460634500,6439.3,25,0.1,6100,-48900,-33664800,9,"2023-01-05T14:14:00.000Z",1672928040000,9.05,9,9.02,10,90,0,1.4,8.5,,9,55000,61100,768800,,143756800,55046000,88710800,
4220.2,-195200,-916385300,6686828500,6439.3,25,0.1,9900,-60300,-226015800,8.98,"2023-01-05T14:16:00.000Z",1672928160000,9.01,8.98,9,12.4,87.6,0,2.3,10.9,,7.1,70200,80100,848900,,226194000,89100,226104900,
4220.2,-193000,-896475300,6706738500,6439.3,25,Infinity,2200,2200,19910000,9.05,"2023-01-05T14:18:00.000Z",1672928280000,9.05,9.05,9.05,100,0,0,0.5,,,0,,2200,851100,,19910000,19910000,,
4220.2,-193300,-896478000,6706741200,6439.3,25,0,,-300,-2700,9,"2023-01-05T14:20:00.000Z",1672928400000,9,9,9,0,100,0,,0,,Infinity,300,300,851400,,2700,,2700,
4220.2,-203300,-907369200,6717632400,6439.3,25,0,,-10000,-10891200,9,"2023-01-05T14:22:00.000Z",1672928520000,9.01,9,9.01,0,100,0,,1.6,,Infinity,10000,10000,861400,,10891200,,10891200,
4220.2,-203900,-910975000,6723040200,6439.3,25,0.1,100,-600,-3605800,9,"2023-01-05T14:24:00.000Z",1672928640000,9.01,9,9.01,12.5,87.5,0,0,0.1,,7,700,800,862200,,5407800,901000,4506800,
4220.2,-209600,-915467800,6768988600,6439.3,25,0.3,2500,-5700,-4492800,8.99,"2023-01-05T14:26:00.000Z",1672928760000,9.02,8.99,9.01,23.4,76.6,0,0.6,1.3,,3.3,8200,10700,872900,,45948400,20727800,25220600,
4220.2,-209300,-915465100,6781577300,6439.3,25,1.4,1000,300,2700,8.99,"2023-01-05T14:28:00.000Z",1672928880000,9,8.99,9,58.8,41.2,0,0.2,0.1,,0.7,700,1700,874600,,12588700,6295700,6293000,
4220.2,-186400,-915259000,6781783400,6439.3,25,Infinity,22900,22900,206100,9,"2023-01-05T14:44:00.000Z",1672929840000,9,9,9,100,0,0,5.4,,,0,,22900,897500,,206100,206100,,
