"abu","acum_busd","acum_busd_val","acum_val_bu","acum_val_sd","acum_val","avg_val_bu","avg_val_sd","rbusd","asd","auk","bs","bu","bu-sd","bu-sd_val","c","date","datetime","h","l","o","pbu","psd","puk","rbu","rsd","ruk","sb","sd","sum_vol","total_vol","uk","val","val_bu","val_sd","val_uk"
312,1400,12320000.000000002,12320000.000000002,0,12320000.000000002,2692836,4920000,5.5,568,4,Infinity,1400,1400,12320000.000000002,8.8,"2023-01-05T09:04:00.000Z",1672909440000,8.8,8.8,8.8,100,0,0,4.5,,,0,,1400,1400,,12320000.000000002,12320000.000000002,,
312,1200,10560000.000000002,12320000.000000002,1760000.0000000002,14080000.000000002,2692836,4920000,0.8,568,4,0,,-200,-1760000.0000000002,8.8,"2023-01-05T09:22:00.000Z",1672910520000,8.8,8.8,8.8,0,100,0,,0.4,,Infinity,200,200,1600,,1760000.0000000002,,1760000.0000000002,
312,1300,10560900.000000002,12320900.000000002,1760000.0000000002,14080900.000000002,2692836,4920000,0,568,4,Infinity,100,100,900,9,"2023-01-05T09:52:00.000Z",1672912320000,9,9,9,100,0,0,0.3,,,0,,100,1700,,900,900,,
312,1400,11450900.000000002,13210900.000000002,1760000.0000000002,14970900.000000002,2692836,4920000,0.4,568,4,Infinity,100,100,890000,8.9,"2023-01-05T11:06:00.000Z",1672916760000,8.9,8.9,8.9,100,0,0,0.3,,,0,,100,1800,,890000,890000,,
312,1200,9690900.000000002,13210900.000000002,3520000.0000000005,16730900.000000002,2692836,4920000,0.8,568,4,0,,-200,-1760000.0000000002,8.8,"2023-01-05T11:26:00.000Z",1672917960000,8.8,8.8,8.8,0,100,0,,0.4,,Infinity,200,200,2000,,1760000.0000000002,,1760000.0000000002,
312,800,6210900.000000002,13210900.000000002,7000000,20210900,2692836,4920000,1.6,568,4,0,,-400,-3480000,8.7,"2023-01-05T11:28:00.000Z",1672918080000,8.7,8.7,8.7,0,100,0,,0.7,,Infinity,400,400,2400,,3480000,,3480000,
312,-2800,-25109099.999999993,13210900.000000002,38320000,51530900,2692836,4920000,14.1,568,4,0,,-3600,-31319999.999999996,8.7,"2023-01-05T13:08:00.000Z",1672924080000,8.7,8.7,8.7,0,100,0,,6.3,,Infinity,3600,3600,6000,,31319999.999999996,,31319999.999999996,
312,-1800,-16409099.999999993,21910900,38320000,60230900,2692836,4920000,3.9,568,4,Infinity,1000,1000,8700000,8.7,"2023-01-05T13:14:00.000Z",1672924440000,8.7,8.7,8.7,100,0,0,3.2,,,0,,1000,7000,,8700000,8700000,,
312,-500,-5099099.999999994,33220900,38320000,71540900,2692836,4920000,5.1,568,4,Infinity,1300,1300,11309999.999999998,8.7,"2023-01-05T13:16:00.000Z",1672924560000,8.7,8.7,8.7,100,0,0,4.2,,,0,,1300,8300,,11309999.999999998,11309999.999999998,,
312,-400,-4209099.999999994,34110900,38320000,72430900,2692836,4920000,0.4,568,4,Infinity,100,100,890000,8.9,"2023-01-05T13:22:00.000Z",1672924920000,8.9,8.9,8.9,100,0,0,0.3,,,0,,100,8400,,890000,890000,,
312,-1800,-16249099.999999994,34110900,50360000,84470900,2692836,4920000,5.4,568,4,0,,-1400,-12040000,8.6,"2023-01-05T13:24:00.000Z",1672925040000,8.6,8.6,8.6,0,100,0,,2.5,,Infinity,1400,1400,9800,,12040000,,12040000,
312,-1700,-15359099.999999994,35000900,50360000,85360900,2692836,4920000,0.4,568,4,Infinity,100,100,890000,8.9,"2023-01-05T13:34:00.000Z",1672925640000,8.9,8.9,8.9,100,0,0,0.3,,,0,,100,9900,,890000,890000,,
312,-1700,-15359099.999999994,35000900,50360000,86240900,2692836,4920000,0,568,4,NaN,,0,0,8.8,"2023-01-05T13:36:00.000Z",1672925760000,8.8,8.8,8.8,0,0,100,,,25,NaN,,100,10000,100,880000.0000000001,,,880000.0000000001
312,-300,-3039099.9999999944,47320900,50360000,98560900,2692836,4920000,5.5,568,4,Infinity,1400,1400,12320000,8.8,"2023-01-05T13:48:00.000Z",1672926480000,8.8,8.8,8.8,100,0,0,4.5,,,0,,1400,11400,,12320000,12320000,,
312,-200,-2149099.9999999944,48210900,50360000,99450900,2692836,4920000,0.4,568,4,Infinity,100,100,890000,8.9,"2023-01-05T13:50:00.000Z",1672926600000,8.9,8.9,8.9,100,0,0,0.3,,,0,,100,11500,,890000,890000,,
312,-900,-8309099.999999995,48210900,56520000,105610900,2692836,4920000,2.8,568,4,0,,-700,-6160000.000000001,8.8,"2023-01-05T14:00:00.000Z",1672927200000,8.8,8.8,8.8,0,100,0,,1.2,,Infinity,700,700,12200,,6160000.000000001,,6160000.000000001,
312,-1200,-10949099.999999996,48210900,59160000,108250900,2692836,4920000,1.2,568,4,0,,-300,-2640000,8.8,"2023-01-05T14:02:00.000Z",1672927320000,8.8,8.8,8.8,0,100,0,,0.5,,Infinity,300,300,12500,,2640000,,2640000,
312,-2400,-21389099.999999996,48210900,69600000,118690900,2692836,4920000,4.7,568,4,0,,-1200,-10440000,8.7,"2023-01-05T14:06:00.000Z",1672927560000,8.7,8.7,8.7,0,100,0,,2.1,,Infinity,1200,1200,13700,,10440000,,10440000,
312,-1700,-15229099.999999996,54370900,69600000,124850900,2692836,4920000,2.8,568,4,Infinity,700,700,6160000.000000001,8.8,"2023-01-05T14:10:00.000Z",1672927800000,8.8,8.8,8.8,100,0,0,2.2,,,0,,700,14400,,6160000.000000001,6160000.000000001,,
312,-1900,-16969099.999999996,54370900,71340000,126590900,2692836,4920000,0.8,568,4,0,,-200,-1739999.9999999998,8.7,"2023-01-05T14:16:00.000Z",1672928160000,8.7,8.7,8.7,0,100,0,,0.4,,Infinity,200,200,14600,,1739999.9999999998,,1739999.9999999998,
312,-2100,-18709099.999999996,57850900,76560000,135290900,2692836,4920000,0.8,568,4,0.7,400,-200,-1740000.0000000005,8.7,"2023-01-05T14:20:00.000Z",1672928400000,8.7,8.7,8.7,40,60,0,1.3,1.1,,1.5,600,1000,15600,,8700000,3479999.9999999995,5220000,
312,-5100,-44509100,57850900,102360000,161090900,2692836,4920000,11.6,568,4,0,,-3000,-25800000,8.6,"2023-01-05T14:22:00.000Z",1672928520000,8.6,8.6,8.6,0,100,0,,5.3,,Infinity,3000,3000,18600,,25800000,,25800000,
312,-7000,-60849100,57850900,118700000,177430900,2692836,4920000,7.3,568,4,0,,-1900,-16340000,8.6,"2023-01-05T14:24:00.000Z",1672928640000,8.6,8.6,8.6,0,100,0,,3.3,,Infinity,1900,1900,20500,,16340000,,16340000,
312,-7400,-64279100,58720900,123000000,182600900,2692836,4920000,1.5,568,4,0.2,100,-400,-3430000,8.6,"2023-01-05T14:28:00.000Z",1672928880000,8.7,8.6,8.7,16.7,83.3,0,0.3,0.9,,5,500,600,21100,,5170000,869999.9999999999,4300000,
312,-6400,-55679100,67320900,123000000,191200900,2692836,4920000,3.9,568,4,Infinity,1000,1000,8600000,8.6,"2023-01-05T14:44:00.000Z",1672929840000,8.6,8.6,8.6,100,0,0,3.2,,,0,,1000,22100,,8600000,8600000,,
