"abu","acum_busd","acum_busd_val","acum_val_bu","acum_val_sd","acum_val","avg_val_bu","avg_val_sd","rbusd","asd","auk","bs","bu","bu-sd","bu-sd_val","c","date","datetime","h","l","o","pbu","psd","puk","rbu","rsd","ruk","sb","sd","sum_vol","total_vol","uk","val","val_bu","val_sd","val_uk"
7038.3,2100,24780000,24780000,0,24780000,78709463.8,63863829.8,1.7,5466,85.1,Infinity,2100,2100,24780000,11.8,"2023-01-05T02:40:00.000Z",1672886400000,11.8,11.8,11.8,100,0,0,0.3,,,0,,2100,40200,,24780000,24780000,,
7038.3,1600,19010000,31880000,12870000,69540000,78709463.8,63863829.8,-0.4,5466,85.1,0.5,600,-500,-5770000,11.7,"2023-01-05T09:05:00.000Z",1672909500000,11.9,11.7,11.9,15.8,28.9,55.3,0.1,0.2,24.7,1.8,1100,3800,3800,2100,44760000,7100000,12870000,24790000
7038.3,4300,50910000,68460000,17550000,110800000,78709463.8,63863829.8,2.1,5466,85.1,7.8,3100,2700,31900000,11.8,"2023-01-05T09:10:00.000Z",1672909800000,11.8,11.7,11.7,88.6,11.4,0,0.4,0.1,,0.1,400,3500,7300,,41260000,36580000,4680000,
7038.3,4100,48550000,76720000,28170000,129680000,78709463.8,63863829.8,-0.2,5466,85.1,0.8,700,-200,-2360000,11.8,"2023-01-05T09:15:00.000Z",1672910100000,11.8,11.8,11.8,43.8,56.3,0,0.1,0.2,,1.3,900,1600,8900,,18880000,8260000,10620000,
7038.3,-2000,-23430000,134540000,157970000,317300000,78709463.8,63863829.8,-4.8,5466,85.1,0.4,4900,-6100,-71980000,11.8,"2023-01-05T09:20:00.000Z",1672910400000,11.8,11.8,11.8,30.8,69.2,0,0.7,2,,2.2,11000,15900,24800,,187620000,57820000,129800000,
7038.3,-200,-2190000,161680000,163870000,351520000,78709463.8,63863829.8,1.4,5466,85.1,4.6,2300,1800,21240000,11.8,"2023-01-05T09:25:00.000Z",1672910700000,11.8,11.8,11.8,79.3,17.2,3.4,0.3,0.1,1.2,0.2,500,2900,27700,100,34220000,27140000,5900000,1180000
7038.3,3900,46190000,210060000,163870000,399900000,78709463.8,63863829.8,3.3,5466,85.1,Infinity,4100,4100,48380000,11.8,"2023-01-05T09:30:00.000Z",1672911000000,11.8,11.8,11.8,100,0,0,0.6,,,0,,4100,31800,,48380000,48380000,,
7038.3,5900,69870000,249000000,179130000,454100000,78709463.8,63863829.8,1.6,5466,85.1,2.5,3300,2000,23680000,11.8,"2023-01-05T09:35:00.000Z",1672911300000,11.8,11.7,11.8,71.7,28.3,0,0.5,0.2,,0.4,1300,4600,36400,,54200000,38940000,15260000,
7038.3,4600,54630000,250180000,195550000,474060000,78709463.8,63863829.8,-1,5466,85.1,0.1,100,-1300,-15240000,11.8,"2023-01-05T09:40:00.000Z",1672911600000,11.8,11.7,11.8,5.9,82.4,11.8,0,0.3,2.4,14,1400,1700,38100,200,19960000,1180000,16420000,2360000
7038.3,6100,72330000,272600000,200270000,501200000,78709463.8,63863829.8,1.2,5466,85.1,4.8,1900,1500,17700000,11.8,"2023-01-05T09:45:00.000Z",1672911900000,11.8,11.8,11.8,82.6,17.4,0,0.3,0.1,,0.2,400,2300,42500,,27140000,22420000,4720000,
7038.3,13100,154940000,356380000,201440000,586150000,78709463.8,63863829.8,5.6,5466,85.1,71,7100,7000,82610000,11.8,"2023-01-05T09:50:00.000Z",1672912200000,11.8,11.7,11.8,98.6,1.4,0,1,0,,0,100,7200,49700,,84950000,83780000,1170000,
7038.3,13700,162020000,401220000,239200000,668750000,78709463.8,63863829.8,0.5,5466,85.1,1.2,3800,600,7080000,11.8,"2023-01-05T09:55:00.000Z",1672912500000,11.8,11.8,11.8,54.3,45.7,0,0.5,0.6,,0.8,3200,7000,56700,,82600000,44840000,37760000,
7038.3,22900,270980000,523160000,252180000,803670000,78709463.8,63863829.8,7.3,5466,85.1,9.4,10300,9200,108960000,11.9,"2023-01-05T10:00:00.000Z",1672912800000,11.9,11.8,11.8,90.4,9.6,0,1.5,0.2,,0.1,1100,11400,68100,,134920000,121940000,12980000,
7038.3,38800,340121200,647041200,306920000,982291200,78709463.8,63863829.8,4.7,5466,85.1,4.5,20500,15900,69141200,12,"2023-01-05T10:05:00.000Z",1672913100000,12,11.9,11.9,81.7,18.3,0,2.9,0.8,,0.2,4600,25100,93200,,178621200,123881200,54740000,
7038.3,40500,340141600,647061600,306920000,982311600,78709463.8,63863829.8,0,5466,85.1,Infinity,1700,1700,20400,12,"2023-01-05T10:10:00.000Z",1672913400000,12,12,12,100,0,0,0.2,,,0,,1700,94900,,20400,20400,,
7038.3,40800,327068400,647078400,320010000,995418400,78709463.8,63863829.8,-0.9,5466,85.1,1.3,1400,300,-13073200,12,"2023-01-05T10:15:00.000Z",1672913700000,12,11.9,11.9,56,44,0,0.2,0.2,,0.8,1100,2500,97400,,13106800,16800,13090000,
7038.3,37200,258074800,647104800,389030000,1064464800,78709463.8,63863829.8,-4.6,5466,85.1,0.4,2200,-3600,-68993600,11.9,"2023-01-05T10:20:00.000Z",1672914000000,12,11.9,12,27.5,72.5,0,0.3,1.1,,2.6,5800,8000,105400,,69046400,26400,69020000,
7038.3,36300,247364800,667334800,419970000,1115634800,78709463.8,63863829.8,-0.7,5466,85.1,0.7,1700,-900,-10710000,11.9,"2023-01-05T10:25:00.000Z",1672914300000,11.9,11.9,11.9,39.5,60.5,0,0.2,0.5,,1.5,2600,4300,109700,,51170000,20230000,30940000,
7038.3,36100,245034800,670904800,425870000,1125104800,78709463.8,63863829.8,-0.2,5466,85.1,0.6,300,-200,-2330000,11.8,"2023-01-05T10:30:00.000Z",1672914600000,11.9,11.8,11.9,37.5,62.5,0,0,0.1,,1.7,500,800,110500,,9470000,3570000,5900000,
7038.3,30400,177774800,670904800,493130000,1192364800,78709463.8,63863829.8,-4.5,5466,85.1,0,,-5700,-67260000,11.8,"2023-01-05T10:35:00.000Z",1672914900000,11.8,11.8,11.8,0,100,0,,1,,Infinity,5700,5700,116200,,67260000,,67260000,
7038.3,52700,440914800,936404800,495490000,1466124800,78709463.8,63863829.8,17.7,5466,85.1,112.5,22500,22300,263140000.00000003,11.8,"2023-01-05T10:40:00.000Z",1672915200000,11.8,11.8,11.8,97,0.9,2.2,3.2,0,5.9,0,200,23200,139400,500,273760000,265500000.00000003,2360000,5900000
7038.3,49300,401144800,937584800,536440000,1508254800,78709463.8,63863829.8,-2.7,5466,85.1,0,100,-3400,-39770000,11.7,"2023-01-05T10:45:00.000Z",1672915500000,11.8,11.7,11.8,2.8,97.2,0,0,0.6,,35,3500,3600,143000,,42130000,1180000,40950000,
7038.3,37000,257234800,937584800,680350000,1652164800,78709463.8,63863829.8,-9.7,5466,85.1,0,,-12300,-143910000,11.7,"2023-01-05T10:50:00.000Z",1672915800000,11.7,11.7,11.7,0,100,0,,2.3,,Infinity,12300,12300,155300,,143910000,,143910000,
7038.3,31400,191714800,937584800,745870000,1717684800,78709463.8,63863829.8,-4.4,5466,85.1,0,,-5600,-65520000,11.7,"2023-01-05T10:55:00.000Z",1672916100000,11.7,11.7,11.7,0,100,0,,1,,Infinity,5600,5600,160900,,65520000,,65520000,
7038.3,18900,45664800,961184800,915520000,1910934800,78709463.8,63863829.8,-9.8,5466,85.1,0.1,2000,-12500,-146050000,11.7,"2023-01-05T11:00:00.000Z",1672916400000,11.8,11.7,11.7,12.1,87.9,0,0.3,2.7,,7.3,14500,16500,177400,,193250000,23600000,169650000,
7038.3,18500,40984800,961184800,920200000,1915614800,78709463.8,63863829.8,-0.3,5466,85.1,0,,-400,-4680000,11.7,"2023-01-05T11:10:00.000Z",1672917000000,11.7,11.7,11.7,0,100,0,,0.1,,Infinity,400,400,177800,,4680000,,4680000,
7038.3,19500,52784800,972984800,920200000,1927414800,78709463.8,63863829.8,0.8,5466,85.1,Infinity,1000,1000,11800000,11.8,"2023-01-05T11:15:00.000Z",1672917300000,11.8,11.8,11.8,100,0,0,0.1,,,0,,1000,178800,,11800000,11800000,,
7038.3,19300,50444800,972984800,922540000,1929754800,78709463.8,63863829.8,-0.2,5466,85.1,0,,-200,-2340000,11.7,"2023-01-05T11:20:00.000Z",1672917600000,11.7,11.7,11.7,0,100,0,,0,,Infinity,200,200,179000,,2340000,,2340000,
7038.3,12400,-30285200,980004800,1010290000,2024524800,78709463.8,63863829.8,-5.4,5466,85.1,0.1,600,-6900,-80730000,11.7,"2023-01-05T11:25:00.000Z",1672917900000,11.7,11.7,11.7,7.4,92.6,0,0.1,1.4,,12.5,7500,8100,187100,,94770000,7020000,87750000,
7038.3,-6400,-248335200,983514800,1231850000,2249594800,78709463.8,63863829.8,-14.7,5466,85.1,0,300,-18800,-218050000,11.6,"2023-01-05T13:00:00.000Z",1672923600000,11.7,11.6,11.6,1.5,98.5,0,0,3.5,,63.7,19100,19400,206500,,225070000,3510000,221560000,
7038.3,-4300,-223575200,1034994800,1258570000,2327794800,78709463.8,63863829.8,1.7,5466,85.1,1.9,4400,2100,24760000,11.7,"2023-01-05T13:05:00.000Z",1672923900000,11.7,11.6,11.7,65.7,34.3,0,0.6,0.4,,0.5,2300,6700,213200,,78200000,51480000,26720000,
7038.3,-8500,-272715200,1034994800,1307710000,2376934800,78709463.8,63863829.8,-3.3,5466,85.1,0,,-4200,-49140000,11.7,"2023-01-05T13:10:00.000Z",1672924200000,11.7,11.7,11.7,0,100,0,,0.8,,Infinity,4200,4200,217400,,49140000,,49140000,
7038.3,-7000,-255165200,1097004800,1352170000,2484574800,78709463.8,63863829.8,1.2,5466,85.1,1.4,5300,1500,17550000,11.7,"2023-01-05T13:15:00.000Z",1672924500000,11.7,11.7,11.7,57.6,41.3,1.1,0.8,0.7,1.2,0.7,3800,9200,226600,100,107640000,62010000,44460000,1170000
7038.3,-27100,-488315200,1115574800,1603890000,2754864800,78709463.8,63863829.8,-15.7,5466,85.1,0.1,1600,-20100,-233150000,11.6,"2023-01-05T13:20:00.000Z",1672924800000,11.7,11.6,11.6,6.9,93.1,0,0.2,4,,13.6,21700,23300,249900,,270290000,18570000,251720000,
7038.3,-19600,-400565200,1203324800,1603890000,2842614800,78709463.8,63863829.8,5.9,5466,85.1,Infinity,7500,7500,87750000,11.7,"2023-01-05T13:25:00.000Z",1672925100000,11.7,11.7,11.7,100,0,0,1.1,,,0,,7500,257400,,87750000,87750000,,
7038.3,-1900,-192835200,1491134800,1683970000,3210504800,78709463.8,63863829.8,14,5466,85.1,3.6,24500,17700,207730000,11.8,"2023-01-05T13:30:00.000Z",1672925400000,11.8,11.6,11.6,78.3,21.7,0,3.5,1.2,,0.3,6800,31300,288700,,367890000,287810000,80080000,
7038.3,18100,42934800,2112654800,2069720000,4217774800,78709463.8,63863829.8,15.9,5466,85.1,1.6,53500,20000,235770000,11.5,"2023-01-05T13:35:00.000Z",1672925700000,11.8,11.5,11.8,61.5,38.5,0,7.6,6.1,,0.6,33500,87000,375700,,1007270000,621520000,385750000,
7038.3,53700,455884800,2526774800,2070890000,4633064800,78709463.8,63863829.8,27.8,5466,85.1,357,35700,35600,412950000,11.7,"2023-01-05T13:40:00.000Z",1672926000000,11.7,11.6,11.6,99.7,0.3,0,5.1,0,,0,100,35800,411500,,415290000,414120000,1170000,
7038.3,68700,632904800,2748614800,2115710000,4899724800,78709463.8,63863829.8,11.9,5466,85.1,4.9,18800,15000,177020000,11.8,"2023-01-05T13:50:00.000Z",1672926600000,11.8,11.7,11.8,83.2,16.8,0,2.7,0.7,,0.2,3800,22600,434100,,266660000,221840000,44820000,
7038.3,69700,645784800,2911454800,2265670000,5224324800,78709463.8,63863829.8,0.9,5466,85.1,1.1,13800,1000,12880000,11.8,"2023-01-05T13:55:00.000Z",1672926900000,11.8,11.7,11.8,50,46.4,3.6,2,2.3,11.8,0.9,12800,27600,461700,1000,324600000,162840000,149960000,11800000
7038.3,86500,844074800,3109744800,2265670000,5422614800,78709463.8,63863829.8,13.4,5466,85.1,Infinity,16800,16800,198290000,11.9,"2023-01-05T14:00:00.000Z",1672927200000,11.9,11.8,11.8,100,0,0,2.4,,,0,,16800,478500,,198290000,198290000,,
7038.3,72700,683444800,3159714800,2476270000,5683184800,78709463.8,63863829.8,-10.8,5466,85.1,0.2,4200,-13800,-160630000,11.8,"2023-01-05T14:05:00.000Z",1672927500000,11.9,11.7,11.9,18.9,81.1,0,0.6,3.3,,4.3,18000,22200,500700,,260570000,49970000,210600000,
7038.3,65400,598054800,3220574800,2622520000,5890294800,78709463.8,63863829.8,-5.8,5466,85.1,0.4,5200,-7300,-85390000,11.7,"2023-01-05T14:10:00.000Z",1672927800000,11.8,11.7,11.8,29.4,70.6,0,0.7,2.3,,2.4,12500,17700,518400,,207110000,60860000,146250000,
7038.3,77400,738474800,3449914800,2711440000,6208554800,78709463.8,63863829.8,9.5,5466,85.1,2.6,19600,12000,140420000,11.7,"2023-01-05T14:15:00.000Z",1672928100000,11.8,11.7,11.7,72.1,27.9,0,2.8,1.4,,0.4,7600,27200,545600,,318260000,229340000,88920000,
7038.3,75600,717514800,3461714800,2744200000,6253114800,78709463.8,63863829.8,-1.4,5466,85.1,0.4,1000,-1800,-20960000,11.8,"2023-01-05T14:20:00.000Z",1672928400000,11.8,11.7,11.7,26.3,73.7,0,0.1,0.5,,2.8,2800,3800,549400,,44560000,11800000,32760000,
7038.3,61600,553834800,3555434800,3001600000,6604234800,78709463.8,63863829.8,-11,5466,85.1,0.4,8000,-14000,-163680000,11.7,"2023-01-05T14:25:00.000Z",1672928700000,11.8,11.7,11.8,26.7,73.3,0,1.1,4,,2.8,22000,30000,579400,,351120000,93720000,257400000,
7038.3,73900,697744800,3699344800,3001600000,6748144800,78709463.8,63863829.8,9.7,5466,85.1,Infinity,12300,12300,143910000,11.7,"2023-01-05T14:45:00.000Z",1672929900000,11.7,11.7,11.7,100,0,0,1.7,,,0,,12300,591700,,143910000,143910000,,
