"abu","acum_busd","acum_busd_val","acum_val_bu","acum_val_sd","acum_val","avg_val_bu","avg_val_sd","rbusd","asd","auk","bs","bu","bu-sd","bu-sd_val","c","date","datetime","h","l","o","pbu","psd","puk","rbu","rsd","ruk","sb","sd","sum_vol","total_vol","uk","val","val_bu","val_sd","val_uk"
9351.1,47200,2001691600,2001783400,91800,2001875200,372850624.4,85656684.4,7,2411.1,1613.3,28.8,48900,47200,2001691600,54.3,"2022-12-21T09:15:00.000Z",1671614100000,54.4,54,54.4,96.6,3.4,0,5.2,0.7,,0,1700,50600,50600,,2001875200,2001783400,91800,
9351.1,73800,2003278000,2030196800,26918800,2057115600,372850624.4,85656684.4,0,2411.1,1613.3,27.6,27600,26600,1586400,54,"2022-12-21T09:20:00.000Z",1671614400000,54,53.6,54,96.5,3.5,0,3,0.4,,0,1000,28600,79200,,55240400,28413400,26827000,
9351.1,83300,2003791000,2030709800,26918800,2057628600,372850624.4,85656684.4,0,2411.1,1613.3,Infinity,9500,9500,513000,54,"2022-12-21T09:25:00.000Z",1671614700000,54,54,54,100,0,0,1,,,0,,9500,88700,,513000,513000,,
9351.1,84900,2003877400,2030796200,26918800,2057715000,372850624.4,85656684.4,0,2411.1,1613.3,Infinity,1600,1600,86400,54,"2022-12-21T09:30:00.000Z",1671615000000,54,54,54,100,0,0,0.2,,,0,,1600,90300,,86400,86400,,
9351.1,87900,2149663600,2283792400,134128800,2428681200,372850624.4,85656684.4,0.5,2411.1,1613.3,2.5,5000,3000,145786200,53.8,"2022-12-21T09:35:00.000Z",1671615300000,54,53.6,54,69.4,27.8,2.8,0.5,0.8,0.1,0.4,2000,7200,97500,200,370966200,252996200,107210000,10760000
9351.1,87300,2117803600,2369852400,252048800,2632661200,372850624.4,85656684.4,-0.1,2411.1,1613.3,0.7,1600,-600,-31860000,53.6,"2022-12-21T09:40:00.000Z",1671615600000,53.8,53.6,53.8,42.1,57.9,0,0.2,0.9,,1.4,2200,3800,101300,,203980000,86060000,117920000,
9351.1,92400,2391163600,3178212400,787048800,3976021200,372850624.4,85656684.4,1,2411.1,1613.3,1.5,15100,5100,273360000,53.6,"2022-12-21T09:45:00.000Z",1671615900000,53.6,53.5,53.5,60.2,39.8,0,1.6,4.1,,0.7,10000,25100,126400,,1343360000,808360000,535000000,
9351.1,101300,2868903600,3773872400,904968800,4689601200,372850624.4,85656684.4,1.7,2411.1,1613.3,5,11100,8900,477740000,53.8,"2022-12-21T09:50:00.000Z",1671616200000,53.8,53.6,53.6,83.5,16.5,0,1.2,0.9,,0.2,2200,13300,139700,,713580000,595660000,117920000,
9351.1,105900,3116383600,4021352400,904968800,4937081200,372850624.4,85656684.4,0.9,2411.1,1613.3,Infinity,4600,4600,247480000,53.8,"2022-12-21T09:55:00.000Z",1671616500000,53.8,53.8,53.8,100,0,0,0.5,,,0,,4600,144300,,247480000,247480000,,
9351.1,111400,3412193600,4349382400,937188800,5297331200,372850624.4,85656684.4,1,2411.1,1613.3,10.2,6100,5500,295810000,53.7,"2022-12-21T10:00:00.000Z",1671616800000,53.8,53.7,53.8,91,9,0,0.7,0.2,,0.1,600,6700,151000,,360250000,328030000,32220000,
9351.1,98800,3535883900,4885066100,1349182200,6245008300,372850624.4,85656684.4,0.4,2411.1,1613.3,0.6,22900,-12600,123690300,53.5,"2022-12-21T10:05:00.000Z",1671617100000,53.6,53,53.6,39.2,60.8,0,2.4,14.7,,1.6,35500,58400,209400,,947677100,535683700,411993400,
9351.1,100100,3610778600,4959992600,1349214000,6319966600,372850624.4,85656684.4,0.3,2411.1,1613.3,3.2,1900,1300,74894700,53,"2022-12-21T10:10:00.000Z",1671617400000,53.5,53,53.5,76,24,0,0.2,0.2,,0.3,600,2500,211900,,74958300,74926500,31800,
9351.1,91500,3083852800,4960066800,1876214000,6847040800,372850624.4,85656684.4,-1.8,2411.1,1613.3,0.1,1400,-8600,-526925800,53,"2022-12-21T10:15:00.000Z",1671617700000,53,52.7,53,12.3,87.7,0,0.1,4.1,,7.1,10000,11400,223300,,527074200,74200,527000000,
9351.1,92200,3083889900,4960103900,1876214000,6847077900,372850624.4,85656684.4,0,2411.1,1613.3,Infinity,700,700,37100,53,"2022-12-21T10:20:00.000Z",1671618000000,53,53,53,100,0,0,0.1,,,0,,700,224000,,37100,37100,,
9351.1,96100,3196335300,5072549300,1876214000,6959523300,372850624.4,85656684.4,0.4,2411.1,1613.3,Infinity,3900,3900,112445400,53.5,"2022-12-21T10:25:00.000Z",1671618300000,53.5,53,53,100,0,0,0.4,,,0,,3900,227900,,112445400,112445400,,
9351.1,98500,3324735300,5200949300,1876214000,7087923300,372850624.4,85656684.4,0.4,2411.1,1613.3,Infinity,2400,2400,128400000,53.5,"2022-12-21T10:30:00.000Z",1671618600000,53.5,53.5,53.5,100,0,0,0.3,,,0,,2400,230300,,128400000,128400000,,
9351.1,99900,3399545300,5275759300,1876214000,7162733300,372850624.4,85656684.4,0.3,2411.1,1613.3,Infinity,1400,1400,74810000,53.4,"2022-12-21T10:35:00.000Z",1671618900000,53.5,53.4,53.5,100,0,0,0.1,,,0,,1400,231700,,74810000,74810000,,
9351.1,106300,3741305300,5617519300,1876214000,7504493300,372850624.4,85656684.4,1.2,2411.1,1613.3,Infinity,6400,6400,341760000,53.4,"2022-12-21T10:40:00.000Z",1671619200000,53.4,53.4,53.4,100,0,0,0.7,,,0,,6400,238100,,341760000,341760000,,
9351.1,124200,4699015300,6575229300,1876214000,8462203300,372850624.4,85656684.4,3.3,2411.1,1613.3,Infinity,17900,17900,957710000,53.6,"2022-12-21T10:45:00.000Z",1671619500000,53.6,53.4,53.4,100,0,0,1.9,,,0,,17900,256000,,957710000,957710000,,
9351.1,142300,5672225300,7553809300,1881584000,9446153300,372850624.4,85656684.4,3.4,2411.1,1613.3,182,18200,18100,973210000,53.8,"2022-12-21T10:50:00.000Z",1671619800000,53.8,53.6,53.6,99.5,0.5,0,1.9,0,,0,100,18300,274300,,983950000,978580000,5370000,
9351.1,143400,5730975300,7810609300,2079634000,9901003300,372850624.4,85656684.4,0.2,2411.1,1613.3,1.3,4800,1100,58750000,53.5,"2022-12-21T10:55:00.000Z",1671620100000,53.7,53.4,53.7,56.5,43.5,0,0.5,1.5,,0.8,3700,8500,282800,,454850000,256800000,198050000,
9351.1,145500,5864924100,8062059300,2197135200,10269954500,372850624.4,85656684.4,0.5,2411.1,1613.3,1.8,4700,2100,133948800,53.5,"2022-12-21T11:00:00.000Z",1671620400000,53.5,53,53.5,64.4,35.6,0,0.5,1.1,,0.6,2600,7300,290100,,368951200,251450000,117501200,
9351.1,149200,6105181700,8302359300,2197177600,10510296900,372850624.4,85656684.4,0.8,2411.1,1613.3,5.6,4500,3700,240257600,53.4,"2022-12-21T11:05:00.000Z",1671620700000,53.4,53,53,84.9,15.1,0,0.5,0.3,,0.2,800,5300,295400,,240342400,240300000,42400,
9351.1,149700,6131891700,8334409300,2202517600,10547686900,372850624.4,85656684.4,0.1,2411.1,1613.3,6,600,500,26710000,53.4,"2022-12-21T11:10:00.000Z",1671621000000,53.5,53.4,53.4,85.7,14.3,0,0.1,0,,0.2,100,700,296100,,37390000,32050000,5340000,
9351.1,153700,6345491700,8548009300,2202517600,10761286900,372850624.4,85656684.4,0.7,2411.1,1613.3,Infinity,4000,4000,213600000,53.4,"2022-12-21T11:15:00.000Z",1671621300000,53.4,53.4,53.4,100,0,0,0.4,,,0,,4000,300100,,213600000,213600000,,
9351.1,155800,6457631700,8660149300,2202517600,10873426900,372850624.4,85656684.4,0.4,2411.1,1613.3,Infinity,2100,2100,112140000,53.4,"2022-12-21T11:20:00.000Z",1671621600000,53.4,53.4,53.4,100,0,0,0.2,,,0,,2100,302200,,112140000,112140000,,
9351.1,157800,6564431700,8766949300,2202517600,10980226900,372850624.4,85656684.4,0.4,2411.1,1613.3,Infinity,2000,2000,106800000,53.4,"2022-12-21T13:00:00.000Z",1671627600000,53.4,53.4,53.4,100,0,0,0.2,,,0,,2000,304200,,106800000,106800000,,
9351.1,161900,6889995700,9097909300,2207913600,11316582900,372850624.4,85656684.4,1.1,2411.1,1613.3,3,6200,4100,325564000,53.4,"2022-12-21T13:05:00.000Z",1671627900000,53.4,52.9,53.3,74.7,25.3,0,0.7,0.9,,0.3,2100,8300,312500,,336356000,330960000,5396000,
9351.1,164100,7007475700,9215389300,2207913600,11434062900,372850624.4,85656684.4,0.4,2411.1,1613.3,Infinity,2200,2200,117480000,53.4,"2022-12-21T13:10:00.000Z",1671628200000,53.4,53.4,53.4,100,0,0,0.2,,,0,,2200,314700,,117480000,117480000,,
9351.1,178100,7758505700,10148559300,2390053600,12549372900,372850624.4,85656684.4,2.6,2411.1,1613.3,5.1,17400,14000,751030000,53.8,"2022-12-21T13:15:00.000Z",1671628500000,53.8,53.4,53.4,83.7,16.3,0,1.9,1.4,,0.2,3400,20800,335500,,1115310000,933170000,182140000,
9351.1,182000,7968335700,10363759300,2395423600,12769942900,372850624.4,85656684.4,0.7,2411.1,1613.3,40,4000,3900,209830000,53.8,"2022-12-21T13:20:00.000Z",1671628800000,53.8,53.7,53.8,97.6,2.4,0,0.4,0,,0,100,4100,339600,,220570000,215200000,5370000,
9351.1,187400,8258335700,10868559300,2610223600,13489542900,372850624.4,85656684.4,1,2411.1,1613.3,2.4,9400,5400,290000000,53.7,"2022-12-21T13:25:00.000Z",1671629100000,53.8,53.7,53.8,70.1,29.9,0,1,1.7,,0.4,4000,13400,353000,,719600000,504800000,214800000,
9351.1,267500,12017291900,14767415500,2750123600,17528299100,372850624.4,85656684.4,13.1,2411.1,1613.3,31.8,82700,80100,3758956200,54,"2022-12-21T13:30:00.000Z",1671629400000,54,53.7,53.7,97,3,0,8.8,1.1,,0,2600,85300,438300,,4038756200,3898856200,139900000,
9351.1,294500,12034903700,14790397300,2755493600,17556650900,372850624.4,85656684.4,0.1,2411.1,1613.3,271,27100,27000,17611800,53.8,"2022-12-21T13:35:00.000Z",1671629700000,54,53.7,54,99.6,0.4,0,2.9,0,,0,100,27200,465500,,28351800,22981800,5370000,
9351.1,300200,12341803700,15161617300,2819813600,17992190900,372850624.4,85656684.4,1.1,2411.1,1613.3,5.8,6900,5700,306900000,53.8,"2022-12-21T13:40:00.000Z",1671630000000,53.8,53.6,53.8,85.2,14.8,0,0.7,0.5,,0.2,1200,8100,473600,,435540000,371220000,64320000,
9351.1,301000,12384833700,15210017300,2825183600,18045960900,372850624.4,85656684.4,0.1,2411.1,1613.3,9,900,800,43030000,53.8,"2022-12-21T13:45:00.000Z",1671630300000,53.8,53.7,53.8,90,10,0,0.1,0,,0.1,100,1000,474600,,53770000,48400000,5370000,
9351.1,300100,12346733100,15358737300,3012004200,18381501500,372850624.4,85656684.4,-0.1,2411.1,1613.3,0.8,2800,-900,-38100600,52.8,"2022-12-21T13:50:00.000Z",1671630600000,53.8,52.8,53.8,43.1,56.9,0,0.3,1.5,,1.3,3700,6500,481100,,335540600,148720000,186820600,
9351.1,300600,12373433100,15385437300,3012004200,18408201500,372850624.4,85656684.4,0.1,2411.1,1613.3,Infinity,500,500,26700000,53.4,"2022-12-21T13:55:00.000Z",1671630900000,53.4,53.4,53.4,100,0,0,0.1,,,0,,500,481600,,26700000,26700000,,
9351.1,301500,12421493100,15433497300,3012004200,18456261500,372850624.4,85656684.4,0.2,2411.1,1613.3,Infinity,900,900,48060000,53.4,"2022-12-21T14:00:00.000Z",1671631200000,53.4,53.4,53.4,100,0,0,0.1,,,0,,900,482500,,48060000,48060000,,
9351.1,302200,12458893100,15497547300,3038654200,18546961500,372850624.4,85656684.4,0.1,2411.1,1613.3,2.4,1200,700,37400000,53.3,"2022-12-21T14:05:00.000Z",1671631500000,53.4,53.3,53.4,70.6,29.4,0,0.1,0.2,,0.4,500,1700,484200,,90700000,64050000,26650000,
9351.1,300400,12480096500,15518867300,3038770800,18579018100,372850624.4,85656684.4,0.1,2411.1,1613.3,0.2,400,-1800,21203400,53,"2022-12-21T14:10:00.000Z",1671631800000,53.3,53,53.3,14.3,78.6,7.1,0,0.9,0.1,5.5,2200,2800,487000,200,32056600,21320000,116600,10620000
9351.1,293300,12105336500,15698157300,3592820800,19312358100,372850624.4,85656684.4,-1.3,2411.1,1613.3,0.3,3400,-7100,-374760000,52.7,"2022-12-21T14:15:00.000Z",1671632100000,52.9,52.6,52.9,24.5,75.5,0,0.4,4.4,,3.1,10500,13900,500900,,733340000,179290000,554050000,
9351.1,302700,12411527300,16030678100,3619150800,19671208900,372850624.4,85656684.4,1.1,2411.1,1613.3,19.8,9900,9400,306190800,53,"2022-12-21T14:20:00.000Z",1671632400000,53,52.6,52.7,95.2,4.8,0,1.1,0.2,,0.1,500,10400,511300,,358850800,332520800,26330000,
9351.1,312300,12923727300,16778278100,3854550800,20654208900,372850624.4,85656684.4,1.8,2411.1,1613.3,3.2,14000,9600,512200000,53.6,"2022-12-21T14:25:00.000Z",1671632700000,53.6,53.3,53.3,76.1,23.9,0,1.5,1.8,,0.3,4400,18400,529700,,983000000,747600000,235400000,
9351.1,312300,12923727300,16778278100,3854550800,20658107700,372850624.4,85656684.4,0,2411.1,1613.3,NaN,,0,0,54,"2022-12-21T14:45:00.000Z",1671633900000,54,54,54,0,0,100,,,44.8,NaN,,72200,601900,72200,3898800,,,3898800
