"abu","acum_busd","acum_busd_val","acum_val","asd","auk","bs","bu","bu-sd","bu-sd_val","c","date","datetime","h","l","o","pbu","psd","puk","rbu","rsd","ruk","sb","sd","sum_vol","total_vol","uk","val","val_bu","val_sd","val_uk"
14415.6,9600,35049000,57968000,17462.2,106.7,10.6,10600,9600,35049000,3.65,"2022-12-21T09:15:00.000Z",1671614100000,3.75,3.63,3.63,66.7,6.3,27,0.7,0.1,40.3,0.1,1000,15900,15900,4300,57968000,38704000,3655000,15609000
14415.6,2100,7875000,115066000,17462.2,106.7,0.4,4100,-7500,-27174000,3.64,"2022-12-21T09:20:00.000Z",1671614400000,3.65,3.63,3.65,26.1,73.9,0,0.3,0.7,,2.8,11600,15700,31600,,57098000,14962000,42136000,
14415.6,-21600,-77784000,215225000,17462.2,106.7,0.1,2000,-23700,-85659000,3.63,"2022-12-21T09:25:00.000Z",1671614700000,3.63,3.61,3.63,7.2,92.8,0,0.1,1.5,,12.9,25700,27700,59300,,100159000,7250000,92909000,
14415.6,-19000,-68231000,308038000,17462.2,106.7,1.2,14100,2600,9553000,3.63,"2022-12-21T09:30:00.000Z",1671615000000,3.63,3.62,3.63,55.1,44.9,0,1,0.7,,0.8,11500,25600,84900,,92813000,51183000,41630000,
14415.6,-62400,-224721000,472151000,17462.2,106.7,0,1000,-43400,-156490000,3.59,"2022-12-21T09:35:00.000Z",1671615300000,3.63,3.59,3.63,2.2,97.6,0.2,0.1,2.5,0.9,44.4,44400,45500,130400,100,164113000,3630000,160120000,363000
14415.6,-65600,-236155000,484303000,17462.2,106.7,0,100,-3200,-11434000,3.56,"2022-12-21T09:40:00.000Z",1671615600000,3.59,3.56,3.59,2.9,97.1,0,0,0.2,,33,3300,3400,133800,,12152000,359000,11793000,
14415.6,-89500,-321423000,628227000,17462.2,106.7,0.3,8200,-23900,-85268000,3.57,"2022-12-21T09:45:00.000Z",1671615900000,3.58,3.56,3.58,20.3,79.7,0,0.6,1.8,,3.9,32100,40300,174100,,143924000,29328000,114596000,
14415.6,-105400,-377312000,700538000,17462.2,106.7,0.1,2300,-15900,-55889000,3.57,"2022-12-21T09:50:00.000Z",1671616200000,3.57,3.5,3.57,11.2,88.8,0,0.2,1,,7.9,18200,20500,194600,,72311000,8211000,64100000,
14415.6,-107100,-383070000,729882000,17462.2,106.7,0.7,3300,-1700,-5758000,3.58,"2022-12-21T09:55:00.000Z",1671616500000,3.58,3.51,3.57,39.8,60.2,0,0.2,0.3,,1.5,5000,8300,202900,,29344000,11793000,17551000,
14415.6,-104600,-374117000,738835000,17462.2,106.7,Infinity,2500,2500,8953000,3.59,"2022-12-21T10:00:00.000Z",1671616800000,3.59,3.58,3.58,100,0,0,0.2,,,0,,2500,205400,,8953000,8953000,,
14415.6,-105600,-377687000,752401000,17462.2,106.7,0.6,1400,-1000,-3570000,3.57,"2022-12-21T10:05:00.000Z",1671617100000,3.57,3.57,3.57,36.8,63.2,0,0.1,0.1,,1.7,2400,3800,209200,,13566000,4998000,8568000,
14415.6,-104800,-374832000,755968000,17462.2,106.7,9,900,800,2855000,3.56,"2022-12-21T10:10:00.000Z",1671617400000,3.57,3.56,3.57,90,10,0,0.1,0,,0.1,100,1000,210200,,3567000,3211000,356000,
14415.6,-108600,-388362000,772346000,17462.2,106.7,0.1,400,-3800,-13530000,3.56,"2022-12-21T10:15:00.000Z",1671617700000,3.57,3.55,3.57,8.7,91.3,0,0,0.2,,10.5,4200,4600,214800,,16378000,1424000,14954000,
14415.6,-108800,-389075000,788673000,17462.2,106.7,0.9,2200,-200,-713000,3.55,"2022-12-21T10:20:00.000Z",1671618000000,3.55,3.54,3.55,47.8,52.2,0,0.2,0.1,,1.1,2400,4600,219400,,16327000,7807000,8520000,
14415.6,-110800,-396135000,795733000,17462.2,106.7,0,,-2000,-7060000,3.53,"2022-12-21T10:30:00.000Z",1671618600000,3.53,3.53,3.53,0,100,0,,0.1,,Infinity,2000,2000,221400,,7060000,,7060000,
14415.6,-117100,-418186000,844054000,17462.2,106.7,0.4,3700,-6300,-22051000,3.55,"2022-12-21T10:35:00.000Z",1671618900000,3.55,3.51,3.53,27,73,0,0.3,0.6,,2.7,10000,13700,235100,,48321000,13135000,35186000,
14415.6,-113900,-406761000,856191000,17462.2,106.7,33,3300,3200,11425000,3.57,"2022-12-21T10:40:00.000Z",1671619200000,3.57,3.56,3.57,97.1,2.9,0,0.2,0,,0,100,3400,238500,,12137000,11781000,356000,
14415.6,-104100,-371705000,891247000,17462.2,106.7,Infinity,9800,9800,35056000,3.59,"2022-12-21T10:45:00.000Z",1671619500000,3.59,3.57,3.57,100,0,0,0.7,,,0,,9800,248300,,35056000,35056000,,
14415.6,-106600,-380680000,907402000,17462.2,106.7,0.3,1000,-2500,-8975000,3.59,"2022-12-21T10:50:00.000Z",1671619800000,3.59,3.59,3.59,22.2,77.8,0,0.1,0.2,,3.5,3500,4500,252800,,16155000,3590000,12565000,
14415.6,-108200,-386408000,915284000,17462.2,106.7,0.2,300,-1600,-5728000,3.59,"2022-12-21T10:55:00.000Z",1671620100000,3.59,3.58,3.58,13.6,86.4,0,0,0.1,,6.3,1900,2200,255000,,7882000,1077000,6805000,
14415.6,-112700,-402518000,931394000,17462.2,106.7,0,,-4500,-16110000,3.58,"2022-12-21T11:00:00.000Z",1671620400000,3.58,3.58,3.58,0,100,0,,0.3,,Infinity,4500,4500,259500,,16110000,,16110000,
14415.6,-117000,-417725000,962353000,17462.2,106.7,0.3,2200,-4300,-15207000,3.58,"2022-12-21T11:05:00.000Z",1671620700000,3.58,3.55,3.57,25.3,74.7,0,0.2,0.4,,3,6500,8700,268200,,30959000,7876000,23083000,
14415.6,-112000,-399845000,980233000,17462.2,106.7,Infinity,5000,5000,17880000,3.58,"2022-12-21T11:10:00.000Z",1671621000000,3.58,3.57,3.57,100,0,0,0.3,,,0,,5000,273200,,17880000,17880000,,
14415.6,-117200,-418305000,1000823000,17462.2,106.7,0.1,300,-5200,-18460000,3.55,"2022-12-21T11:15:00.000Z",1671621300000,3.55,3.55,3.55,5.2,94.8,0,0,0.3,,18.3,5500,5800,279000,,20590000,1065000,19525000,
14415.6,-126800,-452186000,1041094000,17462.2,106.7,0.1,900,-9600,-33881000,3.53,"2022-12-21T11:20:00.000Z",1671621600000,3.55,3.53,3.55,7.9,92.1,0,0.1,0.6,,11.7,10500,11400,290400,,40271000,3195000,37076000,
14415.6,-156100,-554639000,1213089000,17462.2,106.7,0.3,9800,-29300,-102453000,3.51,"2022-12-21T11:25:00.000Z",1671621900000,3.55,3.5,3.54,20,80,0,0.7,2.2,,4,39100,48900,339300,,171995000,34771000,137224000,
14415.6,-296400,-1045210000,1816360000,17462.2,106.7,0.1,16100,-140300,-490571000,3.46,"2022-12-21T13:00:00.000Z",1671627600000,3.52,3.45,3.52,9.3,90.6,0.1,1.1,9,0.9,9.7,156400,172600,511900,100,603271000,56174000,546745000,352000
14415.6,-282700,-997661000,1902753000,17462.2,106.7,3.4,19300,13700,47549000,3.47,"2022-12-21T13:05:00.000Z",1671627900000,3.47,3.46,3.46,77.5,22.5,0,1.3,0.3,,0.3,5600,24900,536800,,86393000,66971000,19422000,
14415.6,-286800,-1011980000,1971576000,17462.2,106.7,0.7,7900,-4100,-14319000,3.46,"2022-12-21T13:10:00.000Z",1671628200000,3.47,3.44,3.47,39.7,60.3,0,0.5,0.7,,1.5,12000,19900,556700,,68823000,27252000,41571000,
14415.6,-277700,-981168000,2398822000,17462.2,106.7,1.2,67200,9100,30812000,3.4,"2022-12-21T13:15:00.000Z",1671628500000,3.46,3.4,3.46,53.6,46.4,0,4.7,3.3,,0.9,58100,125300,682000,,427246000,229029000,198217000,
14415.6,-303900,-1070378000,2651078000,17462.2,106.7,0.5,23900,-26200,-89210000,3.41,"2022-12-21T13:20:00.000Z",1671628800000,3.46,3.4,3.4,32.3,67.7,0,1.7,2.9,,2.1,50100,74000,756000,,252256000,81523000,170733000,
14415.6,-302500,-1065554000,2660720000,17462.2,106.7,3,2100,1400,4824000,3.44,"2022-12-21T13:25:00.000Z",1671629100000,3.45,3.43,3.44,75,25,0,0.1,0,,0.3,700,2800,758800,,9642000,7233000,2409000,
14415.6,-298300,-1051007000,2694587000,17462.2,106.7,2.5,7000,4200,14547000,3.45,"2022-12-21T13:30:00.000Z",1671629400000,3.46,3.45,3.45,71.4,28.6,0,0.5,0.2,,0.4,2800,9800,768600,,33867000,24207000,9660000,
14415.6,-400200,-1398186000,3471438000,17462.2,106.7,0.4,63100,-101900,-347179000,3.4,"2022-12-21T13:35:00.000Z",1671629700000,3.45,3.4,3.45,27.7,72.3,0,4.4,9.4,,2.6,165000,228100,996700,,776851000,214836000,562015000,
14415.6,-412900,-1441330000,3652354000,17462.2,106.7,0.6,20200,-12700,-43144000,3.4,"2022-12-21T13:40:00.000Z",1671630000000,3.43,3.4,3.43,38,61.8,0.2,1.4,1.9,0.9,1.6,32900,53200,1049900,100,180916000,68716000,111860000,340000
14415.6,-406300,-1418890000,3757074000,17462.2,106.7,1.5,18700,6600,22440000,3.4,"2022-12-21T13:45:00.000Z",1671630300000,3.4,3.4,3.4,60.7,39.3,0,1.3,0.7,,0.6,12100,30800,1080700,,104720000,63580000,41140000,
14415.6,-388100,-1357069000,3998533000,17462.2,106.7,1.7,44500,18200,61821000,3.4,"2022-12-21T13:50:00.000Z",1671630600000,3.41,3.4,3.41,62.7,37,0.3,3.1,1.5,1.9,0.6,26300,71000,1151700,200,241459000,151300000,89479000,680000
14415.6,-393700,-1376109000,4032533000,17462.2,106.7,0.3,2200,-5600,-19040000,3.4,"2022-12-21T13:55:00.000Z",1671630900000,3.4,3.4,3.4,22,78,0,0.2,0.4,,3.5,7800,10000,1161700,,34000000,7480000,26520000,
14415.6,-383500,-1341429000,4067213000,17462.2,106.7,Infinity,10200,10200,34680000,3.4,"2022-12-21T14:00:00.000Z",1671631200000,3.4,3.4,3.4,100,0,0,0.7,,,0,,10200,1171900,,34680000,34680000,,
14415.6,-374900,-1312189000,4096453000,17462.2,106.7,Infinity,8600,8600,29240000,3.4,"2022-12-21T14:05:00.000Z",1671631500000,3.4,3.4,3.4,100,0,0,0.6,,,0,,8600,1180500,,29240000,29240000,,
14415.6,-364700,-1277509000,4131133000,17462.2,106.7,Infinity,10200,10200,34680000,3.4,"2022-12-21T14:10:00.000Z",1671631800000,3.4,3.4,3.4,100,0,0,0.7,,,0,,10200,1190700,,34680000,34680000,,
14415.6,-362300,-1269349000,4139293000,17462.2,106.7,Infinity,2400,2400,8160000,3.4,"2022-12-21T14:15:00.000Z",1671632100000,3.4,3.4,3.4,100,0,0,0.2,,,0,,2400,1193100,,8160000,8160000,,
14415.6,-289200,-1020809000,4387833000,17462.2,106.7,Infinity,73100,73100,248540000,3.4,"2022-12-21T14:20:00.000Z",1671632400000,3.4,3.4,3.4,100,0,0,5.1,,,0,,73100,1266200,,248540000,248540000,,
14415.6,-161300,-585949000,4894093000,17462.2,106.7,13.2,138400,127900,434860000,3.4,"2022-12-21T14:25:00.000Z",1671632700000,3.4,3.4,3.4,92.9,7.1,0,9.6,0.6,,0.1,10500,148900,1415100,,506260000,470560000,35700000,
14415.6,-137100,-503669000,4976373000,17462.2,106.7,Infinity,24200,24200,82280000,3.4,"2022-12-21T14:45:00.000Z",1671633900000,3.4,3.4,3.4,100,0,0,1.7,,,0,,24200,1439300,,82280000,82280000,,