"abu","acum_busd","acum_busd_val","acum_val","asd","auk","bs","bu","bu-sd","bu-sd_val","c","date","datetime","h","l","o","pbu","psd","puk","rbu","rsd","ruk","sb","sd","sum_vol","total_vol","uk","val","val_bu","val_sd","val_uk"
600,2900,29000000,31000000,1459,956.4,30,3000,2900,29000000,10,"2022-12-23T09:14:00.000Z",1671786840000,10,10,10,96.8,3.2,0,5,0.1,,0,100,3100,3100,,31000000,30000000,1000000,
600,2900,29000000,61000000,1459,956.4,NaN,,0,0,10,"2022-12-23T09:16:00.000Z",1671786960000,10,10,10,0,0,100,,,3.1,NaN,,3000,6100,3000,30000000,,,30000000
600,3900,39000000,71000000,1459,956.4,Infinity,1000,1000,10000000,10,"2022-12-23T09:20:00.000Z",1671787200000,10,10,10,100,0,0,1.7,,,0,,1000,7100,,10000000,10000000,,
600,2900,28992000,84968000,1459,956.4,0.2,200,-1000,-10008000,9.9,"2022-12-23T09:22:00.000Z",1671787320000,9.99,9.9,9.99,14.3,85.7,0,0.3,0.8,,6,1200,1400,8500,,13968000,1980000,11988000,
600,2600,26022000,87938000,1459,956.4,0,,-300,-2970000,9.9,"2022-12-23T09:26:00.000Z",1671787560000,9.9,9.9,9.9,0,100,0,,0.2,,Infinity,300,300,8800,,2970000,,2970000,
600,2700,27021000,88937000,1459,956.4,Infinity,100,100,999000,9.99,"2022-12-23T09:28:00.000Z",1671787680000,9.99,9.99,9.99,100,0,0,0.2,,,0,,100,8900,,999000,999000,,
600,3400,34021000,95937000,1459,956.4,Infinity,700,700,7000000,10,"2022-12-23T09:36:00.000Z",1671788160000,10,10,10,100,0,0,1.2,,,0,,700,9600,,7000000,7000000,,
600,-6600,-65979000,195937000,1459,956.4,0,,-10000,-100000000,10,"2022-12-23T09:40:00.000Z",1671788400000,10,10,10,0,100,0,,6.9,,Infinity,10000,10000,19600,,100000000,,100000000,
600,-13900,-138979000,268937000,1459,956.4,0,,-7300,-73000000,10,"2022-12-23T09:52:00.000Z",1671789120000,10,10,10,0,100,0,,5,,Infinity,7300,7300,26900,,73000000,,73000000,
600,-15900,-158819000,288777000,1459,956.4,0,,-2000,-19840000,9.92,"2022-12-23T09:56:00.000Z",1671789360000,9.92,9.92,9.92,0,100,0,,1.4,,Infinity,2000,2000,28900,,19840000,,19840000,
600,-15700,-156835000,290761000,1459,956.4,Infinity,200,200,1984000,9.92,"2022-12-23T09:58:00.000Z",1671789480000,9.92,9.92,9.92,100,0,0,0.3,,,0,,200,29100,,1984000,1984000,,
600,-15900,-158817000,316527000,1459,956.4,0.5,200,-200,-1982000,9.91,"2022-12-23T10:00:00.000Z",1671789600000,9.91,9.91,9.91,7.7,15.4,76.9,0.3,0.3,2.1,2,400,2600,31700,2000,25766000,1982000,3964000,19820000
600,-19300,-192477000,350187000,1459,956.4,0,,-3400,-33660000,9.9,"2022-12-23T10:02:00.000Z",1671789720000,9.9,9.9,9.9,0,100,0,,2.3,,Infinity,3400,3400,35100,,33660000,,33660000,
600,-18900,-188481000,354183000,1459,956.4,Infinity,400,400,3996000,9.99,"2022-12-23T10:06:00.000Z",1671789960000,9.99,9.99,9.99,100,0,0,0.7,,,0,,400,35500,,3996000,3996000,,
600,-16800,-167502000,375162000,1459,956.4,Infinity,2100,2100,20979000,9.99,"2022-12-23T10:10:00.000Z",1671790200000,9.99,9.99,9.99,100,0,0,3.5,,,0,,2100,37600,,20979000,20979000,,
600,-15600,-155514000,387150000,1459,956.4,Infinity,1200,1200,11988000,9.99,"2022-12-23T10:20:00.000Z",1671790800000,9.99,9.99,9.99,100,0,0,2,,,0,,1200,38800,,11988000,11988000,,
600,-15900,-158490000,392110000,1459,956.4,0.3,100,-300,-2976000,9.92,"2022-12-23T10:28:00.000Z",1671791280000,9.92,9.92,9.92,20,80,0,0.2,0.3,,4,400,500,39300,,4960000,992000,3968000,
600,-14900,-148570000,402030000,1459,956.4,Infinity,1000,1000,9920000,9.92,"2022-12-23T10:34:00.000Z",1671791640000,9.92,9.92,9.92,100,0,0,1.7,,,0,,1000,40300,,9920000,9920000,,
600,-14200,-141626000,408974000,1459,956.4,Infinity,700,700,6944000,9.92,"2022-12-23T10:36:00.000Z",1671791760000,9.92,9.92,9.92,100,0,0,1.2,,,0,,700,41000,,6944000,6944000,,
600,-14500,-144605000,413939000,1459,956.4,0.3,100,-300,-2979000,9.93,"2022-12-23T10:54:00.000Z",1671792840000,9.93,9.93,9.93,20,80,0,0.2,0.3,,4,400,500,41500,,4965000,993000,3972000,
600,-14400,-143606000,414938000,1459,956.4,Infinity,100,100,999000,9.99,"2022-12-23T13:14:00.000Z",1671801240000,9.99,9.99,9.99,100,0,0,0.2,,,0,,100,41600,,999000,999000,,
600,-14600,-145604000,416936000,1459,956.4,0,,-200,-1998000,9.99,"2022-12-23T13:22:00.000Z",1671801720000,9.99,9.99,9.99,0,100,0,,0.1,,Infinity,200,200,41800,,1998000,,1998000,
600,-14800,-147602000,418934000,1459,956.4,0,,-200,-1998000,9.99,"2022-12-23T13:26:00.000Z",1671801960000,9.99,9.99,9.99,0,100,0,,0.1,,Infinity,200,200,42000,,1998000,,1998000,
600,-12800,-127602000,438934000,1459,956.4,Infinity,2000,2000,20000000,10,"2022-12-23T13:34:00.000Z",1671802440000,10,10,10,100,0,0,3.3,,,0,,2000,44000,,20000000,20000000,,
600,-12100,-120602000,445934000,1459,956.4,Infinity,700,700,7000000,10,"2022-12-23T13:36:00.000Z",1671802560000,10,10,10,100,0,0,1.2,,,0,,700,44700,,7000000,7000000,,
600,-12200,-121602000,446934000,1459,956.4,0,,-100,-1000000,10,"2022-12-23T13:40:00.000Z",1671802800000,10,10,10,0,100,0,,0.1,,Infinity,100,100,44800,,1000000,,1000000,
600,-14000,-139782000,493394000,1459,956.4,0.4,1400,-1800,-18180000,10.1,"2022-12-23T13:42:00.000Z",1671802920000,10.1,10.1,10.1,30.4,69.6,0,2.3,2.2,,2.3,3200,4600,49400,,46460000,14140000,32320000,
600,-13600,-135742000,497434000,1459,956.4,Infinity,400,400,4040000,10.1,"2022-12-23T13:44:00.000Z",1671803040000,10.1,10.1,10.1,100,0,0,0.7,,,0,,400,49800,,4040000,4040000,,
600,-16200,-162002000,533694000,1459,956.4,0,,-2600,-26260000,10.1,"2022-12-23T13:48:00.000Z",1671803280000,10.1,10,10,0,72.2,27.8,,1.8,1,Infinity,2600,3600,53400,1000,36260000,,26260000,10000000
600,-14700,-146552000,589544000,1459,956.4,1.8,3500,1500,15450000,10.1,"2022-12-23T13:50:00.000Z",1671803400000,10.2,10.1,10.15,63.6,36.4,0,5.8,1.4,,0.6,2000,5500,58900,,55850000,35650000,20200000,
600,-15100,-150592000,593584000,1459,956.4,0,,-400,-4040000,10.1,"2022-12-23T13:52:00.000Z",1671803520000,10.1,10.1,10.1,0,100,0,,0.3,,Infinity,400,400,59300,,4040000,,4040000,
600,-22600,-224961000,687753000,1459,956.4,0.1,1000,-7500,-74369000,9.9,"2022-12-23T13:54:00.000Z",1671803640000,9.99,9.9,9.99,10.5,89.5,0,1.7,5.8,,8.5,8500,9500,68800,,94169000,9900000,84269000,
600,-20100,-200211000,712503000,1459,956.4,Infinity,2500,2500,24750000,9.9,"2022-12-23T13:56:00.000Z",1671803760000,9.9,9.9,9.9,100,0,0,4.2,,,0,,2500,71300,,24750000,24750000,,
600,-20000,-199201000,713513000,1459,956.4,Infinity,100,100,1010000,10.1,"2022-12-23T14:00:00.000Z",1671804000000,10.1,10.1,10.1,100,0,0,0.2,,,0,,100,71400,,1010000,1010000,,
600,-27000,-268556000,782868000,1459,956.4,0,,-7000,-69355000,9.9,"2022-12-23T14:02:00.000Z",1671804120000,9.95,9.9,9.95,0,100,0,,4.8,,Infinity,7000,7000,78400,,69355000,,69355000,
600,-30100,-299226000,815558000,1459,956.4,0,100,-3100,-30670000,10.1,"2022-12-23T14:06:00.000Z",1671804360000,10.1,9.9,9.9,3,97,0,0.2,2.2,,32,3200,3300,81700,,32690000,1010000,31680000,
600,-33700,-334870000,865076000,1459,956.4,0,,-3600,-35644000,9.9,"2022-12-23T14:08:00.000Z",1671804480000,9.91,9.9,9.91,0,72,28,,2.5,1.5,Infinity,3600,5000,86700,1400,49518000,,35644000,13874000
600,-33500,-332886000,874996000,1459,956.4,1.5,600,200,1984000,9.92,"2022-12-23T14:22:00.000Z",1671805320000,9.92,9.92,9.92,60,40,0,1,0.3,,0.7,400,1000,87700,,9920000,5952000,3968000,
600,-33500,-332886000,1179976000,1459,956.4,NaN,,0,0,10.2,"2022-12-23T14:44:00.000Z",1671806640000,10.2,10.2,10.2,0,0,100,,,31.3,NaN,,29900,117600,29900,304980000,,,304980000
