"abu","acum_busd","acum_busd_val","acum_val_bu","acum_val_sd","acum_val","avg_val_bu","avg_val_sd","rbusd","asd","auk","bs","bu","bu-sd","bu-sd_val","c","date","datetime","h","l","o","pbu","psd","puk","rbu","rsd","ruk","sb","sd","sum_vol","total_vol","uk","val","val_bu","val_sd","val_uk"
58613,-29200,-509690000,281395000,791085000,1072480000,826248556.5,765786687,-8.4,44706.5,9780.4,0.4,15900,-29200,-509690000,17.5,"2022-12-23T09:15:00.000Z",1671786900000,17.7,17.5,17.7,26.1,73.9,0,0.3,1,,2.8,45100,61000,61000,,1072480000,281395000,791085000,
58613,-43600,-761400000,405895000,1167295000,1573190000,826248556.5,765786687,-4.2,44706.5,9780.4,0.3,7100,-14400,-251710000,17.5,"2022-12-23T09:20:00.000Z",1671787200000,17.6,17.45,17.5,24.8,75.2,0,0.1,0.5,,3,21500,28600,89600,,500710000,124500000,376210000,
58613,-48900,-853660000,578875000,1432535000,2011410000,826248556.5,765786687,-1.5,44706.5,9780.4,0.7,9900,-5300,-92260000,17.45,"2022-12-23T09:25:00.000Z",1671787500000,17.5,17.45,17.45,39.4,60.6,0,0.2,0.3,,1.5,15200,25100,114700,,438220000,172980000,265240000,
58613,-60600,-1057395000,718705000,1776100000,2494805000,826248556.5,765786687,-3.4,44706.5,9780.4,0.4,8000,-11700,-203735000,17.5,"2022-12-23T09:30:00.000Z",1671787800000,17.5,17.4,17.45,28.9,71.1,0,0.1,0.4,,2.5,19700,27700,142400,,483395000,139830000,343565000,
58613,-18100,-311905000,1488635000,1800540000,3289175000,826248556.5,765786687,12.3,44706.5,9780.4,31.4,43900,42500,745490000,17.6,"2022-12-23T09:35:00.000Z",1671788100000,17.6,17.45,17.5,96.9,3.1,0,0.7,0,,0,1400,45300,187700,,794370000,769930000,24440000,
58613,-6400,-106014999.99999988,2312620000,2418635000,4731255000,826248556.5,765786687,3.4,44706.5,9780.4,1.3,46800,11700,205890000.00000012,17.6,"2022-12-23T09:40:00.000Z",1671788400000,17.65,17.6,17.6,57.1,42.9,0,0.8,0.8,,0.8,35100,81900,269600,,1442080000,823985000.0000001,618095000,
58613,-4200,-67164999.99999988,2486860000,2554025000,5040885000,826248556.5,765786687,0.6,44706.5,9780.4,1.3,9900,2200,38850000,17.6,"2022-12-23T09:45:00.000Z",1671788700000,17.6,17.55,17.6,56.3,43.8,0,0.2,0.2,,0.8,7700,17600,287200,,309630000,174240000,135390000,
58613,-15800,-270964999.9999999,2729270000,3000235000,5729505000,826248556.5,765786687,-3.4,44706.5,9780.4,0.5,13800,-11600,-203800000,17.55,"2022-12-23T09:50:00.000Z",1671789000000,17.6,17.55,17.55,35.2,64.8,0,0.2,0.6,,1.8,25400,39200,326400,,688620000,242410000,446210000,
58613,-57500,-1002744999.9999999,2836430000,3839175000,6675605000,826248556.5,765786687,-12.1,44706.5,9780.4,0.1,6100,-41700,-731780000,17.6,"2022-12-23T09:55:00.000Z",1671789300000,17.6,17.55,17.6,11.3,88.7,0,0.1,1.1,,7.8,47800,53900,380300,,946100000,107160000,838940000,
58613,-47600,-828329999.9999999,3342465000,4170795000,7513260000,826248556.5,765786687,2.9,44706.5,9780.4,1.5,28800,9900,174415000,17.6,"2022-12-23T10:00:00.000Z",1671789600000,17.6,17.5,17.55,60.4,39.6,0,0.5,0.4,,0.7,18900,47700,428000,,837655000,506035000,331620000,
58613,-47400,-824749999.9999999,3542605000,4367355000,7909960000,826248556.5,765786687,0.1,44706.5,9780.4,1,11400,200,3580000,17.55,"2022-12-23T10:05:00.000Z",1671789900000,17.6,17.55,17.55,50.4,49.6,0,0.2,0.3,,1,11200,22600,450600,,396700000,200140000,196560000,
58613,-66500,-1159860000,3576045000,4735905000,8380395000,826248556.5,765786687,-5.5,44706.5,9780.4,0.1,1900,-19100,-335110000,17.6,"2022-12-23T10:10:00.000Z",1671790200000,17.6,17.55,17.55,7.1,78.4,14.6,0,0.5,0.4,11.1,21000,26800,477400,3900,470435000,33440000,368550000,68445000
58613,-199700,-3490255000,3873925000,7364180000,11306550000,826248556.5,765786687,-38.5,44706.5,9780.4,0.1,17000,-133200,-2330395000,17.55,"2022-12-23T10:15:00.000Z",1671790500000,17.55,17.45,17.55,10.2,89.8,0,0.3,3.4,,8.8,150200,167200,644600,,2926155000,297880000,2628275000,
58613,-218000,-3810995000,4093300000,7904295000,12066040000,826248556.5,765786687,-5.3,44706.5,9780.4,0.4,12500,-18300,-320740000,17.55,"2022-12-23T10:20:00.000Z",1671790800000,17.55,17.5,17.55,28.9,71.1,0,0.2,0.7,,2.5,30800,43300,687900,,759490000,219375000,540115000,
58613,-246000,-4300725000,4216070000,8516795000,12801310000,826248556.5,765786687,-8.1,44706.5,9780.4,0.2,7000,-28000,-489730000,17.5,"2022-12-23T10:25:00.000Z",1671791100000,17.55,17.5,17.5,16.7,83.3,0,0.1,0.8,,5,35000,42000,729900,,735270000,122770000,612500000,
58613,-255600,-4468725000,4216070000,8684795000,12969310000,826248556.5,765786687,-2.8,44706.5,9780.4,0,,-9600,-168000000,17.5,"2022-12-23T10:30:00.000Z",1671791400000,17.5,17.5,17.5,0,100,0,,0.2,,Infinity,9600,9600,739500,,168000000,,168000000,
58613,-277600,-4853725000,4235320000,9089045000,13392810000,826248556.5,765786687,-6.4,44706.5,9780.4,0,1100,-22000,-385000000,17.5,"2022-12-23T10:35:00.000Z",1671791700000,17.5,17.5,17.5,4.5,95.5,0,0,0.5,,21,23100,24200,763700,,423500000,19250000,404250000,
58613,-288200,-5039225000,4237070000,9276295000,13581810000,826248556.5,765786687,-3.1,44706.5,9780.4,0,100,-10600,-185500000,17.5,"2022-12-23T10:40:00.000Z",1671792000000,17.5,17.5,17.5,0.9,99.1,0,0,0.2,,107,10700,10800,774500,,189000000,1750000,187250000,
58613,-306000,-5349680000,4291320000,9641000000,14000765000,826248556.5,765786687,-5.1,44706.5,9780.4,0.1,3100,-17800,-310455000,17.5,"2022-12-23T10:45:00.000Z",1671792300000,17.5,17.45,17.5,12.9,87.1,0,0.1,0.5,,6.7,20900,24000,798500,,418955000,54250000,364705000,
58613,-379400,-6630305000,4328005000,10958310000,15354760000,826248556.5,765786687,-21.2,44706.5,9780.4,0,2100,-73400,-1280625000,17.45,"2022-12-23T10:50:00.000Z",1671792600000,17.5,17.4,17.5,2.7,97.3,0,0,1.7,,36,75500,77600,876100,,1353995000,36685000,1317310000,
58613,-411700,-7192110000,4752580000,11944690000,16765715000,826248556.5,765786687,-9.3,44706.5,9780.4,0.4,24400,-32300,-561805000,17.4,"2022-12-23T10:55:00.000Z",1671792900000,17.45,17.35,17.4,30.1,69.9,0,0.4,1.3,,2.3,56700,81100,957200,,1410955000,424575000,986380000,
58613,-397400,-6942865000,5173660000,12116525000,17358630000,826248556.5,765786687,4.1,44706.5,9780.4,2.4,24200,14300,249245000,17.4,"2022-12-23T11:00:00.000Z",1671793200000,17.4,17.35,17.4,71,29,0,0.4,0.2,,0.4,9900,34100,991300,,592915000,421080000,171835000,
58613,-387900,-6776535000,5715100000,12491635000,18275180000,826248556.5,765786687,2.8,44706.5,9780.4,1.4,31100,9500,166330000,17.45,"2022-12-23T11:05:00.000Z",1671793500000,17.45,17.35,17.35,59,41,0,0.5,0.5,,0.7,21600,52700,1044000,,916550000,541440000,375110000,
58613,-412300,-7201185000,5958790000,13159975000,19187210000,826248556.5,765786687,-7,44706.5,9780.4,0.4,14000,-24400,-424650000,17.4,"2022-12-23T11:10:00.000Z",1671793800000,17.45,17.4,17.45,26.7,73.3,0,0.2,0.9,,2.7,38400,52400,1096400,,912030000,243690000,668340000,
58613,-412100,-7197415000,6052780000,13250195000,19371420000,826248556.5,765786687,0.1,44706.5,9780.4,1,5400,200,3770000,17.45,"2022-12-23T11:15:00.000Z",1671794100000,17.45,17.35,17.35,50.9,49.1,0,0.1,0.1,,1,5200,10600,1107000,,184210000,93990000,90220000,
58613,-386800,-6754430000,6654560000,13408990000,20131995000,826248556.5,765786687,7.3,44706.5,9780.4,3.8,34400,25300,442985000,17.45,"2022-12-23T11:20:00.000Z",1671794400000,17.5,17.45,17.45,79.1,20.9,0,0.6,0.2,,0.3,9100,43500,1150500,,760575000,601780000,158795000,
58613,-400500,-6993285000,6654560000,13647845000,20370850000,826248556.5,765786687,-4,44706.5,9780.4,0,,-13700,-238855000,17.4,"2022-12-23T11:25:00.000Z",1671794700000,17.45,17.4,17.45,0,100,0,,0.3,,Infinity,13700,13700,1164200,,238855000,,238855000,
58613,-436900,-7623070000,6988115000,14611185000,21667745000,826248556.5,765786687,-10.4,44706.5,9780.4,0.3,19200,-36400,-629785000,17.4,"2022-12-23T13:00:00.000Z",1671800400000,17.4,17.3,17.4,25.7,74.3,0,0.3,1.2,,2.9,55600,74800,1239000,,1296895000,333555000,963340000,
58613,-434500,-7581160000,7270625000,14851785000,22190855000,826248556.5,765786687,0.7,44706.5,9780.4,1.2,16200,2400,41910000,17.4,"2022-12-23T13:05:00.000Z",1671800700000,17.5,17.35,17.4,54,46,0,0.3,0.3,,0.9,13800,30000,1269000,,523110000,282510000,240600000,
58613,-288800,-5033745000,9962725000,14996470000,25041600000,826248556.5,765786687,42.1,44706.5,9780.4,18.6,154000,145700,2547415000,17.45,"2022-12-23T13:10:00.000Z",1671801000000,17.5,17.4,17.45,94.4,5.1,0.5,2.6,0.2,0.1,0.1,8300,163100,1432100,800,2850745000,2692100000,144685000,13960000
58613,-335400,-5844335000,10049975000,15894310000,26026690000,826248556.5,765786687,-13.4,44706.5,9780.4,0.1,5000,-46600,-810590000,17.4,"2022-12-23T13:15:00.000Z",1671801300000,17.45,17.4,17.4,8.8,91.2,0,0.1,1.2,,10.3,51600,56600,1488700,,985090000,87250000,897840000,
58613,-381400,-6643985000,10399715000,17043700000,27525820000,826248556.5,765786687,-13.2,44706.5,9780.4,0.3,20100,-46000,-799650000,17.4,"2022-12-23T13:20:00.000Z",1671801600000,17.4,17.35,17.4,23.3,76.7,0,0.3,1.5,,3.3,66100,86200,1574900,,1499130000,349740000,1149390000,
58613,-331700,-5772100000,11708990000,17481090000,29272485000,826248556.5,765786687,14.4,44706.5,9780.4,3,74700,49700,871885000,17.5,"2022-12-23T13:25:00.000Z",1671801900000,17.55,17.4,17.45,74.9,25.1,0,1.3,0.6,,0.3,25000,99700,1674600,,1746665000,1309275000,437390000,
58613,-324700,-5649020000,12332520000,17981540000,30396465000,826248556.5,765786687,2,44706.5,9780.4,1.2,35600,7000,123080000,17.5,"2022-12-23T13:30:00.000Z",1671802200000,17.55,17.45,17.5,55.5,44.5,0,0.6,0.6,,0.8,28600,64200,1738800,,1123980000,623530000,500450000,
58613,-303300,-5273130000,12725935000,17999065000,30807405000,826248556.5,765786687,6.2,44706.5,9780.4,22.4,22400,21400,375890000,17.55,"2022-12-23T13:35:00.000Z",1671802500000,17.6,17.5,17.5,95.7,4.3,0,0.4,0,,0,1000,23400,1762200,,410940000,393415000,17525000,
58613,337900,257751600,19518642600,19260891000,38870913600,826248556.5,765786687,91.5,44706.5,9780.4,9.6,716100,641200,5530881600,18.05,"2022-12-23T13:40:00.000Z",1671802800000,18.1,17.55,17.55,90.5,9.5,0.1,12.2,1.7,0.1,0.1,74900,791500,2553700,500,8063508600,6792707600,1261826000,8975000
58613,473300,3031595800,25212428400,22180832600,47518936000,826248556.5,765786687,45.9,44706.5,9780.4,1.6,356800,135400,2773844200,17.8,"2022-12-23T13:45:00.000Z",1671803100000,18.1,17.75,18.05,61.5,38.2,0.3,6.1,5,0.2,0.6,221400,580100,3133800,1900,8648022400,5693785800,2919941600,34295000
58613,650400,5968700200,28854257800,22885557600,51865490400,826248556.5,765786687,48.6,44706.5,9780.4,5.5,216600,177100,2937104400,18,"2022-12-23T13:50:00.000Z",1671803400000,18,17.8,17.8,84.6,15.4,0,3.7,0.9,,0.2,39500,256100,3389900,,4346554400,3641829400,704725000,
58613,547000,3699414600,29441452200,25742037600,55309164800,826248556.5,765786687,-37.5,44706.5,9780.4,0.4,56000,-103400,-2269285600,17.85,"2022-12-23T13:55:00.000Z",1671803700000,18,17.85,18,26,74,0,1,3.6,,2.8,159400,215400,3605300,,3443674400,587194400,2856480000,
58613,533700,3464484600,30077992200,26613507600,56817174800,826248556.5,765786687,-3.9,44706.5,9780.4,0.7,35600,-13300,-234930000,17.8,"2022-12-23T14:00:00.000Z",1671804000000,17.9,17.8,17.85,42.1,57.9,0,0.6,1.1,,1.4,48900,84500,3689800,,1508010000,636540000,871470000,
58613,658400,4702025400,32543653000,27841627600,60510955600,826248556.5,765786687,20.5,44706.5,9780.4,2.8,193300,124700,1237540800,18,"2022-12-23T14:05:00.000Z",1671804300000,18,17.8,17.85,73.8,26.2,0,3.3,1.5,,0.4,68600,261900,3951700,,3693780800,2465660800,1228120000,
58613,616000,2345496000,32631258600,30285762600,63042696200,826248556.5,765786687,-39,44706.5,9780.4,0.7,94000,-42400,-2356529400,17.85,"2022-12-23T14:10:00.000Z",1671804600000,18,17.85,18,40.8,59.2,0,1.6,3.1,,1.5,136400,230400,4182100,,2531740600,87605600,2444135000,
58613,695200,3765991000,35561408600,31795417600,67482501200,826248556.5,765786687,23.5,44706.5,9780.4,1.9,164000,79200,1420495000,17.85,"2022-12-23T14:15:00.000Z",1671804900000,17.9,17.8,17.8,65.9,34.1,0,2.8,1.9,,0.5,84800,248800,4430900,,4439805000,2930150000,1509655000,
58613,676500,3432331000,35932823600,32500492600,68558991200,826248556.5,765786687,-5.5,44706.5,9780.4,0.5,20800,-18700,-333660000,17.85,"2022-12-23T14:20:00.000Z",1671805200000,17.9,17.85,17.85,34.5,65.5,0,0.4,0.9,,1.9,39500,60300,4491200,,1076490000,371415000,705075000,
58613,639700,2781246000,38007433600,35226187600,73359296200,826248556.5,765786687,-10.8,44706.5,9780.4,0.8,115900,-36800,-651085000,17.85,"2022-12-23T14:25:00.000Z",1671805500000,17.9,17.85,17.85,43.1,56.9,0,2,3.4,,1.3,152700,268600,4759800,,4800305000,2074610000,2725695000,
58613,639700,2781246000,38007433600,35226187600,81285416200,826248556.5,765786687,0,44706.5,9780.4,NaN,,0,0,17.9,"2022-12-23T14:45:00.000Z",1671806700000,17.9,17.9,17.9,0,0,100,,,45.3,NaN,,442800,5202600,442800,7926119999.999999,,,7926119999.999999
