"abu","acum_busd","acum_busd_val","acum_val_bu","acum_val_sd","acum_val","avg_val_bu","avg_val_sd","rbusd","asd","auk","bs","bu","bu-sd","bu-sd_val","c","date","datetime","h","l","o","pbu","psd","puk","rbu","rsd","ruk","sb","sd","sum_vol","total_vol","uk","val","val_bu","val_sd","val_uk"
14843.5,-64800,-1778935000,857650000,2636585000,3507985000,409090000,586117065.2,10,21360.9,730.4,0.3,31100,-64800,-1778935000,27600,"2023-03-13T09:15:00.000Z",1678698900000,27600,27400,27500,24.4,75.2,0.4,2.1,4.5,0.7,3.1,95900,127500,127500,500,3507985000,857650000,2636585000,13750000
14843.5,-63200,-1734410000,1147400000,2881810000,4042960000,409090000,586117065.2,-0.3,21360.9,730.4,1.2,10500,1600,44525000,27600,"2023-03-13T09:20:00.000Z",1678699200000,27600,27550,27600,54.1,45.9,0,0.7,0.4,,0.8,8900,19400,146900,,534975000,289750000,245225000,
14843.5,-48200,-1320110000,1727000000,3047110000,4787860000,409090000,586117065.2,-2.3,21360.9,730.4,3.5,21000,15000,414300000,27600,"2023-03-13T09:25:00.000Z",1678699500000,27600,27550,27600,77.8,22.2,0,1.4,0.3,,0.3,6000,27000,173900,,744900000,579600000,165300000,
14843.5,-42600,-1165200000,1934375000,3099575000,5047700000,409090000,586117065.2,-0.9,21360.9,730.4,3.9,7500,5600,154910000,27650,"2023-03-13T09:30:00.000Z",1678699800000,27650,27600,27650,79.8,20.2,0,0.5,0.1,,0.3,1900,9400,183300,,259840000,207375000,52465000,
14843.5,-57900,-1586755000,2370720000,3957475000,6341945000,409090000,586117065.2,2.4,21360.9,730.4,0.5,15800,-15300,-421555000,27550,"2023-03-13T09:35:00.000Z",1678700100000,27650,27550,27650,33.7,66.3,0,1.1,1.5,,2,31100,46900,230200,,1294245000,436345000,857900000,
14843.5,-116600,-3199670000,2599385000,5799055000,8412190000,409090000,586117065.2,9.1,21360.9,730.4,0.1,8300,-58700,-1612915000,27450,"2023-03-13T09:40:00.000Z",1678700400000,27550,27450,27550,11,89,0,0.6,3.1,,8.1,67000,75300,305500,,2070245000,228665000,1841580000,
14843.5,-133600,-3665625000,2687245000,6352870000,9053865000,409090000,586117065.2,2.6,21360.9,730.4,0.2,3200,-17000,-465955000,27450,"2023-03-13T09:45:00.000Z",1678700700000,27500,27400,27450,13.7,86.3,0,0.2,0.9,,6.3,20200,23400,328900,,641675000,87860000,553815000,
14843.5,-181000,-4963930000,2892950000,7856880000,10837560000,409090000,586117065.2,7.3,21360.9,730.4,0.1,7500,-47400,-1298305000,27350,"2023-03-13T09:50:00.000Z",1678701000000,27450,27350,27450,11.5,84.3,4.1,0.5,2.6,3.7,7.3,54900,65100,394000,2700,1783695000,205705000,1504010000,73980000
14843.5,-170800,-4684435000,3199845000,7884280000,11171855000,409090000,586117065.2,-1.6,21360.9,730.4,11.2,11200,10200,279495000,27450,"2023-03-13T09:55:00.000Z",1678701300000,27450,27400,27400,91.8,8.2,0,0.8,0,,0.1,1000,12200,406200,,334295000,306895000,27400000,
14843.5,-209400,-5738875000,3451605000,9190480000,12729815000,409090000,586117065.2,6,21360.9,730.4,0.2,9200,-38600,-1054440000,27300,"2023-03-13T10:00:00.000Z",1678701600000,27400,27300,27400,16.1,83.9,0,0.6,2.2,,5.2,47800,57000,463200,,1557960000,251760000,1306200000,
14843.5,-317200,-8663440000,4544095000,13207535000,17866610000,409090000,586117065.2,16.5,21360.9,730.4,0.3,40300,-107800,-2924565000,27250,"2023-03-13T10:05:00.000Z",1678701900000,27300,27000,27300,21.3,78.2,0.5,2.7,6.9,1.4,3.7,148100,189400,652600,1000,5136795000,1092490000,4017055000,27250000
14843.5,-317400,-8668590000,4810185000,13478775000,18412100000,409090000,586117065.2,0,21360.9,730.4,1,9800,-200,-5150000,27150,"2023-03-13T10:10:00.000Z",1678702200000,27250,27100,27200,48.8,49.8,1.5,0.7,0.5,0.4,1,10000,20100,672700,300,545490000,266090000,271240000,8160000
14843.5,-305900,-8355575000,5155790000,13511365000,18790295000,409090000,586117065.2,-1.8,21360.9,730.4,10.6,12700,11500,313015000,27250,"2023-03-13T10:15:00.000Z",1678702500000,27250,27150,27150,91.4,8.6,0,0.9,0.1,,0.1,1200,13900,686600,,378195000,345605000,32590000,
14843.5,-332800,-9085390000,5406490000,14491880000,20021510000,409090000,586117065.2,4.1,21360.9,730.4,0.3,9200,-26900,-729815000,27100,"2023-03-13T10:20:00.000Z",1678702800000,27250,27100,27250,20.3,79.7,0,0.6,1.7,,3.9,36100,45300,731900,,1231215000,250700000,980515000,
14843.5,-324300,-8853290000,5646760000,14500050000,20272670000,409090000,586117065.2,-1.3,21360.9,730.4,29.3,8800,8500,232100000,27350,"2023-03-13T10:25:00.000Z",1678703100000,27350,27200,27300,95.7,3.3,1.1,0.6,0,0.1,0,300,9200,741100,100,251160000,240270000,8170000,2720000
14843.5,-308600,-8422860000,6088150000,14511010000,20725020000,409090000,586117065.2,-2.4,21360.9,730.4,40.3,16100,15700,430430000,27450,"2023-03-13T10:30:00.000Z",1678703400000,27450,27350,27350,97.6,2.4,0,1.1,0,,0,400,16500,757600,,452350000,441390000,10960000,
14843.5,-294300,-8030310000,6563035000,14593345000,21282240000,409090000,586117065.2,-2.2,21360.9,730.4,5.8,17300,14300,392550000,27450,"2023-03-13T10:35:00.000Z",1678703700000,27450,27400,27450,85.2,14.8,0,1.2,0.1,,0.2,3000,20300,777900,,557220000,474885000,82335000,
14843.5,-279000,-7609210000,7165875000,14775085000,22066820000,409090000,586117065.2,-2.4,21360.9,730.4,3.3,21900,15300,421100000,27550,"2023-03-13T10:40:00.000Z",1678704000000,27550,27450,27450,76.8,23.2,0,1.5,0.3,,0.3,6600,28500,806400,,784580000,602840000,181740000,
14843.5,-277400,-7565225000,7814030000,15379255000,23319145000,409090000,586117065.2,-0.2,21360.9,730.4,1.1,23600,1600,43985000,27400,"2023-03-13T10:45:00.000Z",1678704300000,27550,27400,27500,51.8,48.2,0,1.6,1,,0.9,22000,45600,852000,,1252325000,648155000,604170000,
14843.5,-281500,-7677565000,7814030000,15491595000,23431485000,409090000,586117065.2,0.6,21360.9,730.4,0,,-4100,-112340000,27400,"2023-03-13T10:50:00.000Z",1678704600000,27400,27400,27400,0,100,0,,0.2,,Infinity,4100,4100,856100,,112340000,,112340000,
14843.5,-278000,-7581490000,7929320000,15510810000,23565990000,409090000,586117065.2,-0.5,21360.9,730.4,6,4200,3500,96075000,27450,"2023-03-13T10:55:00.000Z",1678704900000,27450,27450,27450,85.7,14.3,0,0.3,0,,0.2,700,4900,861000,,134505000,115290000,19215000,
14843.5,-287800,-7850305000,8036570000,15886875000,24049305000,409090000,586117065.2,1.5,21360.9,730.4,0.3,3900,-9800,-268815000,27500,"2023-03-13T11:00:00.000Z",1678705200000,27500,27450,27500,22.2,77.8,0,0.3,0.6,,3.5,13700,17600,878600,,483315000,107250000,376065000,
14843.5,-288200,-7861265000,8047570000,15908835000,24082265000,409090000,586117065.2,0.1,21360.9,730.4,0.5,400,-400,-10960000,27500,"2023-03-13T11:05:00.000Z",1678705500000,27500,27450,27450,33.3,66.7,0,0,0,,2,800,1200,879800,,32960000,11000000,21960000,
14843.5,-287200,-7833735000,8091570000,15925305000,24142735000,409090000,586117065.2,-0.2,21360.9,730.4,2.7,1600,1000,27530000,27500,"2023-03-13T11:10:00.000Z",1678705800000,27500,27450,27500,72.7,27.3,0,0.1,0,,0.4,600,2200,882000,,60470000,44000000,16470000,
14843.5,-269900,-7357955000,8583820000,15941775000,24651455000,409090000,586117065.2,-2.7,21360.9,730.4,29.8,17900,17300,475780000,27500,"2023-03-13T11:15:00.000Z",1678706100000,27500,27450,27500,96.8,3.2,0,1.2,0,,0,600,18500,900500,,508720000,492250000,16470000,
14843.5,-233700,-6361715000,9648810000,16010525000,25785195000,409090000,586117065.2,-5.6,21360.9,730.4,15.5,38700,36200,996240000,27550,"2023-03-13T11:20:00.000Z",1678706400000,27550,27500,27500,93.9,6.1,0,2.6,0.1,,0.1,2500,41200,941700,,1133740000,1064990000,68750000,
14843.5,-236500,-6438740000,9712290000,16151030000,25989180000,409090000,586117065.2,0.4,21360.9,730.4,0.5,2300,-2800,-77025000,27600,"2023-03-13T11:25:00.000Z",1678706700000,27600,27550,27600,31.1,68.9,0,0.2,0.2,,2.2,5100,7400,949100,,203985000,63480000,140505000,
14843.5,-244500,-6658250000,10203570000,16861820000,27191250000,409090000,586117065.2,1.2,21360.9,730.4,0.7,17800,-8000,-219510000,27550,"2023-03-13T13:00:00.000Z",1678712400000,27600,27550,27550,40.8,59.2,0,1.2,1.2,,1.4,25800,43600,992700,,1202070000,491280000,710790000,
14843.5,-178500,-4833430000,12177260000,17010690000,29313810000,409090000,586117065.2,-10.3,21360.9,730.4,13.2,71400,66000,1824820000,27650,"2023-03-13T13:05:00.000Z",1678712700000,27650,27550,27550,93,7,0,4.8,0.3,,0.1,5400,76800,1069500,,2122560000,1973690000,148870000,
14843.5,-175600,-4753775000,12480865000,17234640000,29841365000,409090000,586117065.2,-0.4,21360.9,730.4,1.4,11000,2900,79655000,27650,"2023-03-13T13:10:00.000Z",1678713000000,27650,27600,27650,57.6,42.4,0,0.7,0.4,,0.7,8100,19100,1088600,,527555000,303605000,223950000,
14843.5,-162600,-4393280000,12844120000,17237400000,30218440000,409090000,586117065.2,-2,21360.9,730.4,131,13100,13000,360495000,27800,"2023-03-13T13:15:00.000Z",1678713300000,27800,27600,27650,96.3,0.7,2.9,0.9,0,0.5,0,100,13600,1102200,400,377075000,363255000,2760000,11060000
14843.5,-178400,-4828900000,12849665000,17678565000,30695475000,409090000,586117065.2,2.5,21360.9,730.4,0,200,-15800,-435620000,27550,"2023-03-13T13:20:00.000Z",1678713600000,27750,27500,27750,1.2,92.5,6.4,0,0.7,1.5,80,16000,17300,1119500,1100,477035000,5545000,441165000,30325000
14843.5,-181400,-4911550000,12849665000,17761215000,30778125000,409090000,586117065.2,0.5,21360.9,730.4,0,,-3000,-82650000,27550,"2023-03-13T13:25:00.000Z",1678713900000,27550,27550,27550,0,100,0,,0.1,,Infinity,3000,3000,1122500,,82650000,,82650000,
14843.5,-183300,-4963890000,12863440000,17827330000,30858015000,409090000,586117065.2,0.3,21360.9,730.4,0.2,500,-1900,-52340000,27550,"2023-03-13T13:30:00.000Z",1678714200000,27550,27500,27550,17.2,82.8,0,0,0.1,,4.8,2400,2900,1125400,,79890000,13775000,66115000,
14843.5,-191900,-5200255000,12951440000,18151695000,31270380000,409090000,586117065.2,1.3,21360.9,730.4,0.3,3200,-8600,-236365000,27500,"2023-03-13T13:35:00.000Z",1678714500000,27500,27450,27500,21.3,78.7,0,0.2,0.6,,3.7,11800,15000,1140400,,412365000,88000000,324365000,
14843.5,-163700,-4423445000,14056590000,18480035000,33420170000,409090000,586117065.2,-4.4,21360.9,730.4,3.4,40100,28200,776810000,27600,"2023-03-13T13:40:00.000Z",1678714800000,27600,27500,27550,51.4,15.3,33.3,2.7,0.6,35.6,0.3,11900,78000,1218400,26000,2149790000,1105150000,328340000,716300000
14843.5,-159700,-4312925000,14294680000,18607605000,33819070000,409090000,586117065.2,-0.6,21360.9,730.4,1.9,8600,4000,110520000,27750,"2023-03-13T13:45:00.000Z",1678715100000,27750,27650,27650,59.7,31.9,8.3,0.6,0.2,1.6,0.5,4600,14400,1232800,1200,398900000,238090000,127570000,33240000
14843.5,-137500,-3694575000,15155635000,18850210000,34922630000,409090000,586117065.2,-3.5,21360.9,730.4,3.6,30900,22200,618350000,27950,"2023-03-13T13:50:00.000Z",1678715400000,27950,27750,27750,78,22,0,2.1,0.4,,0.3,8700,39600,1272400,,1103560000,860955000,242605000,
14843.5,-106800,-2834365000,16351375000,19185740000,36453900000,409090000,586117065.2,-4.9,21360.9,730.4,3.6,42700,30700,860210000,27850,"2023-03-13T13:55:00.000Z",1678715700000,28050,27850,28000,78.1,21.9,0,2.9,0.6,,0.3,12000,54700,1327100,,1531270000,1195740000,335530000,
14843.5,-123200,-3289015000,16407075000,19696090000,37019950000,409090000,586117065.2,2.6,21360.9,730.4,0.1,2000,-16400,-454650000,27650,"2023-03-13T14:00:00.000Z",1678716000000,27850,27650,27850,9.8,90.2,0,0.1,0.9,,9.2,18400,20400,1347500,,566050000,55700000,510350000,
14843.5,-140700,-3772625000,16592410000,20365035000,37874230000,409090000,586117065.2,2.7,21360.9,730.4,0.3,6700,-17500,-483610000,27650,"2023-03-13T14:05:00.000Z",1678716300000,27800,27600,27650,21.7,78.3,0,0.5,1.1,,3.6,24200,30900,1378400,,854280000,185335000,668945000,
14843.5,-151300,-4065070000,16943525000,21008595000,38868905000,409090000,586117065.2,1.7,21360.9,730.4,0.5,12700,-10600,-292445000,27600,"2023-03-13T14:10:00.000Z",1678716600000,27650,27600,27650,35.3,64.7,0,0.9,1.1,,1.8,23300,36000,1414400,,994675000,351115000,643560000,
14843.5,-219900,-5952295000,17384685000,23336980000,41638450000,409090000,586117065.2,10.7,21360.9,730.4,0.2,16000,-68600,-1887225000,27500,"2023-03-13T14:15:00.000Z",1678716900000,27650,27500,27650,15.9,84.1,0,1.1,4,,5.3,84600,100600,1515000,,2769545000,441160000,2328385000,
14843.5,-195900,-5288905000,18409090000,23697995000,43023870000,409090000,586117065.2,-3.7,21360.9,730.4,2.8,37100,24000,663390000,27700,"2023-03-13T14:20:00.000Z",1678717200000,27700,27500,27500,73.9,26.1,0,2.5,0.6,,0.4,13100,50200,1565200,,1385420000,1024405000,361015000,
14843.5,-213700,-5779800000,18818140000,24597940000,44341160000,409090000,586117065.2,2.8,21360.9,730.4,0.5,14800,-17800,-490895000,27550,"2023-03-13T14:25:00.000Z",1678717500000,27700,27550,27700,31,68.3,0.6,1,1.5,0.4,2.2,32600,47700,1612900,300,1317290000,409050000,899945000,8295000
14843.5,-299800,-8143245000,18818140000,26961385000,46704605000,409090000,586117065.2,13.4,21360.9,730.4,0,,-86100,-2363445000,27450,"2023-03-13T14:45:00.000Z",1678718700000,27450,27450,27450,0,100,0,,4,,Infinity,86100,86100,1699000,,2363445000,,2363445000,
