"abu","acum_busd","acum_busd_val","acum_val_bu","acum_val_sd","acum_val","avg_val_bu","avg_val_sd","rbusd","asd","auk","bs","bu","bu-sd","bu-sd_val","c","date","datetime","h","l","o","pbu","psd","puk","rbu","rsd","ruk","sb","sd","sum_vol","total_vol","uk","val","val_bu","val_sd","val_uk"
5582.4,100,819599.9999999999,819999.9999999999,400,820399.9999999999,23339459.5,11559054.1,0.1,3077,2047.3,2,200,100,819599.9999999999,4.1,"2023-01-03T09:00:00.000Z",1672736400000,4.1,4,4,66.7,33.3,0,0,0,,0.5,100,300,300,,820399.9999999999,819999.9999999999,400,
5582.4,-9400,781599.9999999999,819999.9999999999,38400,858399.9999999999,23339459.5,11559054.1,0,3077,2047.3,0,,-9500,-38000,4,"2023-01-03T09:16:00.000Z",1672737360000,4,4,4,0,100,0,,3.1,,Infinity,9500,9500,9800,,38000,,38000,
5582.4,-9800,779999.9999999999,819999.9999999999,40000,859999.9999999999,23339459.5,11559054.1,0,3077,2047.3,0,,-400,-1600,4,"2023-01-03T09:28:00.000Z",1672738080000,4,4,4,0,100,0,,0.1,,Infinity,400,400,10200,,1600,,1600,
5582.4,-19800,739999.9999999999,819999.9999999999,80000,899999.9999999999,23339459.5,11559054.1,0,3077,2047.3,0,,-10000,-40000,4,"2023-01-03T09:30:00.000Z",1672738200000,4,4,4,0,100,0,,3.2,,Infinity,10000,10000,20200,,40000,,40000,
5582.4,-9800,41740000,41820000,80000,41900000,23339459.5,11559054.1,3.5,3077,2047.3,Infinity,10000,10000,41000000,4.1,"2023-01-03T09:32:00.000Z",1672738320000,4.1,4.1,4.1,100,0,0,1.8,,,0,,10000,30200,,41000000,41000000,,
5582.4,-4800,62240000,62320000,80000,62400000,23339459.5,11559054.1,1.7,3077,2047.3,Infinity,5000,5000,20500000,4.1,"2023-01-03T09:36:00.000Z",1672738560000,4.1,4.1,4.1,100,0,0,0.9,,,0,,5000,35200,,20500000,20500000,,
5582.4,-3300,68390000,68470000,80000,68550000,23339459.5,11559054.1,0.5,3077,2047.3,Infinity,1500,1500,6150000,4.1,"2023-01-03T09:38:00.000Z",1672738680000,4.1,4.1,4.1,100,0,0,0.3,,,0,,1500,36700,,6150000,6150000,,
5582.4,56800,314800000,314880000,80000,314960000,23339459.5,11559054.1,20.9,3077,2047.3,Infinity,60100,60100,246409999.99999997,4.1,"2023-01-03T09:40:00.000Z",1672738800000,4.1,4.1,4.1,100,0,0,10.8,,,0,,60100,96800,,246409999.99999997,246409999.99999997,,
5582.4,94800,470600000,470680000,80000,470760000,23339459.5,11559054.1,13.2,3077,2047.3,Infinity,38000,38000,155799999.99999997,4.1,"2023-01-03T09:42:00.000Z",1672738920000,4.1,4.1,4.1,100,0,0,6.8,,,0,,38000,134800,,155799999.99999997,155799999.99999997,,
5582.4,82200,418940000,470680000,51740000,522420000,23339459.5,11559054.1,4.4,3077,2047.3,0,,-12600,-51660000,4.1,"2023-01-03T09:44:00.000Z",1672739040000,4.1,4.1,4.1,0,100,0,,4.1,,Infinity,12600,12600,147400,,51660000,,51660000,
5582.4,82900,421880000,473620000,51740000,525360000,23339459.5,11559054.1,0.2,3077,2047.3,Infinity,700,700,2940000,4.2,"2023-01-03T09:48:00.000Z",1672739280000,4.2,4.2,4.2,100,0,0,0.1,,,0,,700,148100,,2940000,2940000,,
5582.4,67600,359150000,473620000,114470000,588090000,23339459.5,11559054.1,5.3,3077,2047.3,0,,-15300,-62729999.99999999,4.1,"2023-01-03T09:50:00.000Z",1672739400000,4.1,4.1,4.1,0,100,0,,5,,Infinity,15300,15300,163400,,62729999.99999999,,62729999.99999999,
5582.4,67700,359570000,474040000,114470000,588510000,23339459.5,11559054.1,0,3077,2047.3,Infinity,100,100,420000,4.2,"2023-01-03T09:54:00.000Z",1672739640000,4.2,4.2,4.2,100,0,0,0,,,0,,100,163500,,420000,420000,,
5582.4,65700,351370000,474040000,122670000,596710000,23339459.5,11559054.1,0.7,3077,2047.3,0,,-2000,-8200000,4.1,"2023-01-03T09:56:00.000Z",1672739760000,4.1,4.1,4.1,0,100,0,,0.6,,Infinity,2000,2000,165500,,8200000,,8200000,
5582.4,64600,346870000,474460000,127590000,602050000,23339459.5,11559054.1,0.4,3077,2047.3,0.1,100,-1100,-4500000,4.1,"2023-01-03T10:00:00.000Z",1672740000000,4.2,4.1,4.2,7.7,92.3,0,0,0.4,,12,1200,1300,166800,,5340000,420000,4920000,
5582.4,59600,326370000,474460000,148090000,622550000,23339459.5,11559054.1,1.7,3077,2047.3,0,,-5000,-20500000,4.1,"2023-01-03T10:02:00.000Z",1672740120000,4.1,4.1,4.1,0,100,0,,1.6,,Infinity,5000,5000,171800,,20500000,,20500000,
5582.4,59700,326790000,474880000,148090000,622970000,23339459.5,11559054.1,0,3077,2047.3,Infinity,100,100,420000,4.2,"2023-01-03T10:04:00.000Z",1672740240000,4.2,4.2,4.2,100,0,0,0,,,0,,100,171900,,420000,420000,,
5582.4,62800,339810000,487900000,148090000,635990000,23339459.5,11559054.1,1.1,3077,2047.3,Infinity,3100,3100,13020000,4.2,"2023-01-03T10:06:00.000Z",1672740360000,4.2,4.2,4.2,100,0,0,0.6,,,0,,3100,175000,,13020000,13020000,,
5582.4,63800,344010000,492100000,148090000,640190000,23339459.5,11559054.1,0.4,3077,2047.3,Infinity,1000,1000,4200000,4.2,"2023-01-03T10:08:00.000Z",1672740480000,4.2,4.2,4.2,100,0,0,0.2,,,0,,1000,176000,,4200000,4200000,,
5582.4,64600,347370000,495460000,148090000,643550000,23339459.5,11559054.1,0.3,3077,2047.3,Infinity,800,800,3360000,4.2,"2023-01-03T10:10:00.000Z",1672740600000,4.2,4.2,4.2,100,0,0,0.1,,,0,,800,176800,,3360000,3360000,,
5582.4,74600,389370000,537460000,148090000,685550000,23339459.5,11559054.1,3.6,3077,2047.3,Infinity,10000,10000,42000000,4.2,"2023-01-03T10:18:00.000Z",1672741080000,4.2,4.2,4.2,100,0,0,1.8,,,0,,10000,186800,,42000000,42000000,,
5582.4,79600,410370000,558460000,148090000,706550000,23339459.5,11559054.1,1.8,3077,2047.3,Infinity,5000,5000,21000000,4.2,"2023-01-03T10:30:00.000Z",1672741800000,4.2,4.2,4.2,100,0,0,0.9,,,0,,5000,191800,,21000000,21000000,,
5582.4,49600,287470000,562660000,275190000,837850000,23339459.5,11559054.1,10.4,3077,2047.3,0,1000,-30000,-122900000,4.1,"2023-01-03T10:32:00.000Z",1672741920000,4.2,4.1,4.2,3.1,96.9,0,0.2,10.1,,31,31000,32000,223800,,131300000,4200000,127100000,
5582.4,49700,287890000,563080000,275190000,838270000,23339459.5,11559054.1,0,3077,2047.3,Infinity,100,100,420000,4.2,"2023-01-03T10:38:00.000Z",1672742280000,4.2,4.2,4.2,100,0,0,0,,,0,,100,223900,,420000,420000,,
5582.4,49600,287980000,584080000,296100000,880180000,23339459.5,11559054.1,0,3077,2047.3,1,5000,-100,90000,4.1,"2023-01-03T10:40:00.000Z",1672742400000,4.2,4.1,4.2,49.5,50.5,0,0.9,1.7,,1,5100,10100,234000,,41910000,21000000,20910000,
5582.4,49700,288400000,584500000,296100000,880600000,23339459.5,11559054.1,0,3077,2047.3,Infinity,100,100,420000,4.2,"2023-01-03T10:44:00.000Z",1672742640000,4.2,4.2,4.2,100,0,0,0,,,0,,100,234100,,420000,420000,,
5582.4,49200,286350000,584500000,298150000,882650000,23339459.5,11559054.1,0.2,3077,2047.3,0,,-500,-2050000,4.1,"2023-01-03T10:48:00.000Z",1672742880000,4.1,4.1,4.1,0,100,0,,0.2,,Infinity,500,500,234600,,2050000,,2050000,
5582.4,47300,278570000,584920000,306350000,891270000,23339459.5,11559054.1,0.7,3077,2047.3,0.1,100,-1900,-7780000,4.1,"2023-01-03T10:50:00.000Z",1672743000000,4.2,4.1,4.2,4.8,95.2,0,0,0.6,,20,2000,2100,236700,,8620000,420000,8200000,
5582.4,46900,276940000,585340000,308400000,893740000,23339459.5,11559054.1,0.1,3077,2047.3,0.2,100,-400,-1630000,4.1,"2023-01-03T10:52:00.000Z",1672743120000,4.2,4.1,4.2,16.7,83.3,0,0,0.2,,5,500,600,237300,,2470000,420000,2050000,
5582.4,46400,274890000,585340000,310450000,895790000,23339459.5,11559054.1,0.2,3077,2047.3,0,,-500,-2050000,4.1,"2023-01-03T10:56:00.000Z",1672743360000,4.1,4.1,4.1,0,100,0,,0.2,,Infinity,500,500,237800,,2050000,,2050000,
5582.4,36400,233890000,585340000,351450000,936790000,23339459.5,11559054.1,3.5,3077,2047.3,0,,-10000,-41000000,4.1,"2023-01-03T10:58:00.000Z",1672743480000,4.1,4.1,4.1,0,100,0,,3.2,,Infinity,10000,10000,247800,,41000000,,41000000,
5582.4,28100,199860000,585340000,385480000,970820000,23339459.5,11559054.1,2.9,3077,2047.3,0,,-8300,-34029999.99999999,4.1,"2023-01-03T11:00:00.000Z",1672743600000,4.1,4.1,4.1,0,100,0,,2.7,,Infinity,8300,8300,256100,,34029999.99999999,,34029999.99999999,
5582.4,12600,136310000,585340000,449030000,1034370000,23339459.5,11559054.1,5.4,3077,2047.3,0,,-15500,-63550000,4.1,"2023-01-03T11:02:00.000Z",1672743720000,4.1,4.1,4.1,0,100,0,,5,,Infinity,15500,15500,271600,,63550000,,63550000,
5582.4,-10200,42830000,585340000,542510000,1127850000,23339459.5,11559054.1,7.9,3077,2047.3,0,,-22800,-93480000,4.1,"2023-01-03T11:04:00.000Z",1672743840000,4.1,4.1,4.1,0,100,0,,7.4,,Infinity,22800,22800,294400,,93480000,,93480000,
5582.4,-10300,42420000,585340000,542920000,1128260000,23339459.5,11559054.1,0,3077,2047.3,0,,-100,-409999.99999999994,4.1,"2023-01-03T11:06:00.000Z",1672743960000,4.1,4.1,4.1,0,100,0,,0,,Infinity,100,100,294500,,409999.99999999994,,409999.99999999994,
5582.4,-10400,42010000,585340000,543330000,1128670000,23339459.5,11559054.1,0,3077,2047.3,0,,-100,-409999.99999999994,4.1,"2023-01-03T11:08:00.000Z",1672744080000,4.1,4.1,4.1,0,100,0,,0,,Infinity,100,100,294600,,409999.99999999994,,409999.99999999994,
5582.4,-11400,37910000,585340000,547430000,1132770000,23339459.5,11559054.1,0.3,3077,2047.3,0,,-1000,-4100000,4.1,"2023-01-03T11:12:00.000Z",1672744320000,4.1,4.1,4.1,0,100,0,,0.3,,Infinity,1000,1000,295600,,4100000,,4100000,
5582.4,-11700,36680000,585340000,548660000,1134000000,23339459.5,11559054.1,0.1,3077,2047.3,0,,-300,-1230000,4.1,"2023-01-03T11:16:00.000Z",1672744560000,4.1,4.1,4.1,0,100,0,,0.1,,Infinity,300,300,295900,,1230000,,1230000,
5582.4,-16700,16180000,585340000,569160000,1154500000,23339459.5,11559054.1,1.7,3077,2047.3,0,,-5000,-20500000,4.1,"2023-01-03T11:22:00.000Z",1672744920000,4.1,4.1,4.1,0,100,0,,1.6,,Infinity,5000,5000,300900,,20500000,,20500000,
5582.4,-17700,12080000,585340000,573260000,1158600000,23339459.5,11559054.1,0.3,3077,2047.3,0,,-1000,-4100000,4.1,"2023-01-03T11:28:00.000Z",1672745280000,4.1,4.1,4.1,0,100,0,,0.3,,Infinity,1000,1000,301900,,4100000,,4100000,
5582.4,-30700,-41220000,585340000,626560000,1211900000,23339459.5,11559054.1,4.5,3077,2047.3,0,,-13000,-53300000,4.1,"2023-01-03T13:00:00.000Z",1672750800000,4.1,4.1,4.1,0,100,0,,4.2,,Infinity,13000,13000,314900,,53300000,,53300000,
5582.4,-31100,-42860000,585340000,628200000,1213540000,23339459.5,11559054.1,0.1,3077,2047.3,0,,-400,-1639999.9999999998,4.1,"2023-01-03T13:02:00.000Z",1672750920000,4.1,4.1,4.1,0,100,0,,0.1,,Infinity,400,400,315300,,1639999.9999999998,,1639999.9999999998,
5582.4,-32900,-50240000,585340000,635580000,1220920000,23339459.5,11559054.1,0.6,3077,2047.3,0,,-1800,-7380000,4.1,"2023-01-03T13:08:00.000Z",1672751280000,4.1,4.1,4.1,0,100,0,,0.6,,Infinity,1800,1800,317100,,7380000,,7380000,
5582.4,-33400,-52290000,585340000,637630000,1222970000,23339459.5,11559054.1,0.2,3077,2047.3,0,,-500,-2050000,4.1,"2023-01-03T13:10:00.000Z",1672751400000,4.1,4.1,4.1,0,100,0,,0.2,,Infinity,500,500,317600,,2050000,,2050000,
5582.4,-48400,-113790000,585340000,699130000,1284470000,23339459.5,11559054.1,5.2,3077,2047.3,0,,-15000,-61499999.99999999,4.1,"2023-01-03T13:16:00.000Z",1672751760000,4.1,4.1,4.1,0,100,0,,4.9,,Infinity,15000,15000,332600,,61499999.99999999,,61499999.99999999,
5582.4,-38300,-71370000,627760000,699130000,1326890000,23339459.5,11559054.1,3.6,3077,2047.3,Infinity,10100,10100,42420000,4.2,"2023-01-03T13:22:00.000Z",1672752120000,4.2,4.2,4.2,100,0,0,1.8,,,0,,10100,342700,,42420000,42420000,,
5582.4,39400,254970000,954100000,699130000,1653230000,23339459.5,11559054.1,27.7,3077,2047.3,Infinity,77700,77700,326340000,4.2,"2023-01-03T13:26:00.000Z",1672752360000,4.2,4.2,4.2,100,0,0,13.9,,,0,,77700,420400,,326340000,326340000,,
5582.4,100800,512850000,1211980000,699130000,1911110000,23339459.5,11559054.1,21.9,3077,2047.3,Infinity,61400,61400,257880000,4.2,"2023-01-03T13:28:00.000Z",1672752480000,4.2,4.2,4.2,100,0,0,11,,,0,,61400,481800,,257880000,257880000,,
5582.4,181800,853050000,1573180000,720130000,2293310000,23339459.5,11559054.1,28.9,3077,2047.3,17.2,86000,81000,340200000,4.2,"2023-01-03T13:30:00.000Z",1672752600000,4.2,4.2,4.2,94.5,5.5,0,15.4,1.6,,0.1,5000,91000,572800,,382200000,361200000,21000000,
5582.4,176800,832050000,1573180000,741130000,2314310000,23339459.5,11559054.1,1.8,3077,2047.3,0,,-5000,-21000000,4.2,"2023-01-03T13:32:00.000Z",1672752720000,4.2,4.2,4.2,0,100,0,,1.6,,Infinity,5000,5000,577800,,21000000,,21000000,
5582.4,176900,832480000,1573610000,741130000,2314740000,23339459.5,11559054.1,0,3077,2047.3,Infinity,100,100,430000,4.3,"2023-01-03T13:34:00.000Z",1672752840000,4.3,4.3,4.3,100,0,0,0,,,0,,100,577900,,430000,430000,,
5582.4,177900,836780000,1577910000,741130000,2319040000,23339459.5,11559054.1,0.4,3077,2047.3,Infinity,1000,1000,4300000,4.3,"2023-01-03T13:36:00.000Z",1672752960000,4.3,4.3,4.3,100,0,0,0.2,,,0,,1000,578900,,4300000,4300000,,
5582.4,177700,835940000,1577910000,741970000,2319880000,23339459.5,11559054.1,0.1,3077,2047.3,0,,-200,-840000,4.2,"2023-01-03T13:38:00.000Z",1672753080000,4.2,4.2,4.2,0,100,0,,0.1,,Infinity,200,200,579100,,840000,,840000,
5582.4,176700,831740000,1577910000,746170000,2324080000,23339459.5,11559054.1,0.4,3077,2047.3,0,,-1000,-4200000,4.2,"2023-01-03T13:40:00.000Z",1672753200000,4.2,4.2,4.2,0,100,0,,0.3,,Infinity,1000,1000,580100,,4200000,,4200000,
5582.4,167700,794040000,1582210000,788170000,2370380000,23339459.5,11559054.1,3.2,3077,2047.3,0.1,1000,-9000,-37700000,4.3,"2023-01-03T13:42:00.000Z",1672753320000,4.3,4.2,4.2,9.1,90.9,0,0.2,3.2,,10,10000,11000,591100,,46300000,4300000,42000000,
5582.4,169700,802640000,1590810000,788170000,2378980000,23339459.5,11559054.1,0.7,3077,2047.3,Infinity,2000,2000,8600000,4.3,"2023-01-03T13:44:00.000Z",1672753440000,4.3,4.3,4.3,100,0,0,0.4,,,0,,2000,593100,,8600000,8600000,,
5582.4,171800,811670000,1599840000,788170000,2388010000,23339459.5,11559054.1,0.8,3077,2047.3,Infinity,2100,2100,9030000,4.3,"2023-01-03T13:46:00.000Z",1672753560000,4.3,4.3,4.3,100,0,0,0.4,,,0,,2100,595200,,9030000,9030000,,
5582.4,172100,812960000,1601130000,788170000,2389300000,23339459.5,11559054.1,0.1,3077,2047.3,Infinity,300,300,1290000,4.3,"2023-01-03T13:48:00.000Z",1672753680000,4.3,4.3,4.3,100,0,0,0.1,,,0,,300,595500,,1290000,1290000,,
5582.4,162100,770960000,1601130000,830170000,2431300000,23339459.5,11559054.1,3.6,3077,2047.3,0,,-10000,-42000000,4.2,"2023-01-03T13:50:00.000Z",1672753800000,4.2,4.2,4.2,0,100,0,,3.2,,Infinity,10000,10000,605500,,42000000,,42000000,
5582.4,163100,775260000,1605430000,830170000,2435600000,23339459.5,11559054.1,0.4,3077,2047.3,Infinity,1000,1000,4300000,4.3,"2023-01-03T13:54:00.000Z",1672754040000,4.3,4.3,4.3,100,0,0,0.2,,,0,,1000,606500,,4300000,4300000,,
5582.4,164600,781710000,1611880000,830170000,2442050000,23339459.5,11559054.1,0.5,3077,2047.3,Infinity,1500,1500,6450000,4.3,"2023-01-03T13:58:00.000Z",1672754280000,4.3,4.3,4.3,100,0,0,0.3,,,0,,1500,608000,,6450000,6450000,,
5582.4,167100,792460000,1622630000,830170000,2452800000,23339459.5,11559054.1,0.9,3077,2047.3,Infinity,2500,2500,10750000,4.3,"2023-01-03T14:00:00.000Z",1672754400000,4.3,4.3,4.3,100,0,0,0.4,,,0,,2500,610500,,10750000,10750000,,
5582.4,169100,801560000,1652730000,851170000,2503900000,23339459.5,11559054.1,0.8,3077,2047.3,1.4,7000,2000,9100000,4.2,"2023-01-03T14:02:00.000Z",1672754520000,4.3,4.2,4.3,58.3,41.7,0,1.3,1.6,,0.7,5000,12000,622500,,51100000,30100000,21000000,
5582.4,168600,799460000,1652730000,853270000,2506000000,23339459.5,11559054.1,0.2,3077,2047.3,0,,-500,-2100000,4.2,"2023-01-03T14:04:00.000Z",1672754640000,4.2,4.2,4.2,0,100,0,,0.2,,Infinity,500,500,623000,,2100000,,2100000,
5582.4,168100,797360000,1652730000,855370000,2508100000,23339459.5,11559054.1,0.2,3077,2047.3,0,,-500,-2100000,4.2,"2023-01-03T14:06:00.000Z",1672754760000,4.2,4.2,4.2,0,100,0,,0.2,,Infinity,500,500,623500,,2100000,,2100000,
5582.4,168200,797790000,1653160000,855370000,2508530000,23339459.5,11559054.1,0,3077,2047.3,Infinity,100,100,430000,4.3,"2023-01-03T14:08:00.000Z",1672754880000,4.3,4.3,4.3,100,0,0,0,,,0,,100,623600,,430000,430000,,
5582.4,171200,810690000,1666060000,855370000,2521430000,23339459.5,11559054.1,1.1,3077,2047.3,Infinity,3000,3000,12900000,4.3,"2023-01-03T14:10:00.000Z",1672755000000,4.3,4.3,4.3,100,0,0,0.5,,,0,,3000,626600,,12900000,12900000,,
5582.4,171400,811550000,1666920000,855370000,2522290000,23339459.5,11559054.1,0.1,3077,2047.3,Infinity,200,200,860000,4.3,"2023-01-03T14:12:00.000Z",1672755120000,4.3,4.3,4.3,100,0,0,0,,,0,,200,626800,,860000,860000,,
5582.4,173300,819720000,1675090000,855370000,2530460000,23339459.5,11559054.1,0.7,3077,2047.3,Infinity,1900,1900,8170000,4.3,"2023-01-03T14:14:00.000Z",1672755240000,4.3,4.3,4.3,100,0,0,0.3,,,0,,1900,628700,,8170000,8170000,,
5582.4,173400,820150000,1675520000,855370000,2530890000,23339459.5,11559054.1,0,3077,2047.3,Infinity,100,100,430000,4.3,"2023-01-03T14:20:00.000Z",1672755600000,4.3,4.3,4.3,100,0,0,0,,,0,,100,628800,,430000,430000,,
5582.4,173600,821010000,1676380000,855370000,2531750000,23339459.5,11559054.1,0.1,3077,2047.3,Infinity,200,200,860000,4.3,"2023-01-03T14:24:00.000Z",1672755840000,4.3,4.3,4.3,100,0,0,0,,,0,,200,629000,,860000,860000,,
5582.4,185100,870460000,1725830000,855370000,2581200000,23339459.5,11559054.1,4.2,3077,2047.3,Infinity,11500,11500,49450000,4.3,"2023-01-03T14:26:00.000Z",1672755960000,4.3,4.3,4.3,100,0,0,2.1,,,0,,11500,640500,,49450000,49450000,,
5582.4,185400,871750000,1727120000,855370000,2582490000,23339459.5,11559054.1,0.1,3077,2047.3,Infinity,300,300,1290000,4.3,"2023-01-03T14:28:00.000Z",1672756080000,4.3,4.3,4.3,100,0,0,0.1,,,0,,300,640800,,1290000,1290000,,
5582.4,185400,871750000,1727120000,855370000,3233940000,23339459.5,11559054.1,0,3077,2047.3,NaN,,0,0,4.3,"2023-01-03T14:44:00.000Z",1672757040000,4.3,4.3,4.3,0,0,100,,,74,NaN,,151500,792300,151500,651450000,,,651450000
