"abu","acum_busd","acum_busd_val","acum_val_bu","acum_val_sd","acum_val","avg_val_bu","avg_val_sd","rbusd","asd","auk","bs","bu","bu-sd","bu-sd_val","c","date","datetime","h","l","o","pbu","psd","puk","rbu","rsd","ruk","sb","sd","sum_vol","total_vol","uk","val","val_bu","val_sd","val_uk"
333.3,200,1676000.0000000002,1676000.0000000002,0,1676000.0000000002,2792333.3,139583.3,0.6,16.7,8.3,Infinity,200,200,1676000.0000000002,8.38,"2023-01-03T09:38:00.000Z",1672738680000,8.38,8.38,8.38,100,0,0,0.6,,,0,,200,200,,1676000.0000000002,1676000.0000000002,,
333.3,300,2514000.0000000005,2514000.0000000005,0,3352000.0000000005,2792333.3,139583.3,0.3,16.7,8.3,Infinity,100,100,838000.0000000001,8.38,"2023-01-03T09:40:00.000Z",1672738800000,8.38,8.38,8.38,50,0,50,0.3,,12,0,,200,400,100,1676000.0000000002,838000.0000000001,,838000.0000000001
333.3,200,1675000.0000000005,2514000.0000000005,839000,4191000.0000000005,2792333.3,139583.3,0.3,16.7,8.3,0,,-100,-839000,8.39,"2023-01-03T09:46:00.000Z",1672739160000,8.39,8.39,8.39,0,100,0,,6,,Infinity,100,100,500,,839000,,839000,
333.3,2200,18435000,19274000,839000,20951000,2792333.3,139583.3,6.3,16.7,8.3,Infinity,2000,2000,16760000,8.38,"2023-01-03T10:34:00.000Z",1672742040000,8.38,8.38,8.38,100,0,0,6,,,0,,2000,2500,,16760000,16760000,,
333.3,2400,20111000,20950000,839000,22627000,2792333.3,139583.3,0.6,16.7,8.3,Infinity,200,200,1676000.0000000002,8.38,"2023-01-03T10:38:00.000Z",1672742280000,8.38,8.38,8.38,100,0,0,0.6,,,0,,200,2700,,1676000.0000000002,1676000.0000000002,,
333.3,2900,24301000,25140000,839000,26817000,2792333.3,139583.3,1.6,16.7,8.3,Infinity,500,500,4190000,8.38,"2023-01-03T10:42:00.000Z",1672742520000,8.38,8.38,8.38,100,0,0,1.5,,,0,,500,3200,,4190000,4190000,,
333.3,3200,26815000,27654000,839000,29331000,2792333.3,139583.3,0.9,16.7,8.3,Infinity,300,300,2514000.0000000005,8.38,"2023-01-03T11:10:00.000Z",1672744200000,8.38,8.38,8.38,100,0,0,0.9,,,0,,300,3500,,2514000.0000000005,2514000.0000000005,,
333.3,3100,25979000,27654000,1675000,30167000,2792333.3,139583.3,0.3,16.7,8.3,0,,-100,-836000,8.36,"2023-01-03T13:00:00.000Z",1672750800000,8.36,8.36,8.36,0,100,0,,6,,Infinity,100,100,3600,,836000,,836000,
333.3,3400,28487000,30162000,1675000,32675000,2792333.3,139583.3,0.9,16.7,8.3,Infinity,300,300,2508000,8.36,"2023-01-03T13:04:00.000Z",1672751040000,8.36,8.36,8.36,100,0,0,0.9,,,0,,300,3900,,2508000,2508000,,
333.3,3600,30159000,31834000,1675000,34347000,2792333.3,139583.3,0.6,16.7,8.3,Infinity,200,200,1672000,8.36,"2023-01-03T13:08:00.000Z",1672751280000,8.36,8.36,8.36,100,0,0,0.6,,,0,,200,4100,,1672000,1672000,,
333.3,3700,30995000,32670000,1675000,35183000,2792333.3,139583.3,0.3,16.7,8.3,Infinity,100,100,836000,8.36,"2023-01-03T14:18:00.000Z",1672755480000,8.36,8.36,8.36,100,0,0,0.3,,,0,,100,4200,,836000,836000,,
333.3,3800,31833000,33508000,1675000,36021000,2792333.3,139583.3,0.3,16.7,8.3,Infinity,100,100,838000.0000000001,8.38,"2023-01-03T14:44:00.000Z",1672757040000,8.38,8.38,8.38,100,0,0,0.3,,,0,,100,4300,,838000.0000000001,838000.0000000001,,
