"abu","acum_busd","acum_busd_val","acum_val_bu","acum_val_sd","acum_val","avg_val_bu","avg_val_sd","rbusd","asd","auk","bs","bu","bu-sd","bu-sd_val","c","date","datetime","h","l","o","pbu","psd","puk","rbu","rsd","ruk","sb","sd","sum_vol","total_vol","uk","val","val_bu","val_sd","val_uk"
4419.5,-100,-7020000,35100000,42120000,77220000,271077061,94538919.5,0,1495.1,0,0.8,500,-100,-7020000,70.2,"2022-12-12T09:18:00.000Z",1670836680000,70.2,70.2,70.2,45.5,54.5,0,0.1,0.4,,1.2,600,1100,1100,,77220000,35100000,42120000,
4419.5,-500,-35100000,35100000,70200000,105300000,271077061,94538919.5,0.2,1495.1,0,0,,-400,-28080000,70.2,"2022-12-12T09:20:00.000Z",1670836800000,70.2,70.2,70.2,0,100,0,,0.3,,Infinity,400,400,1500,,28080000,,28080000,
4419.5,6000,385535000,455735000,70200000,525935000,271077061,94538919.5,2.4,1495.1,0,Infinity,6500,6500,420635000,70,"2022-12-12T09:22:00.000Z",1670836920000,70.1,70,70.1,100,0,0,1.5,,,0,,6500,8000,,420635000,420635000,,
4419.5,6400,440347400,628495000,188147600,816642600,271077061,94538919.5,0.3,1495.1,0,1.2,2500,400,54812400,68.9,"2022-12-12T09:24:00.000Z",1670837040000,69.5,68.9,69.5,54.3,45.7,0,0.6,1.4,,0.8,2100,4600,12600,,290707600,172760000,117947600,
4419.5,6500,447237400,635385000,188147600,823532600,271077061,94538919.5,0,1495.1,0,Infinity,100,100,6890000.000000001,68.9,"2022-12-12T09:26:00.000Z",1670837160000,68.9,68.9,68.9,100,0,0,0,,,0,,100,12700,,6890000.000000001,6890000.000000001,,
4419.5,7000,447271900,635419500,188147600,823567100,271077061,94538919.5,0,1495.1,0,Infinity,500,500,34500,69,"2022-12-12T09:28:00.000Z",1670837280000,69,69,69,100,0,0,0.1,,,0,,500,13200,,34500,34500,,
4419.5,6800,433541900,842119500,408577600,1250697100,271077061,94538919.5,0.1,1495.1,0,0.9,3000,-200,-13730000.00000003,68.9,"2022-12-12T09:34:00.000Z",1670837640000,68.9,68.8,68.8,48.4,51.6,0,0.7,2.1,,1.1,3200,6200,19400,,427130000,206700000,220430000.00000003,
4419.5,20000,1136288900,1606846500,470557600,2077404100,271077061,94538919.5,4,1495.1,0,15.7,14100,13200,702747000,68.9,"2022-12-12T09:48:00.000Z",1670838480000,69,68.8,68.9,94,6,0,3.2,0.6,,0.1,900,15000,34400,,826707000,764727000,61980000,
4419.5,28000,1136840900,1607398500,470557600,2077956100,271077061,94538919.5,0,1495.1,0,Infinity,8000,8000,552000,69,"2022-12-12T09:50:00.000Z",1670838600000,69,69,69,100,0,0,1.8,,,0,,8000,42400,,552000,552000,,
4419.5,34300,1364177900,2082745500,718567600,2801313100,271077061,94538919.5,1.3,1495.1,0,2.8,9900,6300,227336999.99999997,69,"2022-12-12T09:52:00.000Z",1670838720000,69,68.8,68.9,73.3,26.7,0,2.2,2.4,,0.4,3600,13500,55900,,723357000,475347000,248010000.00000003,
4419.5,36000,1412476900,2317074500,904597600,3221672100,271077061,94538919.5,0.3,1495.1,0,1.6,4400,1700,48298999.99999997,69,"2022-12-12T10:28:00.000Z",1670840880000,69,68.9,68.9,62,38,0,1,1.8,,0.6,2700,7100,63000,,420359000,234329000,186030000.00000003,
4419.5,33100,1412276800,2317212500,904935700,3222148200,271077061,94538919.5,0,1495.1,0,0.4,2000,-2900,-200100,69,"2022-12-12T10:30:00.000Z",1670841000000,69,69,69,29,71,0,0.5,3.3,,2.5,4900,6900,69900,,476100,138000,338100,
4419.5,30200,1205583700,2317219400,1111635700,3428855100,271077061,94538919.5,1.2,1495.1,0,0,100,-2900,-206693100.00000003,68.9,"2022-12-12T10:34:00.000Z",1670841240000,69,68.9,69,3.2,96.8,0,0,2,,30,3000,3100,73000,,206706900.00000003,6900,206700000.00000003,
4419.5,36100,1413083800,2524719500,1111635700,3636355200,271077061,94538919.5,1.2,1495.1,0,Infinity,5900,5900,207500099.99999997,69.1,"2022-12-12T10:36:00.000Z",1670841360000,69.1,69,69,100,0,0,1.3,,,0,,5900,78900,,207500099.99999997,207500099.99999997,,
4419.5,30600,1033083800,2732919500,1699835700,4432755200,271077061,94538919.5,2.2,1495.1,0,0.4,3000,-5500,-380000000,69.4,"2022-12-12T10:40:00.000Z",1670841600000,69.4,69.1,69.1,26.1,73.9,0,0.7,5.7,,2.8,8500,11500,90400,,796400000,208200000,588200000,
4419.5,33600,1241283800,2941119500,1699835700,4640955200,271077061,94538919.5,1.2,1495.1,0,Infinity,3000,3000,208200000.00000003,69.4,"2022-12-12T10:42:00.000Z",1670841720000,69.4,69.4,69.4,100,0,0,0.7,,,0,,3000,93400,,208200000.00000003,208200000.00000003,,
4419.5,34600,1310683800,3010519500,1699835700,4710355200,271077061,94538919.5,0.4,1495.1,0,Infinity,1000,1000,69400000,69.4,"2022-12-12T10:46:00.000Z",1670841960000,69.4,69.4,69.4,100,0,0,0.2,,,0,,1000,94400,,69400000,69400000,,
4419.5,39200,1630743800,3725299500,2094555700,5819855200,271077061,94538919.5,1.8,1495.1,0,1.8,10300,4600,320060000,69.4,"2022-12-12T10:48:00.000Z",1670842080000,69.4,69.2,69.4,64.4,35.6,0,2.3,3.8,,0.6,5700,16000,110400,,1109500000,714780000,394720000,
4419.5,45400,2061003800,4155559500,2094555700,6250115200,271077061,94538919.5,2.4,1495.1,0,Infinity,6200,6200,430260000,69.3,"2022-12-12T11:18:00.000Z",1670843880000,69.4,69.3,69.4,100,0,0,1.4,,,0,,6200,116600,,430260000,430260000,,
4419.5,52800,2574443800,4890799500,2316355700,7207155200,271077061,94538919.5,2.9,1495.1,0,3.3,10600,7400,513440000,69.4,"2022-12-12T11:20:00.000Z",1670844000000,69.5,69.2,69.2,76.8,23.2,0,2.4,2.1,,0.3,3200,13800,130400,,957040000,735240000,221800000,
4419.5,52900,2581383800,5029599500,2448215700,7477815200,271077061,94538919.5,0,1495.1,0,1.1,2000,100,6940000,69.4,"2022-12-12T11:22:00.000Z",1670844120000,69.4,69.4,69.4,51.3,48.7,0,0.5,1.3,,1,1900,3900,134300,,270660000,138800000,131860000,
4419.5,58900,2998383800,5446599500,2448215700,7894815200,271077061,94538919.5,2.4,1495.1,0,Infinity,6000,6000,417000000,69.5,"2022-12-12T13:12:00.000Z",1670850720000,69.5,69.5,69.5,100,0,0,1.4,,,0,,6000,140300,,417000000,417000000,,
4419.5,62400,3241633800,5689849500,2448215700,8138065200,271077061,94538919.5,1.4,1495.1,0,Infinity,3500,3500,243250000,69.5,"2022-12-12T13:14:00.000Z",1670850840000,69.5,69.5,69.5,100,0,0,0.8,,,0,,3500,143800,,243250000,243250000,,
4419.5,65300,3443213800,6009539500,2566325700,8575865200,271077061,94538919.5,1.1,1495.1,0,2.7,4600,2900,201580000,69.3,"2022-12-12T13:28:00.000Z",1670851680000,69.5,69.3,69.5,73,27,0,1,1.1,,0.4,1700,6300,150100,,437800000,319690000,118110000,
4419.5,71700,3888713800,6683829500,2795115700,9478945200,271077061,94538919.5,2.5,1495.1,0,2.9,9700,6400,445500000,69.5,"2022-12-12T13:30:00.000Z",1670851800000,69.6,69.3,69.3,74.6,25.4,0,2.2,2.2,,0.3,3300,13000,163100,,903080000,674290000,228790000,
4419.5,77700,4305713800,7100829500,2795115700,9895945200,271077061,94538919.5,2.4,1495.1,0,Infinity,6000,6000,417000000,69.5,"2022-12-12T13:44:00.000Z",1670852640000,69.5,69.5,69.5,100,0,0,1.4,,,0,,6000,169100,,417000000,417000000,,
4419.5,76600,4229373800,7170529500,2941155700,10111685200,271077061,94538919.5,0.4,1495.1,0,0.5,1000,-1100,-76340000,69.4,"2022-12-12T13:46:00.000Z",1670852760000,69.7,69.4,69.5,32.3,67.7,0,0.2,1.4,,2.1,2100,3100,172200,,215740000,69700000,146040000,
4419.5,85100,4819933800,7761089500,2941155700,10702245200,271077061,94538919.5,3.3,1495.1,0,Infinity,8500,8500,590560000,69.6,"2022-12-12T13:48:00.000Z",1670852880000,69.6,69.4,69.4,100,0,0,1.9,,,0,,8500,180700,,590560000,590560000,,
4419.5,85200,4826893800,7768049500,2941155700,10709205200,271077061,94538919.5,0,1495.1,0,Infinity,100,100,6959999.999999999,69.6,"2022-12-12T13:50:00.000Z",1670853000000,69.6,69.6,69.6,100,0,0,0,,,0,,100,180800,,6959999.999999999,6959999.999999999,,
4419.5,91200,5244493800,8185649500,2941155700,11126805200,271077061,94538919.5,2.4,1495.1,0,Infinity,6000,6000,417600000,69.6,"2022-12-12T14:08:00.000Z",1670854080000,69.6,69.6,69.6,100,0,0,1.4,,,0,,6000,186800,,417600000,417600000,,
4419.5,92700,5348893800,8290049500,2941155700,11231205200,271077061,94538919.5,0.6,1495.1,0,Infinity,1500,1500,104400000,69.6,"2022-12-12T14:10:00.000Z",1670854200000,69.6,69.6,69.6,100,0,0,0.3,,,0,,1500,188300,,104400000,104400000,,
4419.5,98700,5766493800,8707649500,2941155700,11648805200,271077061,94538919.5,2.4,1495.1,0,Infinity,6000,6000,417600000,69.6,"2022-12-12T14:18:00.000Z",1670854680000,69.6,69.6,69.6,100,0,0,1.4,,,0,,6000,194300,,417600000,417600000,,
4419.5,101900,5989473800,9131889500,3142415700,12274305200,271077061,94538919.5,1.3,1495.1,0,2.1,6100,3200,222979999.99999997,69.6,"2022-12-12T14:20:00.000Z",1670854800000,69.6,69.4,69.5,67.8,32.2,0,1.4,1.9,,0.5,2900,9000,203300,,625500000,424240000,201260000.00000003,
4419.5,101200,5940873800,9131889500,3191015700,12322905200,271077061,94538919.5,0.3,1495.1,0,0,,-700,-48600000,69.3,"2022-12-12T14:36:00.000Z",1670855760000,69.5,69.3,69.5,0,100,0,,0.5,,Infinity,700,700,204000,,48600000,,48600000,
4419.5,105200,6218073800,9409089500,3191015700,12600105200,271077061,94538919.5,1.6,1495.1,0,Infinity,4000,4000,277200000,69.3,"2022-12-12T14:42:00.000Z",1670856120000,69.3,69.3,69.3,100,0,0,0.9,,,0,,4000,208000,,277200000,277200000,,
4419.5,113200,6772473800,9963489500,3191015700,13154505200,271077061,94538919.5,3.1,1495.1,0,Infinity,8000,8000,554400000,69.3,"2022-12-12T14:44:00.000Z",1670856240000,69.3,69.3,69.3,100,0,0,1.8,,,0,,8000,216000,,554400000,554400000,,
4419.5,111400,6648513800,10386209500,3737695700,14123905200,271077061,94538919.5,0.7,1495.1,0,0.8,6100,-1800,-123960000,69.2,"2022-12-12T14:46:00.000Z",1670856360000,69.3,69.2,69.2,43.6,56.4,0,1.4,5.3,,1.3,7900,14000,230000,,969400000,422720000,546680000,
4419.5,116400,6995513800,10733209500,3737695700,14470905200,271077061,94538919.5,2,1495.1,0,Infinity,5000,5000,347000000,69.4,"2022-12-12T14:48:00.000Z",1670856480000,69.4,69.4,69.4,100,0,0,1.1,,,0,,5000,235000,,347000000,347000000,,
4419.5,116900,7030163800,10767859500,3737695700,14505555200,271077061,94538919.5,0.2,1495.1,0,Infinity,500,500,34650000,69.3,"2022-12-12T14:52:00.000Z",1670856720000,69.3,69.3,69.3,100,0,0,0.1,,,0,,500,235500,,34650000,34650000,,
4419.5,118900,7168563800,11044659500,3876095700,14920755200,271077061,94538919.5,0.8,1495.1,0,2,4000,2000,138400000,69.2,"2022-12-12T14:56:00.000Z",1670856960000,69.2,69.2,69.2,66.7,33.3,0,0.9,1.3,,0.5,2000,6000,241500,,415200000,276800000,138400000,
4419.5,119900,7238063800,11114159500,3876095700,14990255200,271077061,94538919.5,0.4,1495.1,0,Infinity,1000,1000,69500000,69.5,"2022-12-12T14:58:00.000Z",1670857080000,69.5,69.5,69.5,100,0,0,0.2,,,0,,1000,242500,,69500000,69500000,,
