"abu","acum_busd","acum_busd_val","acum_val_bu","acum_val_sd","acum_val","avg_val_bu","avg_val_sd","rbusd","asd","auk","bs","bu","bu-sd","bu-sd_val","c","date","datetime","h","l","o","pbu","psd","puk","rbu","rsd","ruk","sb","sd","sum_vol","total_vol","uk","val","val_bu","val_sd","val_uk"
836.4,200,3379999.9999999995,3379999.9999999995,0,3379999.9999999995,10994063.6,8803734.5,1.5,640,100,Infinity,200,200,3379999.9999999995,16.9,"2022-12-12T09:14:00.000Z",1670836440000,16.9,16.9,16.9,100,0,0,0.2,,,0,,200,200,,3379999.9999999995,3379999.9999999995,,
836.4,-400,-6760000,3379999.9999999995,10140000,13520000,10994063.6,8803734.5,4.6,640,100,0,,-600,-10140000,16.9,"2022-12-12T09:18:00.000Z",1670836680000,16.9,16.9,16.9,0,100,0,,0.9,,Infinity,600,600,800,,10140000,,10140000,
836.4,-2800,-46670000,3379999.9999999995,50050000,53430000,10994063.6,8803734.5,18.2,640,100,0,,-2400,-39910000,16.55,"2022-12-12T09:20:00.000Z",1670836800000,16.9,16.55,16.9,0,100,0,,3.8,,Infinity,2400,2400,2900,,39910000,,39910000,
836.4,-4400,-73090000,3379999.9999999995,76470000,79850000,10994063.6,8803734.5,12.1,640,100,0,,-1600,-26420000,16.4,"2022-12-12T09:22:00.000Z",1670836920000,16.55,16.4,16.55,0,100,0,,2.5,,Infinity,1600,1600,4800,,26420000,,26420000,
836.4,-4600,-76410000,3379999.9999999995,79790000,83170000,10994063.6,8803734.5,1.5,640,100,0,,-200,-3320000.0000000005,16.6,"2022-12-12T09:36:00.000Z",1670837760000,16.6,16.6,16.6,0,100,0,,0.3,,Infinity,200,200,5000,,3320000.0000000005,,3320000.0000000005,
836.4,-5900,-97990000,3379999.9999999995,101370000,104750000,10994063.6,8803734.5,9.9,640,100,0,,-1300,-21580000,16.6,"2022-12-12T09:38:00.000Z",1670837880000,16.6,16.6,16.6,0,100,0,,2,,Infinity,1300,1300,6300,,21580000,,21580000,
836.4,-6100,-101310000,3379999.9999999995,104690000,108070000,10994063.6,8803734.5,1.5,640,100,0,,-200,-3320000.0000000005,16.6,"2022-12-12T09:44:00.000Z",1670838240000,16.6,16.6,16.6,0,100,0,,0.3,,Infinity,200,200,6500,,3320000.0000000005,,3320000.0000000005,
836.4,-5100,-84410000,20280000,104690000,124970000,10994063.6,8803734.5,7.7,640,100,Infinity,1000,1000,16900000,16.9,"2022-12-12T09:48:00.000Z",1670838480000,16.9,16.9,16.9,100,0,0,1.2,,,0,,1000,7500,,16900000,16900000,,
836.4,-5000,-82645000,38915000,121560000,160475000,10994063.6,8803734.5,0.8,640,100,1.1,1100,100,1765000,16.6,"2022-12-12T09:50:00.000Z",1670838600000,16.95,16.6,16.9,52.4,47.6,0,1.3,1.6,,0.9,1000,2100,9600,,35505000,18635000,16870000,
836.4,-3900,-64000000,57560000,121560000,179120000,10994063.6,8803734.5,8.5,640,100,Infinity,1100,1100,18645000,16.95,"2022-12-12T09:52:00.000Z",1670838720000,16.95,16.95,16.95,100,0,0,1.3,,,0,,1100,10700,,18645000,18645000,,
836.4,-2800,-45355000,76205000,121560000,197765000,10994063.6,8803734.5,8.5,640,100,Infinity,1100,1100,18645000,16.95,"2022-12-12T09:54:00.000Z",1670838840000,16.95,16.95,16.95,100,0,0,1.3,,,0,,1100,11800,,18645000,18645000,,
836.4,-2700,-43665000,77895000,121560000,207905000,10994063.6,8803734.5,0.8,640,100,Infinity,100,100,1689999.9999999998,16.9,"2022-12-12T09:56:00.000Z",1670838960000,16.9,16.9,16.9,16.7,0,83.3,0.1,,5,0,,600,12400,500,10140000,1689999.9999999998,,8450000
836.4,-3200,-52115000,81275000,133390000,223115000,10994063.6,8803734.5,3.9,640,100,0.3,200,-500,-8449999.999999998,16.9,"2022-12-12T09:58:00.000Z",1670839080000,16.9,16.9,16.9,22.2,77.8,0,0.2,1.1,,3.5,700,900,13300,,15209999.999999998,3379999.9999999995,11829999.999999998,
836.4,-700,-9740000,123650000,133390000,265490000,10994063.6,8803734.5,19.3,640,100,Infinity,2500,2500,42375000,16.95,"2022-12-12T10:00:00.000Z",1670839200000,16.95,16.95,16.95,100,0,0,3,,,0,,2500,15800,,42375000,42375000,,
836.4,-700,-9720000,125340000,135060000,268850000,10994063.6,8803734.5,0,640,100,1,100,0,19999.999999999767,16.9,"2022-12-12T10:04:00.000Z",1670839440000,16.9,16.7,16.7,50,50,0,0.1,0.2,,1,100,200,16000,,3360000,1689999.9999999998,1670000,
836.4,-600,-8030000,127030000,135060000,270540000,10994063.6,8803734.5,0.8,640,100,Infinity,100,100,1689999.9999999998,16.9,"2022-12-12T10:06:00.000Z",1670839560000,16.9,16.9,16.9,100,0,0,0.1,,,0,,100,16100,,1689999.9999999998,1689999.9999999998,,
836.4,11400,37893100,172953100,135060000,316463100,10994063.6,8803734.5,21,640,100,Infinity,12000,12000,45923100,17,"2022-12-12T10:08:00.000Z",1670839680000,17,16.95,16.95,100,0,0,14.3,,,0,,12000,28100,,45923100,45923100,,
836.4,14200,72006700,207066700,135060000,350576700,10994063.6,8803734.5,15.6,640,100,Infinity,2800,2800,34113600,17.05,"2022-12-12T10:10:00.000Z",1670839800000,17.05,17,17,100,0,0,3.3,,,0,,2800,30900,,34113600,34113600,,
836.4,13700,63481700,207066700,143585000,359101700,10994063.6,8803734.5,3.9,640,100,0,,-500,-8525000,17.05,"2022-12-12T10:12:00.000Z",1670839920000,17.05,17.05,17.05,0,100,0,,0.8,,Infinity,500,500,31400,,8525000,,8525000,
836.4,15100,87421700,231006700,143585000,383041700,10994063.6,8803734.5,10.9,640,100,Infinity,1400,1400,23940000,17.1,"2022-12-12T10:14:00.000Z",1670840040000,17.1,17.1,17.1,100,0,0,1.7,,,0,,1400,32800,,23940000,23940000,,
836.4,15000,85711700,231006700,145295000,384751700,10994063.6,8803734.5,0.8,640,100,0,,-100,-1710000.0000000002,17.1,"2022-12-12T10:16:00.000Z",1670840160000,17.1,17.1,17.1,0,100,0,,0.2,,Infinity,100,100,32900,,1710000.0000000002,,1710000.0000000002,
836.4,14500,77161700,231006700,153845000,393301700,10994063.6,8803734.5,3.9,640,100,0,,-500,-8550000,17.1,"2022-12-12T10:18:00.000Z",1670840280000,17.1,17.1,17.1,0,100,0,,0.8,,Infinity,500,500,33400,,8550000,,8550000,
836.4,14400,77160000,231006700,153846700,393303400,10994063.6,8803734.5,0,640,100,0,,-100,-1700,17,"2022-12-12T10:20:00.000Z",1670840400000,17,17,17,0,100,0,,0.2,,Infinity,100,100,33500,,1700,,1700,
836.4,14500,78880000,232726700,153846700,395023400,10994063.6,8803734.5,0.8,640,100,Infinity,100,100,1720000,17.2,"2022-12-12T10:30:00.000Z",1670841000000,17.2,17.2,17.2,100,0,0,0.1,,,0,,100,33600,,1720000,1720000,,
836.4,16600,115000000,268846700,153846700,431143400,10994063.6,8803734.5,16.5,640,100,Infinity,2100,2100,36120000,17.2,"2022-12-12T10:32:00.000Z",1670841120000,17.2,17.2,17.2,100,0,0,2.5,,,0,,2100,35700,,36120000,36120000,,
836.4,17600,132300000,286146700,153846700,448443400,10994063.6,8803734.5,7.9,640,100,Infinity,1000,1000,17300000,17.3,"2022-12-12T10:34:00.000Z",1670841240000,17.3,17.3,17.3,100,0,0,1.2,,,0,,1000,36700,,17300000,17300000,,
836.4,19300,161710000,320716700,159006700,488173400,10994063.6,8803734.5,13.4,640,100,6.7,2000,1700,29410000,17.3,"2022-12-12T10:36:00.000Z",1670841360000,17.3,17.2,17.2,87,13,0,2.4,0.5,,0.2,300,2300,39000,,39730000,34570000,5160000,
836.4,22900,223990000,382996700,159006700,550453400,10994063.6,8803734.5,28.4,640,100,Infinity,3600,3600,62280000,17.3,"2022-12-12T10:38:00.000Z",1670841480000,17.3,17.3,17.3,100,0,0,4.3,,,0,,3600,42600,,62280000,62280000,,
836.4,23200,229180000,388186700,159006700,555643400,10994063.6,8803734.5,2.4,640,100,Infinity,300,300,5190000,17.3,"2022-12-12T10:42:00.000Z",1670841720000,17.3,17.3,17.3,100,0,0,0.4,,,0,,300,42900,,5190000,5190000,,
836.4,22900,224035000,388186700,164151700,560788400,10994063.6,8803734.5,2.3,640,100,0,,-300,-5145000,17.15,"2022-12-12T10:48:00.000Z",1670842080000,17.15,17.15,17.15,0,100,0,,0.5,,Infinity,300,300,43200,,5145000,,5145000,
836.4,22800,222325000,388186700,165861700,562498400,10994063.6,8803734.5,0.8,640,100,0,,-100,-1710000.0000000002,17.1,"2022-12-12T10:50:00.000Z",1670842200000,17.1,17.1,17.1,0,100,0,,0.2,,Infinity,100,100,43300,,1710000.0000000002,,1710000.0000000002,
836.4,26000,277205000,443066700,165861700,617378400,10994063.6,8803734.5,25.1,640,100,Infinity,3200,3200,54879999.99999999,17.15,"2022-12-12T10:54:00.000Z",1670842440000,17.15,17.15,17.15,100,0,0,3.8,,,0,,3200,46500,,54879999.99999999,54879999.99999999,,
836.4,25000,260090000,443066700,182976700,634493400,10994063.6,8803734.5,7.8,640,100,0,,-1000,-17115000,17.1,"2022-12-12T11:04:00.000Z",1670843040000,17.15,17.1,17.15,0,100,0,,1.6,,Infinity,1000,1000,47500,,17115000,,17115000,
836.4,24900,258380000,443066700,184686700,636203400,10994063.6,8803734.5,0.8,640,100,0,,-100,-1710000.0000000002,17.1,"2022-12-12T11:06:00.000Z",1670843160000,17.1,17.1,17.1,0,100,0,,0.2,,Infinity,100,100,47600,,1710000.0000000002,,1710000.0000000002,
836.4,24700,254960000,443066700,188106700,639623400,10994063.6,8803734.5,1.6,640,100,0,,-200,-3420000.0000000005,17.1,"2022-12-12T11:12:00.000Z",1670843520000,17.1,17.1,17.1,0,100,0,,0.3,,Infinity,200,200,47800,,3420000.0000000005,,3420000.0000000005,
836.4,28400,318785000,508596700,189811700,706858400,10994063.6,8803734.5,29.1,640,100,38,3800,3700,63825000,17.25,"2022-12-12T11:20:00.000Z",1670844000000,17.25,17.05,17.05,97.4,2.6,0,4.5,0.2,,0,100,3900,51700,,67235000,65530000,1705000,
836.4,22200,316976300,508596700,191620400,708667100,10994063.6,8803734.5,0.8,640,100,0,,-6200,-1808700,17,"2022-12-12T13:02:00.000Z",1670850120000,17.05,17,17.05,0,100,0,,9.7,,Infinity,6200,6200,57900,,1808700,,1808700,
836.4,22200,316976300,508596700,191620400,708752100,10994063.6,8803734.5,0,640,100,NaN,,0,0,17,"2022-12-12T13:04:00.000Z",1670850240000,17,17,17,0,0,100,,,50,NaN,,5000,62900,5000,85000,,,85000
836.4,22100,315306300,508596700,193290400,710422100,10994063.6,8803734.5,0.8,640,100,0,,-100,-1670000,16.7,"2022-12-12T13:06:00.000Z",1670850360000,16.7,16.7,16.7,0,100,0,,0.2,,Infinity,100,100,63000,,1670000,,1670000,
836.4,20100,281846300,508596700,226750400,743882100,10994063.6,8803734.5,15.3,640,100,0,,-2000,-33460000,16.65,"2022-12-12T13:16:00.000Z",1670850960000,16.8,16.65,16.8,0,100,0,,3.1,,Infinity,2000,2000,65000,,33460000,,33460000,
836.4,18100,248561300,508596700,260035400,777167100,10994063.6,8803734.5,15.2,640,100,0,,-2000,-33285000,16.6,"2022-12-12T13:18:00.000Z",1670851080000,16.7,16.6,16.7,0,100,0,,3.1,,Infinity,2000,2000,67000,,33285000,,33285000,
836.4,18000,246901300,508596700,261695400,778827100,10994063.6,8803734.5,0.8,640,100,0,,-100,-1660000.0000000002,16.6,"2022-12-12T13:20:00.000Z",1670851200000,16.6,16.6,16.6,0,100,0,,0.2,,Infinity,100,100,67100,,1660000.0000000002,,1660000.0000000002,
836.4,17900,245236300,508596700,263360400,780492100,10994063.6,8803734.5,0.8,640,100,0,,-100,-1664999.9999999998,16.65,"2022-12-12T13:36:00.000Z",1670852160000,16.65,16.65,16.65,0,100,0,,0.2,,Infinity,100,100,67200,,1664999.9999999998,,1664999.9999999998,
836.4,17700,241901300,508596700,266695400,783827100,10994063.6,8803734.5,1.5,640,100,0,,-200,-3335000,16.65,"2022-12-12T13:50:00.000Z",1670853000000,16.7,16.65,16.7,0,100,0,,0.3,,Infinity,200,200,67400,,3335000,,3335000,
836.4,18100,241908100,508603500,266695400,783833900,10994063.6,8803734.5,0,640,100,Infinity,400,400,6800,17,"2022-12-12T13:56:00.000Z",1670853360000,17,17,17,100,0,0,0.5,,,0,,400,67800,,6800,6800,,
836.4,14600,183683100,508603500,324920400,842058900,10994063.6,8803734.5,26.6,640,100,0,,-3500,-58225000,16.6,"2022-12-12T14:04:00.000Z",1670853840000,16.7,16.6,16.7,0,100,0,,5.5,,Infinity,3500,3500,71300,,58225000,,58225000,
836.4,13000,157123100,508603500,351480400,868618900,10994063.6,8803734.5,12.1,640,100,0,,-1600,-26560000.000000004,16.6,"2022-12-12T14:06:00.000Z",1670853960000,16.6,16.6,16.6,0,100,0,,2.5,,Infinity,1600,1600,72900,,26560000.000000004,,26560000.000000004,
836.4,11000,123923100,508603500,384680400,901818900,10994063.6,8803734.5,15.2,640,100,0,,-2000,-33200000,16.6,"2022-12-12T14:10:00.000Z",1670854200000,16.6,16.6,16.6,0,100,0,,3.1,,Infinity,2000,2000,74900,,33200000,,33200000,
836.4,9700,102343100,508603500,406260400,923398900,10994063.6,8803734.5,9.9,640,100,0,,-1300,-21580000,16.6,"2022-12-12T14:16:00.000Z",1670854560000,16.6,16.6,16.6,0,100,0,,2,,Infinity,1300,1300,76200,,21580000,,21580000,
836.4,6600,50883099.99999999,508603500,457720400,974858900,10994063.6,8803734.5,23.5,640,100,0,,-3100,-51460000.00000001,16.6,"2022-12-12T14:20:00.000Z",1670854800000,16.6,16.6,16.6,0,100,0,,4.8,,Infinity,3100,3100,79300,,51460000.00000001,,51460000.00000001,
836.4,6500,49223099.99999999,508603500,459380400,976518900,10994063.6,8803734.5,0.8,640,100,0,,-100,-1660000.0000000002,16.6,"2022-12-12T14:22:00.000Z",1670854920000,16.6,16.6,16.6,0,100,0,,0.2,,Infinity,100,100,79400,,1660000.0000000002,,1660000.0000000002,
836.4,6400,47568099.99999999,508603500,461035400,978173900,10994063.6,8803734.5,0.8,640,100,0,,-100,-1655000,16.55,"2022-12-12T14:24:00.000Z",1670855040000,16.55,16.55,16.55,0,100,0,,0.2,,Infinity,100,100,79500,,1655000,,1655000,
836.4,5000,24398099.999999993,508603500,484205400,1001343900,10994063.6,8803734.5,10.6,640,100,0,,-1400,-23170000,16.55,"2022-12-12T14:26:00.000Z",1670855160000,16.55,16.55,16.55,0,100,0,,2.2,,Infinity,1400,1400,80900,,23170000,,23170000,
836.4,8800,87368100,571573500,484205400,1064313900,10994063.6,8803734.5,28.7,640,100,Infinity,3800,3800,62970000,16.95,"2022-12-12T14:28:00.000Z",1670855280000,16.95,16.55,16.55,100,0,0,4.5,,,0,,3800,84700,,62970000,62970000,,
836.4,10800,120468100,604673500,484205400,1097413900,10994063.6,8803734.5,15.1,640,100,Infinity,2000,2000,33100000,16.55,"2022-12-12T14:44:00.000Z",1670856240000,16.55,16.55,16.55,100,0,0,2.4,,,0,,2000,86700,,33100000,33100000,,
