"abu","acum_busd","acum_busd_val","acum_val","asd","auk","bs","bu","bu-sd","bu-sd_val","c","date","datetime","h","l","o","pbu","psd","puk","rbu","rsd","ruk","sb","sd","sum_vol","total_vol","uk","val","val_bu","val_sd","val_uk"
9789.1,-17700,-126735000,489959000,15802.2,2710.9,0,200,-17700,-126735000,7.16,"2023-01-04T09:15:00.000Z",1672823700000,7.17,7.15,7.15,0.3,26.1,73.6,0,1.1,18.6,89.5,17900,68500,68500,50400,489959000,1432000,128167000,360360000
9789.1,-800,-5231000,756801000,15802.2,2710.9,4,22600,16900,121504000,7.2,"2023-01-04T09:20:00.000Z",1672824000000,7.2,7.17,7.19,60.9,15.4,23.7,2.3,0.4,3.2,0.3,5700,37100,105600,8800,266842000,162493000,40989000,63360000
9789.1,28000,203113000,968045000,15802.2,2710.9,145,29000,28800,208344000,7.25,"2023-01-04T09:25:00.000Z",1672824300000,7.29,7.2,7.2,99.3,0.7,0,3,0,,0,200,29200,134800,,211244000,209794000,1450000,
9789.1,53300,386286000,1236518000,15802.2,2710.9,5.3,31200,25300,183173000,7.24,"2023-01-04T09:30:00.000Z",1672824600000,7.25,7.22,7.25,84.1,15.9,0,3.2,0.4,,0.2,5900,37100,171900,,268473000,225823000,42650000,
9789.1,52900,383401000,1604279000,15802.2,2710.9,1,25200,-400,-2885000,7.24,"2023-01-04T09:35:00.000Z",1672824900000,7.24,7.23,7.24,49.6,50.4,0,2.6,1.6,,1,25600,50800,222700,,367761000,182438000,185323000,
9789.1,33100,240379000,1773333000,15802.2,2710.9,0.1,1800,-19800,-143022000,7.22,"2023-01-04T09:40:00.000Z",1672825200000,7.24,7.22,7.24,7.7,92.3,0,0.2,1.4,,12,21600,23400,246100,,169054000,13016000,156038000,
9789.1,6000,45323000,2022479000,15802.2,2710.9,0.1,3600,-27100,-195056000,7.22,"2023-01-04T09:45:00.000Z",1672825500000,7.22,7.18,7.22,10.4,88.7,0.9,0.4,1.9,0.1,8.5,30700,34600,280700,300,249146000,25968000,221024000,2154000
9789.1,11000,81676000,2263342000,15802.2,2710.9,1.4,18200,5000,36353000,7.18,"2023-01-04T09:50:00.000Z",1672825800000,7.22,7.18,7.22,54.5,39.5,6,1.9,0.8,0.7,0.7,13200,33400,314100,2000,240863000,131403000,95050000,14410000
9789.1,-22300,-157328000,3009422000,15802.2,2710.9,0.5,35300,-33300,-239004000,7.15,"2023-01-04T09:55:00.000Z",1672826100000,7.21,7.15,7.19,34,66,0,3.6,4.3,,1.9,68600,103900,418000,,746080000,253538000,492542000,
9789.1,34700,251454000,3436846000,15802.2,2710.9,44.8,58300,57000,408782000,7.22,"2023-01-04T10:00:00.000Z",1672826400000,7.22,7.16,7.16,97.8,2.2,0,6,0.1,,0,1300,59600,477600,,427424000,418103000,9321000,
9789.1,37000,268104000,3487339000,15802.2,2710.9,2,4500,2300,16650000,7.22,"2023-01-04T10:05:00.000Z",1672826700000,7.22,7.2,7.22,64.3,31.4,4.3,0.5,0.1,0.1,0.5,2200,7000,484600,300,50493000,32490000,15840000,2163000
9789.1,64100,464168000,3725333000,15802.2,2710.9,10.3,30000,27100,196064000,7.23,"2023-01-04T10:10:00.000Z",1672827000000,7.25,7.22,7.23,91.2,8.8,0,3.1,0.2,,0.1,2900,32900,517500,,237994000,217029000,20965000,
9789.1,52600,381055000,3867812000,15802.2,2710.9,0.3,4100,-11500,-83113000,7.24,"2023-01-04T10:15:00.000Z",1672827300000,7.24,7.22,7.23,20.8,79.2,0,0.4,1,,3.8,15600,19700,537200,,142479000,29683000,112796000,
9789.1,22200,161743000,4111706000,15802.2,2710.9,0.1,1700,-30400,-219312000,7.21,"2023-01-04T10:20:00.000Z",1672827600000,7.23,7.21,7.23,5,95,0,0.2,2,,18.9,32100,33800,571000,,243894000,12291000,231603000,
9789.1,4000,30709000,4319166000,15802.2,2710.9,0.2,5300,-18200,-131034000,7.21,"2023-01-04T10:25:00.000Z",1672827900000,7.21,7.2,7.21,18.4,81.6,0,0.5,1.5,,4.4,23500,28800,599800,,207460000,38213000,169247000,
9789.1,-1500,-8866000,4449687000,15802.2,2710.9,0.5,6300,-5500,-39575000,7.22,"2023-01-04T10:30:00.000Z",1672828200000,7.22,7.2,7.21,34.8,65.2,0,0.6,0.7,,1.9,11800,18100,617900,,130521000,45473000,85048000,
9789.1,1700,14263000,4566636000,15802.2,2710.9,1.5,9700,3200,23129000,7.21,"2023-01-04T10:35:00.000Z",1672828500000,7.23,7.21,7.22,59.9,40.1,0,1,0.4,,0.7,6500,16200,634100,,116949000,70039000,46910000,
9789.1,-24200,-172302000,4753201000,15802.2,2710.9,0,,-25900,-186565000,7.2,"2023-01-04T10:40:00.000Z",1672828800000,7.21,7.2,7.21,0,100,0,,1.6,,Infinity,25900,25900,660000,,186565000,,186565000,
9789.1,-29600,-211181000,4793522000,15802.2,2710.9,0,100,-5400,-38879000,7.2,"2023-01-04T10:45:00.000Z",1672829100000,7.21,7.2,7.2,1.8,98.2,0,0,0.3,,55,5500,5600,665600,,40321000,721000,39600000,
9789.1,-31400,-224118000,4874185000,15802.2,2710.9,0.7,4700,-1800,-12937000,7.21,"2023-01-04T10:50:00.000Z",1672829400000,7.21,7.2,7.2,42,58,0,0.5,0.4,,1.4,6500,11200,676800,,80663000,33863000,46800000,
9789.1,-41500,-296822000,5001623000,15802.2,2710.9,0.3,3800,-10100,-72704000,7.19,"2023-01-04T10:55:00.000Z",1672829700000,7.22,7.19,7.21,21.5,78.5,0,0.4,0.9,,3.7,13900,17700,694500,,127438000,27367000,100071000,
9789.1,-42900,-306820000,5061294000,15802.2,2710.9,0.7,3000,-1400,-9998000,7.21,"2023-01-04T11:00:00.000Z",1672830000000,7.21,7.18,7.19,36.1,53,10.8,0.3,0.3,0.3,1.5,4400,8300,702800,900,59671000,21601000,31599000,6471000
9789.1,-36700,-261952000,5173670000,15802.2,2710.9,2.3,10900,6200,44868000,7.18,"2023-01-04T11:05:00.000Z",1672830300000,7.22,7.18,7.22,69.9,30.1,0,1.1,0.3,,0.4,4700,15600,718400,,112376000,78622000,33754000,
9789.1,-39700,-283522000,5224040000,15802.2,2710.9,0.4,2000,-3000,-21570000,7.2,"2023-01-04T11:10:00.000Z",1672830600000,7.2,7.19,7.19,28.6,71.4,0,0.2,0.3,,2.5,5000,7000,725400,,50370000,14400000,35970000,
9789.1,-43000,-307282000,5249240000,15802.2,2710.9,0,100,-3300,-23760000,7.2,"2023-01-04T11:15:00.000Z",1672830900000,7.2,7.2,7.2,2.9,97.1,0,0,0.2,,34,3400,3500,728900,,25200000,720000,24480000,
9789.1,-50000,-357613000,5420299000,15802.2,2710.9,0.5,8400,-7000,-50331000,7.19,"2023-01-04T11:20:00.000Z",1672831200000,7.2,7.18,7.19,35.3,64.7,0,0.9,1,,1.8,15400,23800,752700,,171059000,60364000,110695000,
9789.1,-42400,-303033000,5546679000,15802.2,2710.9,2.5,12600,7600,54580000,7.18,"2023-01-04T11:25:00.000Z",1672831500000,7.19,7.18,7.19,71.6,28.4,0,1.3,0.3,,0.4,5000,17600,770300,,126380000,90480000,35900000,
9789.1,-71800,-513815000,5780437000,15802.2,2710.9,0.1,1600,-29400,-210782000,7.17,"2023-01-04T13:00:00.000Z",1672837200000,7.18,7.17,7.18,4.9,95.1,0,0.2,2,,19.4,31000,32600,802900,,233758000,11488000,222270000,
9789.1,-80900,-578969000,5940103000,15802.2,2710.9,0.4,6600,-9100,-65154000,7.16,"2023-01-04T13:05:00.000Z",1672837500000,7.16,7.15,7.16,29.6,70.4,0,0.7,1,,2.4,15700,22300,825200,,159666000,47256000,112410000,
9789.1,-76600,-548051000,6003961000,15802.2,2710.9,2.9,6600,4300,30918000,7.16,"2023-01-04T13:10:00.000Z",1672837800000,7.18,7.16,7.17,74.2,25.8,0,0.7,0.1,,0.3,2300,8900,834100,,63858000,47388000,16470000,
9789.1,-103600,-741911000,6209309000,15802.2,2710.9,0,800,-27000,-193860000,7.18,"2023-01-04T13:15:00.000Z",1672838100000,7.18,7.18,7.18,2.8,97.2,0,0.1,1.8,,34.8,27800,28600,862700,,205348000,5744000,199604000,
9789.1,-170100,-1217285000,6710463000,15802.2,2710.9,0,1800,-66500,-475374000,7.13,"2023-01-04T13:20:00.000Z",1672838400000,7.18,7.13,7.16,2.6,97.4,0,0.2,4.3,,37.9,68300,70100,932800,,501154000,12890000,488264000,
9789.1,-166400,-1190957000,6895177000,15802.2,2710.9,1.3,14800,3700,26328000,7.16,"2023-01-04T13:25:00.000Z",1672838700000,7.16,7.12,7.13,57.1,42.9,0,1.5,0.7,,0.8,11100,25900,958700,,184714000,105521000,79193000,
9789.1,-176700,-1264545000,7110397000,15802.2,2710.9,0.5,9900,-10300,-73588000,7.16,"2023-01-04T13:30:00.000Z",1672839000000,7.16,7.13,7.15,32.9,67.1,0,1,1.3,,2,20200,30100,988800,,215220000,70816000,144404000,
9789.1,-172300,-1232930000,7160634000,15802.2,2710.9,4.4,5700,4400,31615000,7.17,"2023-01-04T13:35:00.000Z",1672839300000,7.18,7.16,7.16,81.4,18.6,0,0.6,0.1,,0.2,1300,7000,995800,,50237000,40926000,9311000,
9789.1,-175200,-1253684000,7181388000,15802.2,2710.9,0,,-2900,-20754000,7.15,"2023-01-04T13:40:00.000Z",1672839600000,7.16,7.15,7.16,0,100,0,,0.2,,Infinity,2900,2900,998700,,20754000,,20754000,
9789.1,-179400,-1283664000,7282968000,15802.2,2710.9,0.5,5000,-4200,-29980000,7.15,"2023-01-04T13:45:00.000Z",1672839900000,7.16,7.15,7.15,35.2,64.8,0,0.5,0.6,,1.8,9200,14200,1012900,,101580000,35800000,65780000,
9789.1,-181200,-1296532000,7311568000,15802.2,2710.9,0.4,1100,-1800,-12868000,7.14,"2023-01-04T13:50:00.000Z",1672840200000,7.16,7.14,7.15,27.5,72.5,0,0.1,0.2,,2.6,2900,4000,1016900,,28600000,7866000,20734000,
9789.1,-175100,-1252973000,7373683000,15802.2,2710.9,5.7,7400,6100,43559000,7.15,"2023-01-04T13:55:00.000Z",1672840500000,7.15,7.13,7.14,85.1,14.9,0,0.8,0.1,,0.2,1300,8700,1025600,,62115000,52837000,9278000,
9789.1,-185900,-1330000000,7584776000,15802.2,2710.9,0.5,9400,-10800,-77027000,7.13,"2023-01-04T14:00:00.000Z",1672840800000,7.14,7.13,7.14,31.8,68.2,0,1,1.3,,2.1,20200,29600,1055200,,211093000,67033000,144060000,
9789.1,-175100,-1252892000,7750420000,15802.2,2710.9,2.7,17000,10800,77108000,7.15,"2023-01-04T14:05:00.000Z",1672841100000,7.15,7.13,7.13,73.3,26.7,0,1.7,0.4,,0.4,6200,23200,1078400,,165644000,121376000,44268000,
9789.1,-188400,-1347701000,7888129000,15802.2,2710.9,0.2,3000,-13300,-94809000,7.13,"2023-01-04T14:10:00.000Z",1672841400000,7.15,7.13,7.15,15.5,84.5,0,0.3,1,,5.4,16300,19300,1097700,,137709000,21450000,116259000,
9789.1,-264300,-1887971000,8651369000,15802.2,2710.9,0.2,13800,-75900,-540270000,7.15,"2023-01-04T14:15:00.000Z",1672841700000,7.15,7.11,7.13,12.9,83.8,3.4,1.4,5.7,1.3,6.5,89700,107100,1204800,3600,763240000,98664000,638934000,25642000
9789.1,-269600,-1925837000,8733629000,15802.2,2710.9,0.4,3100,-5300,-37866000,7.17,"2023-01-04T14:20:00.000Z",1672842000000,7.17,7.15,7.15,27,73,0,0.3,0.5,,2.7,8400,11500,1216300,,82260000,22197000,60063000,
9789.1,-276600,-1975673000,8928255000,15802.2,2710.9,0.6,10100,-7000,-49836000,7.13,"2023-01-04T14:25:00.000Z",1672842300000,7.18,7.13,7.18,37.1,62.9,0,1,1.1,,1.7,17100,27200,1243500,,194626000,72395000,122231000,
9789.1,-276600,-1975673000,9343479000,15802.2,2710.9,NaN,,0,0,7.11,"2023-01-04T14:45:00.000Z",1672843500000,7.11,7.11,7.11,0,0,100,,,21.5,NaN,,58400,1301900,58400,415224000,,,415224000
