"abu","acum_busd","acum_busd_val","acum_val","asd","auk","bs","bu","bu-sd","bu-sd_val","c","date","datetime","h","l","o","pbu","psd","puk","rbu","rsd","ruk","sb","sd","sum_vol","total_vol","uk","val","val_bu","val_sd","val_uk"
664.4,6500,477750000,477750000,1542.5,240.2,Infinity,6500,6500,477750000,73.5,"2023-01-04T09:14:00.000Z",1672823640000,73.5,73.5,73.5,100,0,0,9.8,,,0,,6500,6500,,477750000,477750000,,
664.4,9100,668760000,668760000,1542.5,240.2,Infinity,2600,2600,191010000,73.5,"2023-01-04T09:16:00.000Z",1672823760000,73.5,73.4,73.4,100,0,0,3.9,,,0,,2600,9100,,191010000,191010000,,
664.4,8900,654160000,683360000,1542.5,240.2,0,,-200,-14600000,73,"2023-01-04T09:24:00.000Z",1672824240000,73,73,73,0,100,0,,0.1,,Infinity,200,200,9300,,14600000,,14600000,
664.4,9500,698030000,778090000,1542.5,240.2,3,900,600,43870000,72.6,"2023-01-04T09:26:00.000Z",1672824360000,73,72.6,72.9,69.2,23.1,7.7,1.4,0.2,0.4,0.3,300,1300,10600,100,94730000,65650000,21779999.999999996,7300000
664.4,9600,705310000,792650000,1542.5,240.2,Infinity,100,100,7280000,72.8,"2023-01-04T09:30:00.000Z",1672824600000,72.8,72.8,72.8,50,0,50,0.2,,0.4,0,,200,10800,100,14560000,7280000,,7280000
664.4,9600,705370000,807250000,1542.5,240.2,1,100,0,60000,72.7,"2023-01-04T09:32:00.000Z",1672824720000,73.3,72.7,73.3,50,50,0,0.2,0.1,,1,100,200,11000,,14600000,7330000,7270000,
664.4,14200,1042700000,1217280000,1542.5,240.2,10.2,5100,4600,337330000,73.3,"2023-01-04T09:34:00.000Z",1672824840000,73.3,72.7,72.7,91.1,8.9,0,7.7,0.3,,0.1,500,5600,16600,,410030000,373680000,36350000,
664.4,14300,1050020000,1224600000,1542.5,240.2,Infinity,100,100,7320000,73.2,"2023-01-04T09:38:00.000Z",1672825080000,73.2,73.2,73.2,100,0,0,0.2,,,0,,100,16700,,7320000,7320000,,
664.4,14100,1035460000,1239160000,1542.5,240.2,0,,-200,-14560000,72.8,"2023-01-04T09:40:00.000Z",1672825200000,72.8,72.8,72.8,0,100,0,,0.1,,Infinity,200,200,16900,,14560000,,14560000,
664.4,15800,1159220000,1362920000,1542.5,240.2,Infinity,1700,1700,123760000,72.8,"2023-01-04T09:42:00.000Z",1672825320000,72.8,72.8,72.8,100,0,0,2.6,,,0,,1700,18600,,123760000,123760000,,
664.4,16600,1217620000,1465120000,1542.5,240.2,3.7,1100,800,58400000,73,"2023-01-04T09:44:00.000Z",1672825440000,73,73,73,78.6,21.4,0,1.7,0.2,,0.3,300,1400,20000,,102200000,80300000,21900000,
664.4,13300,976720000,1706020000,1542.5,240.2,0,,-3300,-240900000,73,"2023-01-04T09:46:00.000Z",1672825560000,73,73,73,0,100,0,,2.1,,Infinity,3300,3300,23300,,240900000,,240900000,
664.4,12800,940270000,1742470000,1542.5,240.2,0,,-500,-36450000,72.9,"2023-01-04T09:48:00.000Z",1672825680000,72.9,72.9,72.9,0,100,0,,0.3,,Infinity,500,500,23800,,36450000,,36450000,
664.4,14000,1027920000,1903020000,1542.5,240.2,3.4,1700,1200,87650000,73,"2023-01-04T09:50:00.000Z",1672825800000,73,72.9,72.9,77.3,22.7,0,2.6,0.3,,0.3,500,2200,26000,,160550000,124100000,36450000,
664.4,13500,991470000,1939470000,1542.5,240.2,0,,-500,-36450000,72.9,"2023-01-04T09:52:00.000Z",1672825920000,72.9,72.9,72.9,0,100,0,,0.3,,Infinity,500,500,26500,,36450000,,36450000,
664.4,10200,750900000,2180040000,1542.5,240.2,0,,-3300,-240570000,72.9,"2023-01-04T09:54:00.000Z",1672826040000,72.9,72.9,72.9,0,100,0,,2.1,,Infinity,3300,3300,29800,,240570000,,240570000,
664.4,8600,634260000,2296680000,1542.5,240.2,0,,-1600,-116640000,72.9,"2023-01-04T09:58:00.000Z",1672826280000,72.9,72.9,72.9,0,100,0,,1,,Infinity,1600,1600,31400,,116640000,,116640000,
664.4,8100,597810000,2333130000,1542.5,240.2,0,,-500,-36450000.00000001,72.9,"2023-01-04T10:00:00.000Z",1672826400000,72.9,72.9,72.9,0,100,0,,0.3,,Infinity,500,500,31900,,36450000.00000001,,36450000.00000001,
664.4,8200,605110000,2340430000,1542.5,240.2,Infinity,100,100,7300000,73,"2023-01-04T10:02:00.000Z",1672826520000,73,73,73,100,0,0,0.2,,,0,,100,32000,,7300000,7300000,,
664.4,9800,721910000,2457230000,1542.5,240.2,Infinity,1600,1600,116800000,73,"2023-01-04T10:04:00.000Z",1672826640000,73,73,73,100,0,0,2.4,,,0,,1600,33600,,116800000,116800000,,
664.4,7000,518060000,2661080000,1542.5,240.2,0,,-2800,-203850000,72.8,"2023-01-04T10:06:00.000Z",1672826760000,72.9,72.8,72.9,0,100,0,,1.8,,Infinity,2800,2800,36400,,203850000,,203850000,
664.4,7200,532660000,2675680000,1542.5,240.2,Infinity,200,200,14600000,73,"2023-01-04T10:08:00.000Z",1672826880000,73,73,73,100,0,0,0.3,,,0,,200,36600,,14600000,14600000,,
664.4,7300,539950000,2682970000,1542.5,240.2,Infinity,100,100,7290000.000000001,72.9,"2023-01-04T10:10:00.000Z",1672827000000,72.9,72.9,72.9,100,0,0,0.2,,,0,,100,36700,,7290000.000000001,7290000.000000001,,
664.4,6800,503550000,2719370000,1542.5,240.2,0,,-500,-36400000,72.8,"2023-01-04T10:14:00.000Z",1672827240000,72.8,72.8,72.8,0,100,0,,0.3,,Infinity,500,500,37200,,36400000,,36400000,
664.4,3800,285370000,2937550000,1542.5,240.2,0,,-3000,-218180000,72.7,"2023-01-04T10:16:00.000Z",1672827360000,72.8,72.7,72.8,0,100,0,,1.9,,Infinity,3000,3000,40200,,218180000,,218180000,
664.4,1800,139970000,3082950000,1542.5,240.2,0,,-2000,-145400000,72.7,"2023-01-04T10:18:00.000Z",1672827480000,72.7,72.7,72.7,0,100,0,,1.3,,Infinity,2000,2000,42200,,145400000,,145400000,
664.4,800,67170000,3155750000,1542.5,240.2,0,,-1000,-72800000,72.8,"2023-01-04T10:22:00.000Z",1672827720000,72.8,72.8,72.8,0,100,0,,0.6,,Infinity,1000,1000,43200,,72800000,,72800000,
664.4,900,74450000,3163030000,1542.5,240.2,Infinity,100,100,7280000,72.8,"2023-01-04T10:28:00.000Z",1672828080000,72.8,72.8,72.8,100,0,0,0.2,,,0,,100,43300,,7280000,7280000,,
664.4,-1100,-70860000,3308340000,1542.5,240.2,0,,-2000,-145310000,72.6,"2023-01-04T10:30:00.000Z",1672828200000,72.7,72.6,72.7,0,100,0,,1.3,,Infinity,2000,2000,45300,,145310000,,145310000,
664.4,-1200,-78130000,3315610000,1542.5,240.2,0,,-100,-7270000,72.7,"2023-01-04T10:32:00.000Z",1672828320000,72.7,72.7,72.7,0,100,0,,0.1,,Infinity,100,100,45400,,7270000,,7270000,
664.4,-1300,-85400000,3322880000,1542.5,240.2,0,,-100,-7270000,72.7,"2023-01-04T10:34:00.000Z",1672828440000,72.7,72.7,72.7,0,100,0,,0.1,,Infinity,100,100,45500,,7270000,,7270000,
664.4,-1300,-85250000,3468330000,1542.5,240.2,1,1000,0,150000,72.8,"2023-01-04T10:36:00.000Z",1672828560000,72.8,72.6,72.7,50,50,0,1.5,0.6,,1,1000,2000,47500,,145450000,72800000,72650000,
664.4,-700,-41570000,3512010000,1542.5,240.2,Infinity,600,600,43680000,72.8,"2023-01-04T10:38:00.000Z",1672828680000,72.8,72.8,72.8,100,0,0,0.9,,,0,,600,48100,,43680000,43680000,,
664.4,-300,-12450000,3541130000,1542.5,240.2,Infinity,400,400,29120000,72.8,"2023-01-04T10:40:00.000Z",1672828800000,72.8,72.8,72.8,100,0,0,0.6,,,0,,400,48500,,29120000,29120000,,
664.4,-2700,-186720000,3715400000,1542.5,240.2,0,,-2400,-174270000,72.6,"2023-01-04T10:44:00.000Z",1672829040000,72.7,72.6,72.7,0,100,0,,1.6,,Infinity,2400,2400,50900,,174270000,,174270000,
664.4,-4600,-324640000,3867880000,1542.5,240.2,0.1,100,-1900,-137920000,72.8,"2023-01-04T10:46:00.000Z",1672829160000,72.8,72.6,72.6,4.8,95.2,0,0.2,1.3,,20,2000,2100,53000,,152480000,7280000,145200000,
664.4,-6600,-469890000,4013130000,1542.5,240.2,0,,-2000,-145250000,72.6,"2023-01-04T10:48:00.000Z",1672829280000,72.7,72.6,72.6,0,100,0,,1.3,,Infinity,2000,2000,55000,,145250000,,145250000,
664.4,-6500,-462610000,4020410000,1542.5,240.2,Infinity,100,100,7280000,72.8,"2023-01-04T10:50:00.000Z",1672829400000,72.8,72.8,72.8,100,0,0,0.2,,,0,,100,55100,,7280000,7280000,,
664.4,-7400,-528050000,4100430000,1542.5,240.2,0.1,100,-900,-65440000,72.7,"2023-01-04T10:54:00.000Z",1672829640000,72.9,72.7,72.9,9.1,90.9,0,0.2,0.6,,10,1000,1100,56200,,80020000,7290000.000000001,72730000,
664.4,-8400,-600750000,4173130000,1542.5,240.2,0,,-1000,-72700000,72.7,"2023-01-04T10:56:00.000Z",1672829760000,72.7,72.7,72.7,0,100,0,,0.6,,Infinity,1000,1000,57200,,72700000,,72700000,
664.4,-10400,-746150000,4318530000,1542.5,240.2,0,,-2000,-145400000,72.7,"2023-01-04T10:58:00.000Z",1672829880000,72.7,72.7,72.7,0,100,0,,1.3,,Infinity,2000,2000,59200,,145400000,,145400000,
664.4,-11500,-826120000,4398500000,1542.5,240.2,0,,-1100,-79970000,72.7,"2023-01-04T11:00:00.000Z",1672830000000,72.7,72.7,72.7,0,100,0,,0.7,,Infinity,1100,1100,60300,,79970000,,79970000,
664.4,-13000,-935170000,4507550000,1542.5,240.2,0,,-1500,-109050000,72.7,"2023-01-04T11:02:00.000Z",1672830120000,72.7,72.7,72.7,0,100,0,,1,,Infinity,1500,1500,61800,,109050000,,109050000,
664.4,-14000,-1007870000,4580250000,1542.5,240.2,0,,-1000,-72700000,72.7,"2023-01-04T11:06:00.000Z",1672830360000,72.7,72.7,72.7,0,100,0,,0.6,,Infinity,1000,1000,62800,,72700000,,72700000,
664.4,-14100,-1015130000,4652940000,1542.5,240.2,0,,-100,-7259999.999999999,72.6,"2023-01-04T11:10:00.000Z",1672830600000,72.7,72.6,72.7,0,10,90,,0.1,3.7,Infinity,100,1000,63800,900,72690000,,7259999.999999999,65430000
664.4,-15100,-1087730000,4725540000,1542.5,240.2,0,,-1000,-72600000,72.6,"2023-01-04T11:12:00.000Z",1672830720000,72.6,72.6,72.6,0,100,0,,0.6,,Infinity,1000,1000,64800,,72600000,,72600000,
664.4,-16100,-1160330000,4798140000,1542.5,240.2,0,,-1000,-72600000,72.6,"2023-01-04T11:14:00.000Z",1672830840000,72.6,72.6,72.6,0,100,0,,0.6,,Infinity,1000,1000,65800,,72600000,,72600000,
664.4,-19900,-1436210000,5074020000,1542.5,240.2,0,,-3800,-275880000,72.6,"2023-01-04T11:16:00.000Z",1672830960000,72.6,72.6,72.6,0,100,0,,2.5,,Infinity,3800,3800,69600,,275880000,,275880000,
664.4,-19100,-1377610000,5278020000,1542.5,240.2,1.8,1800,800,58600000,73,"2023-01-04T11:18:00.000Z",1672831080000,73,72.7,72.7,64.3,35.7,0,2.7,0.6,,0.6,1000,2800,72400,,204000000,131300000,72700000,
664.4,-21100,-1522870000,5423280000,1542.5,240.2,0,,-2000,-145260000,72.6,"2023-01-04T11:20:00.000Z",1672831200000,72.7,72.6,72.7,0,100,0,,1.3,,Infinity,2000,2000,74400,,145260000,,145260000,
664.4,-23400,-1689850000,5590260000,1542.5,240.2,0,,-2300,-166980000,72.6,"2023-01-04T11:22:00.000Z",1672831320000,72.6,72.6,72.6,0,100,0,,1.5,,Infinity,2300,2300,76700,,166980000,,166980000,
664.4,-23000,-1660810000,5619300000,1542.5,240.2,Infinity,400,400,29039999.999999996,72.6,"2023-01-04T11:24:00.000Z",1672831440000,72.6,72.6,72.6,100,0,0,0.6,,,0,,400,77100,,29039999.999999996,29039999.999999996,,
664.4,-22400,-1617250000,5662860000,1542.5,240.2,Infinity,600,600,43560000,72.6,"2023-01-04T11:26:00.000Z",1672831560000,72.6,72.6,72.6,100,0,0,0.9,,,0,,600,77700,,43560000,43560000,,
664.4,-21300,-1537360000,5742750000,1542.5,240.2,Infinity,1100,1100,79890000,72.9,"2023-01-04T11:28:00.000Z",1672831680000,72.9,72.6,72.6,100,0,0,1.7,,,0,,1100,78800,,79890000,79890000,,
664.4,-21200,-1530080000,5750030000,1542.5,240.2,Infinity,100,100,7280000,72.8,"2023-01-04T13:06:00.000Z",1672837560000,72.8,72.8,72.8,100,0,0,0.2,,,0,,100,78900,,7280000,7280000,,
664.4,-20800,-1500960000,5779150000,1542.5,240.2,Infinity,400,400,29120000,72.8,"2023-01-04T13:08:00.000Z",1672837680000,72.8,72.8,72.8,100,0,0,0.6,,,0,,400,79300,,29120000,29120000,,
664.4,-22800,-1646160000,5924350000,1542.5,240.2,0,,-2000,-145200000,72.6,"2023-01-04T13:10:00.000Z",1672837800000,72.6,72.6,72.6,0,100,0,,1.3,,Infinity,2000,2000,81300,,145200000,,145200000,
664.4,-27800,-2009260000,6287450000,1542.5,240.2,0,,-5000,-363100000,72.6,"2023-01-04T13:14:00.000Z",1672838040000,72.7,72.6,72.7,0,100,0,,3.2,,Infinity,5000,5000,86300,,363100000,,363100000,
664.4,-27900,-2016520000,6294710000,1542.5,240.2,0,,-100,-7259999.999999999,72.6,"2023-01-04T13:16:00.000Z",1672838160000,72.6,72.6,72.6,0,100,0,,0.1,,Infinity,100,100,86400,,7259999.999999999,,7259999.999999999,
664.4,-30900,-2234320000,6512510000,1542.5,240.2,0,,-3000,-217800000,72.6,"2023-01-04T13:18:00.000Z",1672838280000,72.6,72.6,72.6,0,100,0,,1.9,,Infinity,3000,3000,89400,,217800000,,217800000,
664.4,-31300,-2263360000,6541550000,1542.5,240.2,0,,-400,-29040000,72.6,"2023-01-04T13:20:00.000Z",1672838400000,72.6,72.6,72.6,0,100,0,,0.3,,Infinity,400,400,89800,,29040000,,29040000,
664.4,-76500,-5539730000,9861540000,1542.5,240.2,0,300,-45200,-3276370000,72.3,"2023-01-04T13:22:00.000Z",1672838520000,72.7,72.3,72.7,0.7,99.3,0,0.5,29.5,,151.7,45500,45800,135600,,3319990000,21810000,3298180000,
664.4,-78300,-5669680000,10005950000,1542.5,240.2,0.1,100,-1800,-129950000,72.2,"2023-01-04T13:26:00.000Z",1672838760000,72.3,72.2,72.3,5,95,0,0.2,1.2,,19,1900,2000,137600,,144410000,7230000,137180000,
664.4,-75200,-5444630000,10245480000,1542.5,240.2,32,3200,3100,225050000,72.6,"2023-01-04T13:28:00.000Z",1672838880000,72.6,72.4,72.4,97,3,0,4.8,0.1,,0,100,3300,140900,,239530000,232290000,7240000.000000001,
664.4,-71900,-5205050000,10485060000,1542.5,240.2,Infinity,3300,3300,239580000,72.6,"2023-01-04T13:30:00.000Z",1672839000000,72.6,72.6,72.6,100,0,0,5,,,0,,3300,144200,,239580000,239580000,,
664.4,-71500,-5176010000,10514100000,1542.5,240.2,Infinity,400,400,29039999.999999996,72.6,"2023-01-04T13:32:00.000Z",1672839120000,72.6,72.6,72.6,100,0,0,0.6,,,0,,400,144600,,29039999.999999996,29039999.999999996,,
664.4,-68900,-4987250000,10891620000,1542.5,240.2,Infinity,2600,2600,188759999.99999997,72.6,"2023-01-04T13:34:00.000Z",1672839240000,72.6,72.6,72.6,50,0,50,3.9,,10.8,0,,5200,149800,2600,377519999.99999994,188759999.99999997,,188760000
664.4,-69100,-5001770000,10920660000,1542.5,240.2,0.3,100,-200,-14519999.999999996,72.6,"2023-01-04T13:44:00.000Z",1672839840000,72.6,72.6,72.6,25,75,0,0.2,0.2,,3,300,400,150200,,29039999.999999996,7259999.999999999,21779999.999999996,
664.4,-70300,-5088890000,11007780000,1542.5,240.2,0,,-1200,-87120000,72.6,"2023-01-04T13:48:00.000Z",1672840080000,72.6,72.6,72.6,0,100,0,,0.8,,Infinity,1200,1200,151400,,87120000,,87120000,
664.4,-76100,-5509390000,11442780000,1542.5,240.2,0,100,-5800,-420500000,72.5,"2023-01-04T13:50:00.000Z",1672840200000,72.5,72.5,72.5,1.7,98.3,0,0.2,3.8,,59,5900,6000,157400,,435000000,7250000,427750000,
664.4,-75800,-5487610000,11464560000,1542.5,240.2,Infinity,300,300,21779999.999999996,72.6,"2023-01-04T13:54:00.000Z",1672840440000,72.6,72.6,72.6,100,0,0,0.5,,,0,,300,157700,,21779999.999999996,21779999.999999996,,
664.4,-74700,-5407750000,11544420000,1542.5,240.2,Infinity,1100,1100,79860000,72.6,"2023-01-04T13:56:00.000Z",1672840560000,72.6,72.6,72.6,100,0,0,1.7,,,0,,1100,158800,,79860000,79860000,,
664.4,-75700,-5480250000,11616920000,1542.5,240.2,0,,-1000,-72500000,72.5,"2023-01-04T13:58:00.000Z",1672840680000,72.5,72.5,72.5,0,100,0,,0.6,,Infinity,1000,1000,159800,,72500000,,72500000,
664.4,-79800,-5777500000,11914170000,1542.5,240.2,0,,-4100,-297250000,72.5,"2023-01-04T14:00:00.000Z",1672840800000,72.5,72.5,72.5,0,100,0,,2.7,,Infinity,4100,4100,163900,,297250000,,297250000,
664.4,-80600,-5835360000,12059030000,1542.5,240.2,0.4,600,-800,-57860000.000000015,72.5,"2023-01-04T14:02:00.000Z",1672840920000,72.5,72.4,72.4,30,70,0,0.9,0.9,,2.3,1400,2000,165900,,144860000,43500000,101360000.00000001,
664.4,-82700,-5987610000,12356280000,1542.5,240.2,0.3,1000,-2100,-152250000,72.5,"2023-01-04T14:04:00.000Z",1672841040000,72.5,72.5,72.5,24.4,75.6,0,1.5,2,,3.1,3100,4100,170000,,297250000,72500000,224750000,
664.4,-88900,-6437010000,12820180000,1542.5,240.2,0,100,-6200,-449400000,72.4,"2023-01-04T14:06:00.000Z",1672841160000,72.5,72.4,72.5,1.6,98.4,0,0.2,4.1,,63,6300,6400,176400,,463900000,7250000,456650000,
664.4,-90800,-6574760000,12957930000,1542.5,240.2,0,,-1900,-137750000,72.5,"2023-01-04T14:10:00.000Z",1672841400000,72.5,72.5,72.5,0,100,0,,1.2,,Infinity,1900,1900,178300,,137750000,,137750000,
664.4,-90900,-6582000000,12979690000,1542.5,240.2,0.5,100,-100,-7240000.000000001,72.6,"2023-01-04T14:12:00.000Z",1672841520000,72.6,72.5,72.5,33.3,66.7,0,0.2,0.1,,2,200,300,178600,,21760000,7259999.999999999,14500000,
664.4,-91700,-6640070000,13081320000,1542.5,240.2,0.3,300,-800,-58070000,72.6,"2023-01-04T14:16:00.000Z",1672841760000,72.6,72.5,72.5,21.4,78.6,0,0.5,0.7,,3.7,1100,1400,180000,,101630000,21779999.999999996,79850000,
664.4,-90800,-6574630000,13161280000,1542.5,240.2,10,1000,900,65440000,72.7,"2023-01-04T14:18:00.000Z",1672841880000,72.7,72.6,72.6,90.9,9.1,0,1.5,0.1,,0.1,100,1100,181100,,79960000,72700000,7259999.999999999,
664.4,-85600,-6196400000,13539510000,1542.5,240.2,Infinity,5200,5200,378230000,72.8,"2023-01-04T14:20:00.000Z",1672842000000,72.8,72.7,72.7,100,0,0,7.8,,,0,,5200,186300,,378230000,378230000,,
664.4,-82800,-5992560000,13743350000,1542.5,240.2,Infinity,2800,2800,203840000,72.8,"2023-01-04T14:22:00.000Z",1672842120000,72.8,72.8,72.8,100,0,0,4.2,,,0,,2800,189100,,203840000,203840000,,
664.4,-82800,-5992550000,13757920000,1542.5,240.2,1,100,0,10000.000000000931,72.9,"2023-01-04T14:24:00.000Z",1672842240000,72.9,72.8,72.8,50,50,0,0.2,0.1,,1,100,200,189300,,14570000,7290000.000000001,7280000,
664.4,-82500,-5970680000,13779790000,1542.5,240.2,Infinity,300,300,21870000,72.9,"2023-01-04T14:26:00.000Z",1672842360000,72.9,72.9,72.9,100,0,0,0.5,,,0,,300,189600,,21870000,21870000,,
664.4,-76400,-5525540000,14224930000,1542.5,240.2,Infinity,6100,6100,445140000,73,"2023-01-04T14:28:00.000Z",1672842480000,73,72.9,72.9,100,0,0,9.2,,,0,,6100,195700,,445140000,445140000,,
664.4,-76400,-5525540000,15482250000,1542.5,240.2,NaN,,0,0,73.1,"2023-01-04T14:44:00.000Z",1672843440000,73.1,73.1,73.1,0,0,100,,,71.6,NaN,,17200,212900,17200,1257320000,,,1257320000
