"abu","acum_busd","acum_busd_val","acum_val","asd","auk","bs","bu","bu-sd","bu-sd_val","c","date","datetime","h","l","o","pbu","psd","puk","rbu","rsd","ruk","sb","sd","sum_vol","total_vol","uk","val","val_bu","val_sd","val_uk"
319.4,-500,-5000000,5000000,2167.7,193.5,0,,-500,-5000000,10,"2022-12-15T09:04:00.000Z",1671095040000,10,10,10,0,100,0,,0.2,,Infinity,500,500,500,,5000000,,5000000,
319.4,-100,-960000,9040000,2167.7,193.5,Infinity,400,400,4040000,10.1,"2022-12-15T09:06:00.000Z",1671095160000,10.1,10.1,10.1,100,0,0,1.3,,,0,,400,900,,4040000,4040000,,
319.4,-100,-960000,39640000,2167.7,193.5,NaN,,0,0,10.2,"2022-12-15T09:14:00.000Z",1671095640000,10.2,10.2,10.2,0,0,100,,,15.5,NaN,,3000,3900,3000,30599999.999999996,,,30599999.999999996
319.4,-1100,-10960000,49640000,2167.7,193.5,0,,-1000,-10000000,10,"2022-12-15T09:54:00.000Z",1671098040000,10,10,10,0,100,0,,0.5,,Infinity,1000,1000,4900,,10000000,,10000000,
319.4,-1000,-9940000,50660000,2167.7,193.5,Infinity,100,100,1019999.9999999999,10.2,"2022-12-15T10:14:00.000Z",1671099240000,10.2,10.2,10.2,100,0,0,0.3,,,0,,100,5000,,1019999.9999999999,1019999.9999999999,,
319.4,-1100,-10950000,51670000,2167.7,193.5,0,,-100,-1010000,10.1,"2022-12-15T10:40:00.000Z",1671100800000,10.1,10.1,10.1,0,100,0,,0,,Infinity,100,100,5100,,1010000,,1010000,
319.4,-2100,-21050000,61770000,2167.7,193.5,0,,-1000,-10100000,10.1,"2022-12-15T10:46:00.000Z",1671101160000,10.1,10.1,10.1,0,100,0,,0.5,,Infinity,1000,1000,6100,,10100000,,10100000,
319.4,-3600,-36200000,76920000,2167.7,193.5,0,,-1500,-15150000,10.1,"2022-12-15T10:52:00.000Z",1671101520000,10.1,10.1,10.1,0,100,0,,0.7,,Infinity,1500,1500,7600,,15150000,,15150000,
319.4,-13400,-134200000,179970000,2167.7,193.5,0,,-9800,-98000000,10,"2022-12-15T10:58:00.000Z",1671101880000,10.1,10,10.1,0,95.1,4.9,,4.5,2.6,Infinity,9800,10300,17900,500,103050000,,98000000,5050000
319.4,-14300,-143200000,188970000,2167.7,193.5,0,,-900,-9000000,10,"2022-12-15T11:02:00.000Z",1671102120000,10,10,10,0,100,0,,0.4,,Infinity,900,900,18800,,9000000,,9000000,
319.4,-14600,-146230000,192000000,2167.7,193.5,0,,-300,-3030000,10.1,"2022-12-15T11:04:00.000Z",1671102240000,10.1,10.1,10.1,0,100,0,,0.1,,Infinity,300,300,19100,,3030000,,3030000,
319.4,-25500,-255230000,301000000,2167.7,193.5,0,,-10900,-109000000,10,"2022-12-15T11:06:00.000Z",1671102360000,10,10,10,0,100,0,,5,,Infinity,10900,10900,30000,,109000000,,109000000,
319.4,-24500,-245130000,311100000,2167.7,193.5,Infinity,1000,1000,10100000,10.1,"2022-12-15T11:10:00.000Z",1671102600000,10.1,10.1,10.1,100,0,0,3.1,,,0,,1000,31000,,10100000,10100000,,
319.4,-30100,-301130000,367100000,2167.7,193.5,0,,-5600,-56000000,10,"2022-12-15T13:00:00.000Z",1671109200000,10,10,10,0,100,0,,2.6,,Infinity,5600,5600,36600,,56000000,,56000000,
319.4,-55900,-559130000,625100000,2167.7,193.5,0,,-25800,-258000000,10,"2022-12-15T13:02:00.000Z",1671109320000,10,10,10,0,100,0,,11.9,,Infinity,25800,25800,62400,,258000000,,258000000,
319.4,-56200,-562130000,628100000,2167.7,193.5,0,,-300,-3000000,10,"2022-12-15T13:08:00.000Z",1671109680000,10,10,10,0,100,0,,0.1,,Infinity,300,300,62700,,3000000,,3000000,
319.4,-55800,-558130000,632100000,2167.7,193.5,Infinity,400,400,4000000,10,"2022-12-15T13:12:00.000Z",1671109920000,10,10,10,100,0,0,1.3,,,0,,400,63100,,4000000,4000000,,
319.4,-56700,-567030000,643000000,2167.7,193.5,0.1,100,-900,-8900000,10,"2022-12-15T13:16:00.000Z",1671110160000,10,9.9,9.9,9.1,90.9,0,0.3,0.5,,10,1000,1100,64200,,10900000,1000000,9900000,
319.4,-56700,-567030000,661000000,2167.7,193.5,NaN,,0,0,10,"2022-12-15T13:22:00.000Z",1671110520000,10,10,10,0,0,100,,,9.3,NaN,,1800,66000,1800,18000000,,,18000000
319.4,-57700,-577030000,676000000,2167.7,193.5,0,,-1000,-10000000,10,"2022-12-15T13:26:00.000Z",1671110760000,10,10,10,0,66.7,33.3,,0.5,2.6,Infinity,1000,1500,67500,500,15000000,,10000000,5000000
319.4,-57600,-576030000,677000000,2167.7,193.5,Infinity,100,100,1000000,10,"2022-12-15T13:38:00.000Z",1671111480000,10,10,10,100,0,0,0.3,,,0,,100,67600,,1000000,1000000,,
319.4,-57100,-571030000,682000000,2167.7,193.5,Infinity,500,500,5000000,10,"2022-12-15T13:40:00.000Z",1671111600000,10,10,10,100,0,0,1.6,,,0,,500,68100,,5000000,5000000,,
319.4,-57000,-570020000,683010000,2167.7,193.5,Infinity,100,100,1010000,10.1,"2022-12-15T13:48:00.000Z",1671112080000,10.1,10.1,10.1,100,0,0,0.3,,,0,,100,68200,,1010000,1010000,,
319.4,-54700,-546790000,706240000,2167.7,193.5,Infinity,2300,2300,23230000,10.1,"2022-12-15T14:06:00.000Z",1671113160000,10.1,10.1,10.1,100,0,0,7.2,,,0,,2300,70500,,23230000,23230000,,
319.4,-53400,-533790000,749240000,2167.7,193.5,1.9,2800,1300,13000000,10,"2022-12-15T14:16:00.000Z",1671113760000,10,10,10,65.1,34.9,0,8.8,0.7,,0.5,1500,4300,74800,,43000000,28000000,15000000,
319.4,-51400,-513790000,769240000,2167.7,193.5,Infinity,2000,2000,20000000,10,"2022-12-15T14:20:00.000Z",1671114000000,10,10,10,100,0,0,6.3,,,0,,2000,76800,,20000000,20000000,,
319.4,-51600,-515790000,771240000,2167.7,193.5,0,,-200,-2000000,10,"2022-12-15T14:22:00.000Z",1671114120000,10,10,10,0,100,0,,0.1,,Infinity,200,200,77000,,2000000,,2000000,
319.4,-51500,-514780000,772250000,2167.7,193.5,Infinity,100,100,1010000,10.1,"2022-12-15T14:24:00.000Z",1671114240000,10.1,10.1,10.1,100,0,0,0.3,,,0,,100,77100,,1010000,1010000,,
319.4,-55300,-552480000,809950000,2167.7,193.5,0,,-3800,-37700000,9.9,"2022-12-15T14:26:00.000Z",1671114360000,10,9.9,10,0,100,0,,1.8,,Infinity,3800,3800,80900,,37700000,,37700000,
319.4,-55300,-552480000,811950000,2167.7,193.5,NaN,,0,0,10,"2022-12-15T14:28:00.000Z",1671114480000,10,10,10,0,0,100,,,1,NaN,,200,81100,200,2000000,,,2000000
319.4,-57300,-572280000,831750000,2167.7,193.5,0,,-2000,-19800000,9.9,"2022-12-15T14:44:00.000Z",1671115440000,9.9,9.9,9.9,0,100,0,,0.9,,Infinity,2000,2000,83100,,19800000,,19800000,
