"abu","acum_busd","acum_busd_val","acum_val_bu","acum_val_sd","acum_val","avg_val_bu","avg_val_sd","rbusd","asd","auk","bs","bu","bu-sd","bu-sd_val","c","date","datetime","h","l","o","pbu","psd","puk","rbu","rsd","ruk","sb","sd","sum_vol","total_vol","uk","val","val_bu","val_sd","val_uk"
1400,0,0,0,0,509999.99999999994,4644921.9,2971875,0,800,21.9,NaN,,0,0,5.1,"2022-12-28T09:14:00.000Z",1672218840000,5.1,5.1,5.1,0,0,100,,,4.6,NaN,,100,100,100,509999.99999999994,,,509999.99999999994
1400,-100,-500,0,500,510499.99999999994,4644921.9,2971875,0,800,21.9,0,,-100,-500,5,"2022-12-28T09:20:00.000Z",1672219200000,5,5,5,0,100,0,,0.1,,Infinity,100,100,200,,500,,500,
1400,1300,7125500,7126000,500,7636500,4644921.9,2971875,4.3,800,21.9,Infinity,1400,1400,7126000,5.09,"2022-12-28T09:36:00.000Z",1672220160000,5.09,5.09,5.09,100,0,0,1,,,0,,1400,1600,,7126000,7126000,,
1400,-500,5621000,7126000,1505000,9141000,4644921.9,2971875,0.9,800,21.9,0,,-1800,-1504500,4.99,"2022-12-28T09:40:00.000Z",1672220400000,5,4.99,5,0,100,0,,2.3,,Infinity,1800,1800,3400,,1504500,,1504500,
1400,500,10611000,12116000,1505000,14131000,4644921.9,2971875,3,800,21.9,Infinity,1000,1000,4990000,4.99,"2022-12-28T09:46:00.000Z",1672220760000,4.99,4.99,4.99,100,0,0,0.7,,,0,,1000,4400,,4990000,4990000,,
1400,400,10112000,13114000,3002000,16626000,4644921.9,2971875,0.3,800,21.9,0.7,200,-100,-499000,4.99,"2022-12-28T09:56:00.000Z",1672221360000,4.99,4.99,4.99,40,60,0,0.1,0.4,,1.5,300,500,4900,,2495000,998000,1497000,
1400,5400,10137000,13139000,3002000,16651000,4644921.9,2971875,0,800,21.9,Infinity,5000,5000,25000,5,"2022-12-28T10:00:00.000Z",1672221600000,5,5,5,100,0,0,3.6,,,0,,5000,9900,,25000,25000,,
1400,5700,11634000,14636000,3002000,18148000,4644921.9,2971875,0.9,800,21.9,Infinity,300,300,1497000,4.99,"2022-12-28T10:02:00.000Z",1672221720000,4.99,4.99,4.99,100,0,0,0.2,,,0,,300,10200,,1497000,1497000,,
1400,5900,11635000,14637000,3002000,18149000,4644921.9,2971875,0,800,21.9,Infinity,200,200,1000,5,"2022-12-28T10:10:00.000Z",1672222200000,5,5,5,100,0,0,0.1,,,0,,200,10400,,1000,1000,,
1400,8900,11650000,14652000,3002000,18164000,4644921.9,2971875,0,800,21.9,Infinity,3000,3000,15000,5,"2022-12-28T10:14:00.000Z",1672222440000,5,5,5,100,0,0,2.1,,,0,,3000,13400,,15000,15000,,
1400,5200,-4649000,14653500,19302500,34466000,4644921.9,2971875,9.7,800,21.9,0.1,300,-3700,-16299000,4.93,"2022-12-28T10:16:00.000Z",1672222560000,5,4.93,5,7,93,0,0.2,5,,13.3,4000,4300,17700,,16302000,1500,16300500,
1400,10200,19896000,41658500,21762500,63931000,4644921.9,2971875,14.7,800,21.9,11,5500,5000,24545000,4.91,"2022-12-28T10:18:00.000Z",1672222680000,4.92,4.91,4.92,91.7,8.3,0,3.9,0.6,,0.1,500,6000,23700,,29465000,27005000,2460000,
1400,6400,1124000,41658500,40534500,82703000,4644921.9,2971875,11.2,800,21.9,0,,-3800,-18772000,4.94,"2022-12-28T11:02:00.000Z",1672225320000,4.94,4.94,4.94,0,100,0,,4.8,,Infinity,3800,3800,27500,,18772000,,18772000,
1400,1300,-24019000,42151500,66170500,108832000,4644921.9,2971875,15,800,21.9,0,100,-5100,-25143000,4.93,"2022-12-28T11:04:00.000Z",1672225440000,4.93,4.93,4.93,1.9,98.1,0,0.1,6.5,,52,5200,5300,32800,,26129000,493000,25636000,
1400,1200,-24511000,42151500,66662500,109324000,4644921.9,2971875,0.3,800,21.9,0,,-100,-492000,4.92,"2022-12-28T11:12:00.000Z",1672225920000,4.92,4.92,4.92,0,100,0,,0.1,,Infinity,100,100,32900,,492000,,492000,
1400,2700,-17026000,49636500,66662500,116809000,4644921.9,2971875,4.5,800,21.9,Infinity,1500,1500,7485000,4.99,"2022-12-28T11:24:00.000Z",1672226640000,4.99,4.99,4.99,100,0,0,1.1,,,0,,1500,34400,,7485000,7485000,,
1400,7700,-17001000,49661500,66662500,116834000,4644921.9,2971875,0,800,21.9,Infinity,5000,5000,25000,5,"2022-12-28T11:26:00.000Z",1672226760000,5,5,5,100,0,0,3.6,,,0,,5000,39400,,25000,25000,,
1400,7600,-17500000,49661500,67161500,117333000,4644921.9,2971875,0.3,800,21.9,0,,-100,-499000,4.99,"2022-12-28T11:28:00.000Z",1672226880000,4.99,4.99,4.99,0,100,0,,0.1,,Infinity,100,100,39500,,499000,,499000,
1400,7500,-17999000,49661500,67660500,117832000,4644921.9,2971875,0.3,800,21.9,0,,-100,-499000,4.99,"2022-12-28T13:00:00.000Z",1672232400000,4.99,4.99,4.99,0,100,0,,0.1,,Infinity,100,100,39600,,499000,,499000,
1400,7400,-18498000,49661500,68159500,118331000,4644921.9,2971875,0.3,800,21.9,0,,-100,-499000,4.99,"2022-12-28T13:04:00.000Z",1672232640000,4.99,4.99,4.99,0,100,0,,0.1,,Infinity,100,100,39700,,499000,,499000,
1400,7400,-18498000,49661500,68159500,119329000,4644921.9,2971875,0,800,21.9,NaN,,0,0,4.99,"2022-12-28T13:06:00.000Z",1672232760000,4.99,4.99,4.99,0,0,100,,,9.1,NaN,,200,39900,200,998000,,,998000
1400,9100,-17989000,50170500,68159500,121842000,4644921.9,2971875,0.3,800,21.9,Infinity,1700,1700,509000,5.01,"2022-12-28T13:08:00.000Z",1672232880000,5.01,5,5,81,0,19,1.2,,18.3,0,,2100,42000,400,2513000,509000,,2004000
1400,6000,-33354000,50170500,83524500,137207000,4644921.9,2971875,9.2,800,21.9,0,,-3100,-15365000,4.97,"2022-12-28T13:18:00.000Z",1672233480000,4.97,4.95,4.95,0,100,0,,3.9,,Infinity,3100,3100,45100,,15365000,,15365000,
1400,5000,-33359000,50170500,83529500,137212000,4644921.9,2971875,0,800,21.9,0,,-1000,-5000,5,"2022-12-28T13:42:00.000Z",1672234920000,5,5,5,0,100,0,,1.3,,Infinity,1000,1000,46100,,5000,,5000,
1400,4500,-33361500,50170500,83532000,137214500,4644921.9,2971875,0,800,21.9,0,,-500,-2500,5,"2022-12-28T13:54:00.000Z",1672235640000,5,5,5,0,100,0,,0.6,,Infinity,500,500,46600,,2500,,2500,
1400,8000,-2813500,80731500,83545000,167788500,4644921.9,2971875,18.3,800,21.9,2.3,6100,3500,30548000,5.01,"2022-12-28T13:58:00.000Z",1672235880000,5.01,5,5,70.1,29.9,0,4.4,3.3,,0.4,2600,8700,55300,,30574000,30561000,13000,
1400,6500,-10328500,80731500,91060000,175303500,4644921.9,2971875,4.5,800,21.9,0,,-1500,-7515000,5.01,"2022-12-28T14:04:00.000Z",1672236240000,5.01,5.01,5.01,0,100,0,,1.9,,Infinity,1500,1500,56800,,7515000,,7515000,
1400,6700,-9324500,81735500,91060000,176307500,4644921.9,2971875,0.6,800,21.9,Infinity,200,200,1003999.9999999999,5.02,"2022-12-28T14:06:00.000Z",1672236360000,5.02,5.02,5.02,100,0,0,0.1,,,0,,200,57000,,1003999.9999999999,1003999.9999999999,,
1400,13500,24811500,115871500,91060000,210443500,4644921.9,2971875,20.4,800,21.9,Infinity,6800,6800,34136000,5.02,"2022-12-28T14:10:00.000Z",1672236600000,5.02,5.02,5.02,100,0,0,4.9,,,0,,6800,63800,,34136000,34136000,,
1400,19900,57067500,148127500,91060000,242699500,4644921.9,2971875,19.3,800,21.9,Infinity,6400,6400,32256000,5.04,"2022-12-28T14:12:00.000Z",1672236720000,5.04,5.04,5.04,100,0,0,4.6,,,0,,6400,70200,,32256000,32256000,,
1400,19100,53027500,148127500,95100000,246739500,4644921.9,2971875,2.4,800,21.9,0,,-800,-4040000,5.05,"2022-12-28T14:24:00.000Z",1672237440000,5.05,5.05,5.05,0,100,0,,1,,Infinity,800,800,71000,,4040000,,4040000,
1400,19200,53537500,148637500,95100000,247249500,4644921.9,2971875,0.3,800,21.9,Infinity,100,100,509999.99999999994,5.1,"2022-12-28T14:44:00.000Z",1672238640000,5.1,5.1,5.1,100,0,0,0.1,,,0,,100,71100,,509999.99999999994,509999.99999999994,,
