"abu","acum_busd","acum_busd_val","acum_val_bu","acum_val_sd","acum_val","avg_val_bu","avg_val_sd","rbusd","asd","auk","bs","bu","bu-sd","bu-sd_val","c","date","datetime","h","l","o","pbu","psd","puk","rbu","rsd","ruk","sb","sd","sum_vol","total_vol","uk","val","val_bu","val_sd","val_uk"
7976.9,16800,190885000,190885000,0,190885000,90556923.1,0,2.1,0,0,Infinity,16800,16800,190885000,11350,"2023-03-03T09:15:00.000Z",1677834900000,11400,11350,11400,100,0,0,2.1,,,0,,16800,16800,,190885000,190885000,,
7976.9,44700,507550000,507550000,0,507550000,90556923.1,0,3.5,0,0,Infinity,27900,27900,316665000,11350,"2023-03-03T09:20:00.000Z",1677835200000,11350,11350,11350,100,0,0,3.5,,,0,,27900,44700,,316665000,316665000,,
7976.9,59400,674395000,674395000,0,674395000,90556923.1,0,1.8,0,0,Infinity,14700,14700,166845000,11350,"2023-03-03T09:25:00.000Z",1677835500000,11350,11350,11350,100,0,0,1.8,,,0,,14700,59400,,166845000,166845000,,
7976.9,68500,777680000,777680000,0,777680000,90556923.1,0,1.1,0,0,Infinity,9100,9100,103285000,11350,"2023-03-03T09:30:00.000Z",1677835800000,11350,11350,11350,100,0,0,1.1,,,0,,9100,68500,,103285000,103285000,,
7976.9,76900,873025000,873025000,0,873025000,90556923.1,0,1.1,0,0,Infinity,8400,8400,95345000,11350,"2023-03-03T09:35:00.000Z",1677836100000,11400,11350,11350,100,0,0,1.1,,,0,,8400,76900,,95345000,95345000,,
7976.9,85400,969500000,969500000,0,969500000,90556923.1,0,1.1,0,0,Infinity,8500,8500,96475000,11350,"2023-03-03T09:40:00.000Z",1677836400000,11350,11350,11350,100,0,0,1.1,,,0,,8500,85400,,96475000,96475000,,
7976.9,86000,976310000,976310000,0,976310000,90556923.1,0,0.1,0,0,Infinity,600,600,6810000,11350,"2023-03-03T09:45:00.000Z",1677836700000,11350,11350,11350,100,0,0,0.1,,,0,,600,86000,,6810000,6810000,,
7976.9,87400,992200000,992200000,0,992200000,90556923.1,0,0.2,0,0,Infinity,1400,1400,15890000,11350,"2023-03-03T09:50:00.000Z",1677837000000,11350,11350,11350,100,0,0,0.2,,,0,,1400,87400,,15890000,15890000,,
7976.9,94400,1071650000,1071650000,0,1071650000,90556923.1,0,0.9,0,0,Infinity,7000,7000,79450000,11350,"2023-03-03T09:55:00.000Z",1677837300000,11350,11350,11350,100,0,0,0.9,,,0,,7000,94400,,79450000,79450000,,
7976.9,99200,1126130000,1126130000,0,1126130000,90556923.1,0,0.6,0,0,Infinity,4800,4800,54480000,11350,"2023-03-03T10:00:00.000Z",1677837600000,11350,11350,11350,100,0,0,0.6,,,0,,4800,99200,,54480000,54480000,,
7976.9,103000,1169260000,1169260000,0,1169260000,90556923.1,0,0.5,0,0,Infinity,3800,3800,43130000,11350,"2023-03-03T10:05:00.000Z",1677837900000,11350,11350,11350,100,0,0,0.5,,,0,,3800,103000,,43130000,43130000,,
7976.9,103100,1170400000,1170400000,0,1170400000,90556923.1,0,0,0,0,Infinity,100,100,1140000,11400,"2023-03-03T14:25:00.000Z",1677853500000,11400,11400,11400,100,0,0,0,,,0,,100,103100,,1140000,1140000,,
7976.9,103700,1177240000,1177240000,0,1177240000,90556923.1,0,0.1,0,0,Infinity,600,600,6840000,11400,"2023-03-03T14:45:00.000Z",1677854700000,11400,11400,11400,100,0,0,0.1,,,0,,600,103700,,6840000,6840000,,
