"abu","acum_busd","acum_busd_val","acum_val_bu","acum_val_sd","acum_val","avg_val_bu","avg_val_sd","rbusd","asd","auk","bs","bu","bu-sd","bu-sd_val","c","date","datetime","h","l","o","pbu","psd","puk","rbu","rsd","ruk","sb","sd","sum_vol","total_vol","uk","val","val_bu","val_sd","val_uk"
11267.4,21000,846460000,922840000,76380000,999220000,448356521.7,1152595652.2,-1.2,29030.4,82.6,12.1,22900,21000,846460000,40300,"2023-03-03T09:15:00.000Z",1677834900000,40300,40200,40300,92.3,7.7,0,2,0.1,,0.1,1900,24800,24800,,999220000,922840000,76380000,
11267.4,21400,862835000,975620000,112785000,1088405000,448356521.7,1152595652.2,0,29030.4,82.6,1.4,1300,400,16375000,40350,"2023-03-03T09:20:00.000Z",1677835200000,40600,40300,40300,59.1,40.9,0,0.1,0,,0.7,900,2200,27000,,89185000,52780000,36405000,
11267.4,19100,769430000,1012135000,242705000,1254840000,448356521.7,1152595652.2,0.1,29030.4,82.6,0.3,900,-2300,-93405000,40550,"2023-03-03T09:25:00.000Z",1677835500000,40600,40550,40600,22,78,0,0.1,0.1,,3.6,3200,4100,31100,,166435000,36515000,129920000,
11267.4,-20500,-828420000,1105360000,1933780000,3039140000,448356521.7,1152595652.2,2.3,29030.4,82.6,0.1,2300,-39600,-1597850000,40550,"2023-03-03T09:30:00.000Z",1677835800000,40550,40300,40400,5.2,94.8,0,0.2,1.4,,18.2,41900,44200,75300,,1784300000,93225000,1691075000,
11267.4,-25300,-1021770000,1105360000,2127130000,3232490000,448356521.7,1152595652.2,0.3,29030.4,82.6,0,,-4800,-193350000,40250,"2023-03-03T09:35:00.000Z",1677836100000,40500,40250,40500,0,100,0,,0.2,,Infinity,4800,4800,80100,,193350000,,193350000,
11267.4,-63200,-2551410000,1117505000,3668915000,4786420000,448356521.7,1152595652.2,2.2,29030.4,82.6,0,300,-37900,-1529640000,40400,"2023-03-03T09:40:00.000Z",1677836400000,40500,40200,40300,0.8,99.2,0,0,1.3,,127.3,38200,38500,118600,,1553930000,12145000,1541785000,
11267.4,-99200,-3994480000,1242215000,5236695000,6478910000,448356521.7,1152595652.2,2,29030.4,82.6,0.1,3100,-36000,-1443070000,40000,"2023-03-03T09:45:00.000Z",1677836700000,40400,40000,40400,7.3,92.7,0,0.3,1.3,,12.6,39100,42200,160800,,1692490000,124710000,1567780000,
11267.4,-97300,-3917920000,1374850000,5292770000,6667620000,448356521.7,1152595652.2,-0.1,29030.4,82.6,2.4,3300,1900,76560000,40050,"2023-03-03T09:50:00.000Z",1677837000000,40200,40050,40200,70.2,29.8,0,0.3,0,,0.4,1400,4700,165500,,188710000,132635000,56075000,
11267.4,-86000,-3463820000,1965165000,5428985000,7394150000,448356521.7,1152595652.2,-0.6,29030.4,82.6,4.3,14700,11300,454100000,40200,"2023-03-03T09:55:00.000Z",1677837300000,40200,40050,40100,81.2,18.8,0,1.3,0.1,,0.2,3400,18100,183600,,726530000,590315000,136215000,
11267.4,-87900,-3538915000,2238515000,5777430000,8015945000,448356521.7,1152595652.2,0.1,29030.4,82.6,0.8,6800,-1900,-75095000,40100,"2023-03-03T10:00:00.000Z",1677837600000,40200,40050,40200,43.9,56.1,0,0.6,0.3,,1.3,8700,15500,199100,,621795000,273350000,348445000,
11267.4,-92600,-3727295000,2266635000,5993930000,8260565000,448356521.7,1152595652.2,0.3,29030.4,82.6,0.1,700,-4700,-188380000,40150,"2023-03-03T10:05:00.000Z",1677837900000,40200,40050,40100,11.5,88.5,0,0.1,0.2,,7.7,5400,6100,205200,,244620000,28120000,216500000,
11267.4,-93300,-3755205000,2459355000,6214560000,8673915000,448356521.7,1152595652.2,0,29030.4,82.6,0.9,4800,-700,-27910000,40150,"2023-03-03T10:10:00.000Z",1677838200000,40150,40100,40150,46.6,53.4,0,0.4,0.2,,1.1,5500,10300,215500,,413350000,192720000,220630000,
11267.4,-93900,-3779205000,2495505000,6274710000,8770215000,448356521.7,1152595652.2,0,29030.4,82.6,0.6,900,-600,-24000000,40100,"2023-03-03T10:15:00.000Z",1677838500000,40200,40100,40150,37.5,62.5,0,0.1,0.1,,1.7,1500,2400,217900,,96300000,36150000,60150000,
11267.4,-107900,-4340375000,2495505000,6835880000,9331385000,448356521.7,1152595652.2,0.8,29030.4,82.6,0,,-14000,-561170000,40050,"2023-03-03T10:20:00.000Z",1677838800000,40100,40050,40100,0,100,0,,0.5,,Infinity,14000,14000,231900,,561170000,,561170000,
11267.4,-143200,-5752610000,2543625000,8296235000,10839860000,448356521.7,1152595652.2,2,29030.4,82.6,0,1200,-35300,-1412235000,40100,"2023-03-03T10:25:00.000Z",1677839100000,40100,40000,40100,3.2,96.8,0,0.1,1.3,,30.4,36500,37700,269600,,1508475000,48120000,1460355000,
11267.4,-260700,-10438905000,2970575000,13409480000,16380055000,448356521.7,1152595652.2,6.7,29030.4,82.6,0.1,10700,-117500,-4686295000,40050,"2023-03-03T10:30:00.000Z",1677839400000,40100,39750,40100,7.7,92.3,0,0.9,4.4,,12,128200,138900,408500,,5540195000,426950000,5113245000,
11267.4,-214300,-8578090000,5162655000,13740745000,18903400000,448356521.7,1152595652.2,-2.6,29030.4,82.6,6.6,54700,46400,1860815000,39950,"2023-03-03T10:35:00.000Z",1677839700000,40100,39850,39950,86.8,13.2,0,4.9,0.3,,0.2,8300,63000,471500,,2523345000,2192080000,331265000,
11267.4,-225300,-9016880000,5230675000,14247555000,19478230000,448356521.7,1152595652.2,0.6,29030.4,82.6,0.1,1700,-11000,-438790000,40000,"2023-03-03T10:40:00.000Z",1677840000000,40100,39850,39950,11.8,88.2,0,0.2,0.4,,7.5,12700,14400,485900,,574830000,68020000,506810000,
11267.4,-227300,-9096880000,5290675000,14387555000,19678230000,448356521.7,1152595652.2,0.1,29030.4,82.6,0.4,1500,-2000,-80000000,40000,"2023-03-03T10:45:00.000Z",1677840300000,40000,40000,40000,30,70,0,0.1,0.1,,2.3,3500,5000,490900,,200000000,60000000,140000000,
11267.4,-227400,-9100865000,5306660000,14407525000,19714185000,448356521.7,1152595652.2,0,29030.4,82.6,0.8,400,-100,-3985000,39950,"2023-03-03T10:50:00.000Z",1677840600000,40000,39900,40000,44.4,55.6,0,0,0,,1.3,500,900,491800,,35955000,15985000,19970000,
11267.4,-252900,-10115960000,5438340000,15554300000,20992640000,448356521.7,1152595652.2,1.4,29030.4,82.6,0.1,3300,-25500,-1015095000,39950,"2023-03-03T10:55:00.000Z",1677840900000,39950,39800,39900,10.3,89.7,0,0.3,1,,8.7,28800,32100,523900,,1278455000,131680000,1146775000,
11267.4,-335100,-13375390000,6085250000,19460640000,25545890000,448356521.7,1152595652.2,4.6,29030.4,82.6,0.2,16200,-82200,-3259430000,39900,"2023-03-03T11:00:00.000Z",1677841200000,39950,39650,39850,14.1,85.9,0,1.4,3.4,,6.1,98400,114600,638500,,4553250000,646910000,3906340000,
11267.4,-378200,-15081775000,6634550000,21716325000,28350875000,448356521.7,1152595652.2,2.4,29030.4,82.6,0.2,13800,-43100,-1706385000,39900,"2023-03-03T11:05:00.000Z",1677841500000,39900,39600,39900,19.5,80.5,0,1.2,2,,4.1,56900,70700,709200,,2804985000,549300000,2255685000,
11267.4,-387500,-15452845000,6985670000,22438515000,29424185000,448356521.7,1152595652.2,0.5,29030.4,82.6,0.5,8800,-9300,-371070000,39900,"2023-03-03T11:10:00.000Z",1677841800000,39900,39900,39900,32.7,67.3,0,0.8,0.6,,2.1,18100,26900,736100,,1073310000,351120000,722190000,
11267.4,-495100,-19703530000,7720400000,27423930000,35144330000,448356521.7,1152595652.2,6,29030.4,82.6,0.1,18500,-107600,-4250685000,39800,"2023-03-03T11:15:00.000Z",1677842100000,39900,39500,39900,12.8,87.2,0,1.6,4.3,,6.8,126100,144600,880700,,5720145000,734730000,4985415000,
11267.4,-501500,-19956630000,7827660000,27784290000,35611950000,448356521.7,1152595652.2,0.4,29030.4,82.6,0.3,2700,-6400,-253100000,39600,"2023-03-03T11:20:00.000Z",1677842400000,39800,39600,39800,22.9,77.1,0,0.2,0.3,,3.4,9100,11800,892500,,467620000,107260000,360360000,
11267.4,-569700,-22651860000,7934800000,30586660000,38521460000,448356521.7,1152595652.2,3.8,29030.4,82.6,0,2700,-68200,-2695230000,39650,"2023-03-03T11:25:00.000Z",1677842700000,39750,39500,39600,3.7,96.3,0,0.2,2.4,,26.3,70900,73600,966100,,2909510000,107140000,2802370000,
11267.4,-590600,-23476890000,8362190000,31839080000,40232950000,448356521.7,1152595652.2,1.2,29030.4,82.6,0.3,10800,-20900,-825030000,39550,"2023-03-03T13:00:00.000Z",1677848400000,39650,39500,39650,24.9,73.2,1.8,1,1.1,9.7,2.9,31700,43300,1009400,800,1711490000,427390000,1252420000,31680000
11267.4,-565700,-22490765000,9506630000,31997395000,41535705000,448356521.7,1152595652.2,-1.4,29030.4,82.6,7.2,28900,24900,986125000,39600,"2023-03-03T13:05:00.000Z",1677848700000,39600,39550,39600,87.8,12.2,0,2.6,0.1,,0.1,4000,32900,1042300,,1302755000,1144440000,158315000,
11267.4,-547000,-21749735000,10786540000,32536275000,43354495000,448356521.7,1152595652.2,-1.1,29030.4,82.6,2.4,32300,18700,741030000,39600,"2023-03-03T13:10:00.000Z",1677849000000,39650,39600,39600,70.4,29.6,0,2.9,0.5,,0.4,13600,45900,1088200,,1818790000,1279910000,538880000,
11267.4,-549700,-21856405000,11424350000,33280755000,44736785000,448356521.7,1152595652.2,0.2,29030.4,82.6,0.9,16100,-2700,-106670000,39700,"2023-03-03T13:15:00.000Z",1677849300000,39700,39600,39600,46.1,53.9,0,1.4,0.6,,1.2,18800,34900,1123100,,1382290000,637810000,744480000,
11267.4,-531900,-21150070000,12352470000,33502540000,45886690000,448356521.7,1152595652.2,-1,29030.4,82.6,4.2,23400,17800,706335000,39700,"2023-03-03T13:20:00.000Z",1677849600000,39700,39600,39700,80.7,19.3,0,2.1,0.2,,0.2,5600,29000,1152100,,1149905000,928120000,221785000,
11267.4,-518000,-20597410000,13047800000,33645210000,46724690000,448356521.7,1152595652.2,-0.8,29030.4,82.6,4.9,17500,13900,552660000,39650,"2023-03-03T13:25:00.000Z",1677849900000,39750,39600,39700,82.9,17.1,0,1.6,0.1,,0.2,3600,21100,1173200,,838000000,695330000,142670000,
11267.4,-520700,-20704425000,13123230000,33827655000,46982565000,448356521.7,1152595652.2,0.2,29030.4,82.6,0.4,1900,-2700,-107015000,39700,"2023-03-03T13:30:00.000Z",1677850200000,39700,39650,39650,29.2,70.8,0,0.2,0.2,,2.4,4600,6500,1179700,,257875000,75430000,182445000,
11267.4,-529400,-21047975000,13722700000,34770675000,48525055000,448356521.7,1152595652.2,0.5,29030.4,82.6,0.6,15100,-8700,-343550000,39650,"2023-03-03T13:35:00.000Z",1677850500000,39700,39600,39700,38.8,61.2,0,1.3,0.8,,1.6,23800,38900,1218600,,1542490000,599470000,943020000,
11267.4,-530600,-21094345000,14298300000,35392645000,49722625000,448356521.7,1152595652.2,0.1,29030.4,82.6,0.9,14500,-1200,-46370000,39700,"2023-03-03T13:40:00.000Z",1677850800000,39700,39600,39650,48,52,0,1.3,0.5,,1.1,15700,30200,1248800,,1197570000,575600000,621970000,
11267.4,-534300,-21240425000,14520500000,35760925000,50313105000,448356521.7,1152595652.2,0.2,29030.4,82.6,0.6,5600,-3700,-146080000,39700,"2023-03-03T13:45:00.000Z",1677851100000,39700,39550,39700,37.6,62.4,0,0.5,0.3,,1.7,9300,14900,1263700,,590480000,222200000,368280000,
11267.4,-596900,-23713485000,14801500000,38514985000,53348165000,448356521.7,1152595652.2,3.5,29030.4,82.6,0.1,7100,-62600,-2473060000,39550,"2023-03-03T13:50:00.000Z",1677851400000,39650,39500,39650,9.2,90.8,0,0.6,2.4,,9.8,69700,76800,1340500,,3035060000,281000000,2754060000,
11267.4,-578200,-22971580000,16037330000,39008910000,55077920000,448356521.7,1152595652.2,-1.1,29030.4,82.6,2.5,31200,18700,741905000,39700,"2023-03-03T13:55:00.000Z",1677851700000,39700,39500,39500,71.4,28.6,0,2.8,0.4,,0.4,12500,43700,1384200,,1729755000,1235830000,493925000,
11267.4,-545300,-21664805000,17399705000,39064510000,56495895000,448356521.7,1152595652.2,-1.9,29030.4,82.6,24.5,34300,32900,1306775000,39800,"2023-03-03T14:00:00.000Z",1677852000000,39800,39700,39700,96.1,3.9,0,3,0,,0,1400,35700,1419900,,1417975000,1362375000,55600000,
11267.4,-544600,-21636165000,17869305000,39505470000,57406455000,448356521.7,1152595652.2,0,29030.4,82.6,1.1,11800,700,28640000,39750,"2023-03-03T14:05:00.000Z",1677852300000,39850,39700,39850,51.5,48.5,0,1,0.4,,0.9,11100,22900,1442800,,910560000,469600000,440960000,
11267.4,-598600,-23775185000,17988390000,41763575000,59783645000,448356521.7,1152595652.2,3,29030.4,82.6,0.1,3000,-54000,-2139020000,39650,"2023-03-03T14:10:00.000Z",1677852600000,39750,39600,39750,5,95,0,0.3,2,,19,57000,60000,1502800,,2377190000,119085000,2258105000,
11267.4,-619300,-24594770000,18906045000,43500815000,62549420000,448356521.7,1152595652.2,1.2,29030.4,82.6,0.5,23200,-20700,-819585000,39550,"2023-03-03T14:15:00.000Z",1677852900000,39650,39550,39650,33.2,62.8,4,2.1,1.5,33.9,1.9,43900,69900,1572700,2800,2765775000,917655000,1737240000,110880000
11267.4,-610200,-24235080000,19868065000,44103145000,64113770000,448356521.7,1152595652.2,-0.5,29030.4,82.6,1.6,24300,9100,359690000,39600,"2023-03-03T14:20:00.000Z",1677853200000,39650,39550,39550,61.5,38.5,0,2.2,0.5,,0.6,15200,39500,1612200,,1564350000,962020000,602330000,
11267.4,-687100,-27273000000,20624400000,47897400000,68672280000,448356521.7,1152595652.2,4.3,29030.4,82.6,0.2,19100,-76900,-3037920000,39750,"2023-03-03T14:25:00.000Z",1677853500000,39750,39500,39600,16.6,83.3,0.2,1.7,3.3,2.4,5,96000,115300,1727500,200,4558510000,756335000,3794255000,7920000
11267.4,-817100,-32395000000,20624400000,53019400000,73794280000,448356521.7,1152595652.2,7.3,29030.4,82.6,0,,-130000,-5122000000,39400,"2023-03-03T14:45:00.000Z",1677854700000,39400,39400,39400,0,100,0,,4.5,,Infinity,130000,130000,1857500,,5122000000,,5122000000,
