"abu","acum_busd","acum_busd_val","acum_val_bu","acum_val_sd","acum_val","avg_val_bu","avg_val_sd","rbusd","asd","auk","bs","bu","bu-sd","bu-sd_val","c","date","datetime","h","l","o","pbu","psd","puk","rbu","rsd","ruk","sb","sd","sum_vol","total_vol","uk","val","val_bu","val_sd","val_uk"
6873.9,64300,1052635000,1157705000,105070000,1262775000,111711847.8,180505217.4,-15.3,11147.8,0,11,70700,64300,1052635000,16450,"2023-03-03T09:15:00.000Z",1677834900000,16450,16300,16350,91.7,8.3,0,10.3,0.6,,0.1,6400,77100,77100,,1262775000,1157705000,105070000,
6873.9,58800,962435000,1339745000,377310000,1717055000,111711847.8,180505217.4,1.3,11147.8,0,0.7,11100,-5500,-90200000,16400,"2023-03-03T09:20:00.000Z",1677835200000,16400,16400,16400,40.1,59.9,0,1.6,1.5,,1.5,16600,27700,104800,,454280000,182040000,272240000,
6873.9,55100,902375000,1482425000,580050000,2062475000,111711847.8,180505217.4,0.9,11147.8,0,0.7,8700,-3700,-60060000,16400,"2023-03-03T09:25:00.000Z",1677835500000,16400,16350,16400,41.2,58.8,0,1.3,1.1,,1.4,12400,21100,125900,,345420000,142680000,202740000,
6873.9,52100,853625000,1585690000,732065000,2317755000,111711847.8,180505217.4,0.7,11147.8,0,0.7,6300,-3000,-48750000,16350,"2023-03-03T09:30:00.000Z",1677835800000,16400,16300,16400,40.4,59.6,0,0.9,0.8,,1.5,9300,15600,141500,,255280000,103265000,152015000,
6873.9,35300,579810000,1595495000,1015685000,2611180000,111711847.8,180505217.4,4,11147.8,0,0,600,-16800,-273815000,16300,"2023-03-03T09:35:00.000Z",1677836100000,16350,16300,16350,3.3,96.7,0,0.1,1.6,,29,17400,18000,159500,,293425000,9805000,283620000,
6873.9,15700,261270000,1605275000,1344005000,2949280000,111711847.8,180505217.4,4.6,11147.8,0,0,600,-19600,-318540000,16300,"2023-03-03T09:40:00.000Z",1677836400000,16300,16250,16250,2.9,97.1,0,0.1,1.8,,33.7,20200,20800,180300,,338100000,9780000,328320000,
6873.9,5900,101620000,1631380000,1529760000,3161140000,111711847.8,180505217.4,2.3,11147.8,0,0.1,1600,-9800,-159650000,16300,"2023-03-03T09:45:00.000Z",1677836700000,16350,16250,16300,12.3,87.7,0,0.2,1,,7.1,11400,13000,193300,,211860000,26105000,185755000,
6873.9,5700,98370000,1631380000,1533010000,3164390000,111711847.8,180505217.4,0,11147.8,0,0,,-200,-3250000,16250,"2023-03-03T09:50:00.000Z",1677837000000,16250,16250,16250,0,100,0,,0,,Infinity,200,200,193500,,3250000,,3250000,
6873.9,-31100,-498810000,1631380000,2130190000,3761570000,111711847.8,180505217.4,8.7,11147.8,0,0,,-36800,-597180000,16200,"2023-03-03T09:55:00.000Z",1677837300000,16250,16200,16250,0,100,0,,3.3,,Infinity,36800,36800,230300,,597180000,,597180000,
6873.9,-43700,-703560000,1777630000,2481190000,4258820000,111711847.8,180505217.4,3,11147.8,0,0.4,9000,-12600,-204750000,16250,"2023-03-03T10:00:00.000Z",1677837600000,16250,16250,16250,29.4,70.6,0,1.3,1.9,,2.4,21600,30600,260900,,497250000,146250000,351000000,
6873.9,-16100,-253555000,2268260000,2521815000,4790075000,111711847.8,180505217.4,-6.5,11147.8,0,12,30100,27600,450005000,16250,"2023-03-03T10:05:00.000Z",1677837900000,16300,16250,16300,92.3,7.7,0,4.4,0.2,,0.1,2500,32600,293500,,531255000,490630000,40625000,
6873.9,-35500,-568800000,2269890000,2838690000,5108580000,111711847.8,180505217.4,4.6,11147.8,0,0,100,-19400,-315245000,16250,"2023-03-03T10:10:00.000Z",1677838200000,16300,16250,16250,0.5,99.5,0,0,1.7,,195,19500,19600,313100,,318505000,1630000,316875000,
6873.9,-43100,-692130000,2279640000,2971770000,5251410000,111711847.8,180505217.4,1.8,11147.8,0,0.1,600,-7600,-123330000,16250,"2023-03-03T10:15:00.000Z",1677838500000,16250,16200,16250,6.8,93.2,0,0.1,0.7,,13.7,8200,8800,321900,,142830000,9750000,133080000,
6873.9,-42600,-683755000,2369015000,3052770000,5421785000,111711847.8,180505217.4,-0.1,11147.8,0,1.1,5500,500,8375000,16250,"2023-03-03T10:20:00.000Z",1677838800000,16250,16200,16200,52.4,47.6,0,0.8,0.4,,0.9,5000,10500,332400,,170375000,89375000,81000000,
6873.9,-44500,-714630000,2375515000,3090145000,5465660000,111711847.8,180505217.4,0.4,11147.8,0,0.2,400,-1900,-30875000,16250,"2023-03-03T10:25:00.000Z",1677839100000,16250,16250,16250,14.8,85.2,0,0.1,0.2,,5.8,2300,2700,335100,,43875000,6500000,37375000,
6873.9,-44300,-711375000,2380390000,3091765000,5472155000,111711847.8,180505217.4,0,11147.8,0,3,300,200,3255000,16250,"2023-03-03T10:30:00.000Z",1677839400000,16250,16200,16200,75,25,0,0,0,,0.3,100,400,335500,,6495000,4875000,1620000,
6873.9,-63200,-1017555000,2380390000,3397945000,5778335000,111711847.8,180505217.4,4.5,11147.8,0,0,,-18900,-306180000,16200,"2023-03-03T10:35:00.000Z",1677839700000,16200,16200,16200,0,100,0,,1.7,,Infinity,18900,18900,354400,,306180000,,306180000,
6873.9,-63100,-1015930000,2382015000,3397945000,5779960000,111711847.8,180505217.4,0,11147.8,0,Infinity,100,100,1625000,16250,"2023-03-03T10:40:00.000Z",1677840000000,16250,16250,16250,100,0,0,0,,,0,,100,354500,,1625000,1625000,,
6873.9,-62100,-999570000,2434015000,3433585000,5867600000,111711847.8,180505217.4,-0.2,11147.8,0,1.5,3200,1000,16360000,16200,"2023-03-03T10:45:00.000Z",1677840300000,16250,16200,16250,59.3,40.7,0,0.5,0.2,,0.7,2200,5400,359900,,87640000,52000000,35640000,
6873.9,-112600,-1817640000,2434015000,4251655000,6685670000,111711847.8,180505217.4,11.9,11147.8,0,0,,-50500,-818070000,16150,"2023-03-03T10:50:00.000Z",1677840600000,16200,16150,16200,0,100,0,,4.5,,Infinity,50500,50500,410400,,818070000,,818070000,
6873.9,-122400,-1975650000,2542555000,4518205000,7060760000,111711847.8,180505217.4,2.3,11147.8,0,0.4,6700,-9800,-158010000,16200,"2023-03-03T10:55:00.000Z",1677840900000,16200,16150,16150,28.9,71.1,0,1,1.5,,2.5,16500,23200,433600,,375090000,108540000,266550000,
6873.9,-121800,-1965930000,2552275000,4518205000,7070480000,111711847.8,180505217.4,-0.1,11147.8,0,Infinity,600,600,9720000,16200,"2023-03-03T11:00:00.000Z",1677841200000,16200,16200,16200,100,0,0,0.1,,,0,,600,434200,,9720000,9720000,,
6873.9,-122800,-1982080000,2552275000,4534355000,7086630000,111711847.8,180505217.4,0.2,11147.8,0,0,,-1000,-16150000,16150,"2023-03-03T11:05:00.000Z",1677841500000,16150,16150,16150,0,100,0,,0.1,,Infinity,1000,1000,435200,,16150000,,16150000,
6873.9,-122000,-1968945000,2621935000,4590880000,7212815000,111711847.8,180505217.4,-0.2,11147.8,0,1.2,4300,800,13135000,16200,"2023-03-03T11:10:00.000Z",1677841800000,16200,16150,16200,55.1,44.9,0,0.6,0.3,,0.8,3500,7800,443000,,126185000,69660000,56525000,
6873.9,-124500,-2009320000,2621935000,4631255000,7253190000,111711847.8,180505217.4,0.6,11147.8,0,0,,-2500,-40375000,16150,"2023-03-03T11:15:00.000Z",1677842100000,16150,16150,16150,0,100,0,,0.2,,Infinity,2500,2500,445500,,40375000,,40375000,
6873.9,-126200,-2036775000,2621935000,4658710000,7280645000,111711847.8,180505217.4,0.4,11147.8,0,0,,-1700,-27455000,16150,"2023-03-03T11:20:00.000Z",1677842400000,16150,16150,16150,0,100,0,,0.2,,Infinity,1700,1700,447200,,27455000,,27455000,
6873.9,-137300,-2216040000,2621935000,4837975000,7459910000,111711847.8,180505217.4,2.6,11147.8,0,0,,-11100,-179265000,16150,"2023-03-03T11:25:00.000Z",1677842700000,16150,16150,16150,0,100,0,,1,,Infinity,11100,11100,458300,,179265000,,179265000,
6873.9,-137300,-2215065000,2977110000,5192175000,8169285000,111711847.8,180505217.4,0,11147.8,0,1,22000,0,975000,16100,"2023-03-03T13:00:00.000Z",1677848400000,16150,16100,16150,50,50,0,3.2,2,,1,22000,44000,502300,,709375000,355175000,354200000,
6873.9,-137100,-2211620000,3159040000,5370660000,8529700000,111711847.8,180505217.4,-0.1,11147.8,0,1,11300,200,3445000,16100,"2023-03-03T13:05:00.000Z",1677848700000,16100,16050,16050,50.4,49.6,0,1.6,1,,1,11100,22400,524700,,360415000,181930000,178485000,
6873.9,-130500,-2104905000,3306005000,5410910000,8716915000,111711847.8,180505217.4,-1.6,11147.8,0,3.6,9100,6600,106715000,16100,"2023-03-03T13:10:00.000Z",1677849000000,16150,16100,16100,78.4,21.6,0,1.3,0.2,,0.3,2500,11600,536300,,187215000,146965000,40250000,
6873.9,-149900,-2417245000,3310835000,5728080000,9038915000,111711847.8,180505217.4,4.5,11147.8,0,0,300,-19400,-312340000,16100,"2023-03-03T13:15:00.000Z",1677849300000,16100,16100,16100,1.5,98.5,0,0,1.8,,65.7,19700,20000,556300,,322000000,4830000,317170000,
6873.9,-149500,-2410710000,3341520000,5752230000,9093750000,111711847.8,180505217.4,-0.1,11147.8,0,1.3,1900,400,6535000,16150,"2023-03-03T13:20:00.000Z",1677849600000,16150,16100,16150,55.9,44.1,0,0.3,0.1,,0.8,1500,3400,559700,,54835000,30685000,24150000,
6873.9,-112300,-1808650000,3966180000,5774830000,9741010000,111711847.8,180505217.4,-8.8,11147.8,0,27.6,38600,37200,602060000,16200,"2023-03-03T13:25:00.000Z",1677849900000,16200,16100,16150,96.5,3.5,0,5.6,0.1,,0,1400,40000,599700,,647260000,624660000,22600000,
6873.9,-123600,-1991710000,3966180000,5957890000,9924070000,111711847.8,180505217.4,2.7,11147.8,0,0,,-11300,-183060000,16200,"2023-03-03T13:30:00.000Z",1677850200000,16200,16200,16200,0,100,0,,1,,Infinity,11300,11300,611000,,183060000,,183060000,
6873.9,-122700,-1977125000,3982380000,5959505000,9941885000,111711847.8,180505217.4,-0.2,11147.8,0,10,1000,900,14585000,16150,"2023-03-03T13:35:00.000Z",1677850500000,16200,16150,16200,90.9,9.1,0,0.1,0,,0.1,100,1100,612100,,17815000,16200000,1615000,
6873.9,-118400,-1907455000,4055280000,5962735000,10018015000,111711847.8,180505217.4,-1,11147.8,0,22.5,4500,4300,69670000,16150,"2023-03-03T13:40:00.000Z",1677850800000,16200,16150,16200,95.7,4.3,0,0.7,0,,0,200,4700,616800,,76130000,72900000,3230000,
6873.9,-125600,-2023735000,4055280000,6079015000,10134295000,111711847.8,180505217.4,1.7,11147.8,0,0,,-7200,-116280000,16150,"2023-03-03T13:45:00.000Z",1677851100000,16150,16150,16150,0,100,0,,0.6,,Infinity,7200,7200,624000,,116280000,,116280000,
6873.9,-150000,-2417105000,4071380000,6488485000,10559865000,111711847.8,180505217.4,5.7,11147.8,0,0,1000,-24400,-393370000,16100,"2023-03-03T13:50:00.000Z",1677851400000,16150,16100,16150,3.8,96.2,0,0.1,2.3,,25.4,25400,26400,650400,,425570000,16100000,409470000,
6873.9,-146600,-2361870000,4231265000,6593135000,10824400000,111711847.8,180505217.4,-0.8,11147.8,0,1.5,9900,3400,55235000,16150,"2023-03-03T13:55:00.000Z",1677851700000,16150,16100,16150,60.4,39.6,0,1.4,0.6,,0.7,6500,16400,666800,,264535000,159885000,104650000,
6873.9,-151600,-2442620000,4231265000,6673885000,10905150000,111711847.8,180505217.4,1.2,11147.8,0,0,,-5000,-80750000,16150,"2023-03-03T14:00:00.000Z",1677852000000,16150,16150,16150,0,100,0,,0.4,,Infinity,5000,5000,671800,,80750000,,80750000,
6873.9,-153300,-2470080000,4780525000,7250605000,12031130000,111711847.8,180505217.4,0.4,11147.8,0,1,33900,-1700,-27460000,16200,"2023-03-03T14:05:00.000Z",1677852300000,16250,16200,16200,48.8,51.2,0,4.9,3.2,,1.1,35600,69500,741300,,1125980000,549260000,576720000,
6873.9,-155400,-2503495000,4910125000,7413620000,12323745000,111711847.8,180505217.4,0.5,11147.8,0,0.8,8000,-2100,-33415000,16100,"2023-03-03T14:10:00.000Z",1677852600000,16200,16100,16150,44.2,55.8,0,1.2,0.9,,1.3,10100,18100,759400,,292615000,129600000,163015000,
6873.9,-155600,-2506705000,5005115000,7511820000,12516935000,111711847.8,180505217.4,0,11147.8,0,1,5900,-200,-3210000,16100,"2023-03-03T14:15:00.000Z",1677852900000,16100,16050,16100,49.2,50.8,0,0.9,0.5,,1,6100,12000,771400,,193190000,94990000,98200000,
6873.9,-161700,-2604530000,5058245000,7662775000,12721020000,111711847.8,180505217.4,1.4,11147.8,0,0.4,3300,-6100,-97825000,16100,"2023-03-03T14:20:00.000Z",1677853200000,16100,16050,16100,26,74,0,0.5,0.8,,2.8,9400,12700,784100,,204085000,53130000,150955000,
6873.9,-160200,-2580275000,5138745000,7719020000,12857765000,111711847.8,180505217.4,-0.4,11147.8,0,1.4,5000,1500,24255000,16050,"2023-03-03T14:25:00.000Z",1677853500000,16100,16050,16100,58.8,41.2,0,0.7,0.3,,0.7,3500,8500,792600,,136745000,80500000,56245000,
6873.9,-196600,-3164495000,5138745000,8303240000,13441985000,111711847.8,180505217.4,8.5,11147.8,0,0,,-36400,-584220000,16050,"2023-03-03T14:45:00.000Z",1677854700000,16050,16050,16050,0,100,0,,3.3,,Infinity,36400,36400,829000,,584220000,,584220000,
