"abu","acum_busd","acum_busd_val","acum_val_bu","acum_val_sd","acum_val","avg_val_bu","avg_val_sd","rbusd","asd","auk","bs","bu","bu-sd","bu-sd_val","c","date","datetime","h","l","o","pbu","psd","puk","rbu","rsd","ruk","sb","sd","sum_vol","total_vol","uk","val","val_bu","val_sd","val_uk"
1273.7,0,0,0,0,15330000,65902368.4,56350263.2,0,1094.7,7.9,NaN,,0,0,51100,"2023-03-03T09:15:00.000Z",1677834900000,51100,51100,51100,0,0,100,,,38,NaN,,300,300,300,15330000,,,15330000
1273.7,2000,103400000,103400000,0,118730000,65902368.4,56350263.2,10.8,1094.7,7.9,Infinity,2000,2000,103400000,51700,"2023-03-03T09:35:00.000Z",1677836100000,51700,51700,51700,100,0,0,1.6,,,0,,2000,2300,,103400000,103400000,,
1273.7,2600,134420000,134420000,0,149750000,65902368.4,56350263.2,3.2,1094.7,7.9,Infinity,600,600,31020000,51700,"2023-03-03T09:40:00.000Z",1677836400000,51700,51700,51700,100,0,0,0.5,,,0,,600,2900,,31020000,31020000,,
1273.7,2700,139590000,139590000,0,154920000,65902368.4,56350263.2,0.5,1094.7,7.9,Infinity,100,100,5170000,51700,"2023-03-03T09:45:00.000Z",1677836700000,51700,51700,51700,100,0,0,0.1,,,0,,100,3000,,5170000,5170000,,
1273.7,4200,217290000,217290000,0,232620000,65902368.4,56350263.2,8.1,1094.7,7.9,Infinity,1500,1500,77700000,51800,"2023-03-03T09:55:00.000Z",1677837300000,51800,51800,51800,100,0,0,1.2,,,0,,1500,4500,,77700000,77700000,,
1273.7,6200,320890000,320890000,0,336220000,65902368.4,56350263.2,10.8,1094.7,7.9,Infinity,2000,2000,103600000,51800,"2023-03-03T10:05:00.000Z",1677837900000,51800,51800,51800,100,0,0,1.6,,,0,,2000,6500,,103600000,103600000,,
1273.7,8700,450390000,450390000,0,465720000,65902368.4,56350263.2,13.6,1094.7,7.9,Infinity,2500,2500,129500000,51800,"2023-03-03T10:10:00.000Z",1677838200000,51800,51800,51800,100,0,0,2,,,0,,2500,9000,,129500000,129500000,,
1273.7,8500,440050000,450390000,10340000,476060000,65902368.4,56350263.2,-1.1,1094.7,7.9,0,,-200,-10340000,51700,"2023-03-03T10:20:00.000Z",1677838800000,51700,51700,51700,0,100,0,,0.2,,Infinity,200,200,9200,,10340000,,10340000,
1273.7,8400,434880000,553990000,119110000,688430000,65902368.4,56350263.2,-0.5,1094.7,7.9,1,2000,-100,-5170000,51800,"2023-03-03T10:25:00.000Z",1677839100000,51800,51700,51800,48.8,51.2,0,1.6,1.9,,1.1,2100,4100,13300,,212370000,103600000,108770000,
1273.7,6900,357330000,553990000,196660000,765980000,65902368.4,56350263.2,-8.1,1094.7,7.9,0,,-1500,-77550000,51700,"2023-03-03T10:30:00.000Z",1677839400000,51700,51700,51700,0,100,0,,1.4,,Infinity,1500,1500,14800,,77550000,,77550000,
1273.7,7400,383180000,579840000,196660000,791830000,65902368.4,56350263.2,2.7,1094.7,7.9,Infinity,500,500,25850000,51700,"2023-03-03T10:35:00.000Z",1677839700000,51700,51700,51700,100,0,0,0.4,,,0,,500,15300,,25850000,25850000,,
1273.7,7500,388360000,585020000,196660000,797010000,65902368.4,56350263.2,0.5,1094.7,7.9,Infinity,100,100,5180000,51800,"2023-03-03T10:45:00.000Z",1677840300000,51800,51800,51800,100,0,0,0.1,,,0,,100,15400,,5180000,5180000,,
1273.7,4500,232960000,585020000,352060000,952410000,65902368.4,56350263.2,-16.3,1094.7,7.9,0,,-3000,-155400000,51800,"2023-03-03T10:50:00.000Z",1677840600000,51800,51800,51800,0,100,0,,2.7,,Infinity,3000,3000,18400,,155400000,,155400000,
1273.7,1800,93100000,585020000,491920000,1092270000,65902368.4,56350263.2,-14.6,1094.7,7.9,0,,-2700,-139860000,51800,"2023-03-03T10:55:00.000Z",1677840900000,51800,51800,51800,0,100,0,,2.5,,Infinity,2700,2700,21100,,139860000,,139860000,
1273.7,3100,160440000,652360000,491920000,1159610000,65902368.4,56350263.2,7,1094.7,7.9,Infinity,1300,1300,67340000,51800,"2023-03-03T11:00:00.000Z",1677841200000,51800,51800,51800,100,0,0,1,,,0,,1300,22400,,67340000,67340000,,
1273.7,1400,72380000,652360000,579980000,1247670000,65902368.4,56350263.2,-9.2,1094.7,7.9,0,,-1700,-88060000,51800,"2023-03-03T11:05:00.000Z",1677841500000,51800,51800,51800,0,100,0,,1.6,,Infinity,1700,1700,24100,,88060000,,88060000,
1273.7,2400,124180000,704160000,579980000,1299470000,65902368.4,56350263.2,5.4,1094.7,7.9,Infinity,1000,1000,51800000,51800,"2023-03-03T11:10:00.000Z",1677841800000,51800,51800,51800,100,0,0,0.8,,,0,,1000,25100,,51800000,51800000,,
1273.7,3400,175980000,755960000,579980000,1351270000,65902368.4,56350263.2,5.4,1094.7,7.9,Infinity,1000,1000,51800000,51800,"2023-03-03T11:15:00.000Z",1677842100000,51800,51800,51800,100,0,0,0.8,,,0,,1000,26100,,51800000,51800000,,
1273.7,4400,227780000,807760000,579980000,1403070000,65902368.4,56350263.2,5.4,1094.7,7.9,Infinity,1000,1000,51800000,51800,"2023-03-03T11:25:00.000Z",1677842700000,51800,51800,51800,100,0,0,0.8,,,0,,1000,27100,,51800000,51800000,,
1273.7,3800,196840000,875000000,678160000,1568490000,65902368.4,56350263.2,-3.2,1094.7,7.9,0.7,1300,-600,-30940000,51600,"2023-03-03T13:00:00.000Z",1677848400000,51800,51600,51700,40.6,59.4,0,1,1.7,,1.5,1900,3200,30300,,165420000,67240000,98180000,
1273.7,4300,222590000,900750000,678160000,1594240000,65902368.4,56350263.2,2.7,1094.7,7.9,Infinity,500,500,25750000,51500,"2023-03-03T13:05:00.000Z",1677848700000,51500,51500,51500,100,0,0,0.4,,,0,,500,30800,,25750000,25750000,,
1273.7,4500,232870000,911030000,678160000,1604520000,65902368.4,56350263.2,1.1,1094.7,7.9,Infinity,200,200,10280000,51400,"2023-03-03T13:10:00.000Z",1677849000000,51400,51400,51400,100,0,0,0.2,,,0,,200,31000,,10280000,10280000,,
1273.7,4100,212820000,1121770000,908950000,2046050000,65902368.4,56350263.2,-2.1,1094.7,7.9,0.9,4100,-400,-20050000,51200,"2023-03-03T13:15:00.000Z",1677849300000,51400,51200,51400,47.7,52.3,0,3.2,4.1,,1.1,4500,8600,39600,,441530000,210740000,230790000,
1273.7,3400,176960000,1121770000,944810000,2081910000,65902368.4,56350263.2,-3.8,1094.7,7.9,0,,-700,-35860000,51300,"2023-03-03T13:20:00.000Z",1677849600000,51300,51200,51200,0,100,0,,0.6,,Infinity,700,700,40300,,35860000,,35860000,
1273.7,18900,979620000,1924430000,944810000,2884570000,65902368.4,56350263.2,84,1094.7,7.9,Infinity,15500,15500,802660000,51800,"2023-03-03T13:25:00.000Z",1677849900000,51800,51600,51700,100,0,0,12.2,,,0,,15500,55800,,802660000,802660000,,
1273.7,17900,927820000,1924430000,996610000,2936370000,65902368.4,56350263.2,-5.4,1094.7,7.9,0,,-1000,-51800000,51800,"2023-03-03T13:30:00.000Z",1677850200000,51800,51800,51800,0,100,0,,0.9,,Infinity,1000,1000,56800,,51800000,,51800000,
1273.7,15400,798820000,1924430000,1125610000,3065370000,65902368.4,56350263.2,-13.5,1094.7,7.9,0,,-2500,-129000000,51600,"2023-03-03T13:35:00.000Z",1677850500000,51600,51600,51600,0,100,0,,2.3,,Infinity,2500,2500,59300,,129000000,,129000000,
1273.7,14900,773020000,1924430000,1151410000,3091170000,65902368.4,56350263.2,-2.7,1094.7,7.9,0,,-500,-25800000,51600,"2023-03-03T13:40:00.000Z",1677850800000,51600,51600,51600,0,100,0,,0.5,,Infinity,500,500,59800,,25800000,,25800000,
1273.7,19600,1016480000,2188610000,1172130000,3376070000,65902368.4,56350263.2,25.5,1094.7,7.9,12.8,5100,4700,243460000,51800,"2023-03-03T13:45:00.000Z",1677851100000,51800,51800,51800,92.7,7.3,0,4,0.4,,0.1,400,5500,65300,,284900000,264180000,20720000,
1273.7,19500,1011320000,2188610000,1177290000,3381230000,65902368.4,56350263.2,-0.5,1094.7,7.9,0,,-100,-5160000,51600,"2023-03-03T13:50:00.000Z",1677851400000,51600,51600,51600,0,100,0,,0.1,,Infinity,100,100,65400,,5160000,,5160000,
1273.7,19600,1016490000,2193780000,1177290000,3386400000,65902368.4,56350263.2,0.5,1094.7,7.9,Infinity,100,100,5170000,51700,"2023-03-03T13:55:00.000Z",1677851700000,51700,51700,51700,100,0,0,0.1,,,0,,100,65500,,5170000,5170000,,
1273.7,20400,1058050000,2297380000,1239330000,3552040000,65902368.4,56350263.2,4.4,1094.7,7.9,1.7,2000,800,41560000,51800,"2023-03-03T14:00:00.000Z",1677852000000,51800,51700,51700,62.5,37.5,0,1.6,1.1,,0.6,1200,3200,68700,,165640000,103600000,62040000,
1273.7,21700,1125390000,2364720000,1239330000,3619380000,65902368.4,56350263.2,7,1094.7,7.9,Infinity,1300,1300,67340000,51800,"2023-03-03T14:05:00.000Z",1677852300000,51800,51800,51800,100,0,0,1,,,0,,1300,70000,,67340000,67340000,,
1273.7,18300,949610000,2364720000,1415110000,3795160000,65902368.4,56350263.2,-18.4,1094.7,7.9,0,,-3400,-175780000,51700,"2023-03-03T14:10:00.000Z",1677852600000,51700,51700,51700,0,100,0,,3.1,,Infinity,3400,3400,73400,,175780000,,175780000,
1273.7,19700,1022020000,2493970000,1471950000,3981250000,65902368.4,56350263.2,7.6,1094.7,7.9,2.3,2500,1400,72410000,51700,"2023-03-03T14:15:00.000Z",1677852900000,51700,51600,51700,69.4,30.6,0,2,1,,0.4,1100,3600,77000,,186090000,129250000,56840000,
1273.7,17700,918820000,2499130000,1580310000,4094770000,65902368.4,56350263.2,-10.8,1094.7,7.9,0,100,-2000,-103200000,51600,"2023-03-03T14:20:00.000Z",1677853200000,51600,51600,51600,4.5,95.5,0,0.1,1.9,,21,2100,2200,79200,,113520000,5160000,108360000,
1273.7,17800,923980000,2504290000,1580310000,4099930000,65902368.4,56350263.2,0.5,1094.7,7.9,Infinity,100,100,5160000,51600,"2023-03-03T14:25:00.000Z",1677853500000,51600,51600,51600,100,0,0,0.1,,,0,,100,79300,,5160000,5160000,,
1273.7,6800,362980000,2504290000,2141310000,4660930000,65902368.4,56350263.2,-58.7,1094.7,7.9,0,,-11000,-561000000,51000,"2023-03-03T14:45:00.000Z",1677854700000,51000,51000,51000,0,100,0,,10,,Infinity,11000,11000,90300,,561000000,,561000000,
