"abu","acum_busd","acum_busd_val","acum_val_bu","acum_val_sd","acum_val","avg_val_bu","avg_val_sd","rbusd","asd","auk","bs","bu","bu-sd","bu-sd_val","c","date","datetime","h","l","o","pbu","psd","puk","rbu","rsd","ruk","sb","sd","sum_vol","total_vol","uk","val","val_bu","val_sd","val_uk"
1665.7,200,2680000,2680000,0,2680000,22265074.6,6031492.5,0.2,452.2,0,Infinity,200,200,2680000,13400,"2023-02-14T09:02:00.000Z",1676365320000,13400,13400,13400,100,0,0,0.1,,,0,,200,200,,2680000,2680000,,
1665.7,-800,-10580000,5380000,15960000,21340000,22265074.6,6031492.5,-0.8,452.2,0,0.2,200,-1000,-13260000,13500,"2023-02-14T09:12:00.000Z",1676365920000,13500,13300,13300,14.3,85.7,0,0.1,2.7,,6,1200,1400,1600,,18660000,2700000,15960000,
1665.7,300,4270000,20230000,15960000,36190000,22265074.6,6031492.5,0.9,452.2,0,Infinity,1100,1100,14850000,13500,"2023-02-14T09:16:00.000Z",1676366160000,13500,13500,13500,100,0,0,0.7,,,0,,1100,2700,,14850000,14850000,,
1665.7,0,280000,20230000,19950000,40180000,22265074.6,6031492.5,-0.2,452.2,0,0,,-300,-3990000,13300,"2023-02-14T09:34:00.000Z",1676367240000,13300,13300,13300,0,100,0,,0.7,,Infinity,300,300,3000,,3990000,,3990000,
1665.7,5600,74200000,109990000,35790000,145780000,22265074.6,6031492.5,4.6,452.2,0,5.7,6800,5600,73920000,13200,"2023-02-14T09:44:00.000Z",1676367840000,13200,13200,13200,85,15,0,4.1,2.7,,0.2,1200,8000,11000,,105600000,89760000,15840000,
1665.7,11000,146020000,181810000,35790000,217600000,22265074.6,6031492.5,4.4,452.2,0,Infinity,5400,5400,71820000,13300,"2023-02-14T09:46:00.000Z",1676367960000,13300,13300,13300,100,0,0,3.2,,,0,,5400,16400,,71820000,71820000,,
1665.7,3700,50080000,181810000,131730000,313540000,22265074.6,6031492.5,-5.9,452.2,0,0,,-7300,-95940000,13100,"2023-02-14T09:56:00.000Z",1676368560000,13200,13100,13200,0,100,0,,16.1,,Infinity,7300,7300,23700,,95940000,,95940000,
1665.7,4500,60560000,192290000,131730000,324020000,22265074.6,6031492.5,0.6,452.2,0,Infinity,800,800,10480000,13100,"2023-02-14T09:58:00.000Z",1676368680000,13100,13100,13100,100,0,0,0.5,,,0,,800,24500,,10480000,10480000,,
1665.7,6800,90840000,222570000,131730000,354300000,22265074.6,6031492.5,1.9,452.2,0,Infinity,2300,2300,30280000,13200,"2023-02-14T10:00:00.000Z",1676368800000,13200,13100,13100,100,0,0,1.4,,,0,,2300,26800,,30280000,30280000,,
1665.7,8800,117390000,249120000,131730000,380850000,22265074.6,6031492.5,1.6,452.2,0,Infinity,2000,2000,26550000,13300,"2023-02-14T10:04:00.000Z",1676369040000,13300,13200,13200,100,0,0,1.2,,,0,,2000,28800,,26550000,26550000,,
1665.7,9000,120030000,272880000,152850000,425730000,22265074.6,6031492.5,0.2,452.2,0,1.1,1800,200,2640000,13200,"2023-02-14T10:06:00.000Z",1676369160000,13200,13200,13200,52.9,47.1,0,1.1,3.5,,0.9,1600,3400,32200,,44880000,23760000,21120000,
1665.7,11500,153280000,306130000,152850000,458980000,22265074.6,6031492.5,2,452.2,0,Infinity,2500,2500,33250000,13300,"2023-02-14T10:08:00.000Z",1676369280000,13300,13300,13300,100,0,0,1.5,,,0,,2500,34700,,33250000,33250000,,
1665.7,14000,186530000,339380000,152850000,492230000,22265074.6,6031492.5,2,452.2,0,Infinity,2500,2500,33250000,13300,"2023-02-14T10:10:00.000Z",1676369400000,13300,13300,13300,100,0,0,1.5,,,0,,2500,37200,,33250000,33250000,,
1665.7,13200,175890000,339380000,163490000,502870000,22265074.6,6031492.5,-0.7,452.2,0,0,,-800,-10640000,13300,"2023-02-14T10:12:00.000Z",1676369520000,13300,13300,13300,0,100,0,,1.8,,Infinity,800,800,38000,,10640000,,10640000,
1665.7,14100,187950000,351440000,163490000,514930000,22265074.6,6031492.5,0.7,452.2,0,Infinity,900,900,12060000,13400,"2023-02-14T10:14:00.000Z",1676369640000,13400,13400,13400,100,0,0,0.5,,,0,,900,38900,,12060000,12060000,,
1665.7,15600,208050000,371540000,163490000,535030000,22265074.6,6031492.5,1.2,452.2,0,Infinity,1500,1500,20100000,13400,"2023-02-14T10:16:00.000Z",1676369760000,13400,13400,13400,100,0,0,0.9,,,0,,1500,40400,,20100000,20100000,,
1665.7,17200,229490000,392980000,163490000,556470000,22265074.6,6031492.5,1.3,452.2,0,Infinity,1600,1600,21440000,13400,"2023-02-14T10:18:00.000Z",1676369880000,13400,13400,13400,100,0,0,1,,,0,,1600,42000,,21440000,21440000,,
1665.7,20800,278090000,441580000,163490000,605070000,22265074.6,6031492.5,3,452.2,0,Infinity,3600,3600,48600000,13500,"2023-02-14T10:20:00.000Z",1676370000000,13500,13500,13500,100,0,0,2.2,,,0,,3600,45600,,48600000,48600000,,
1665.7,21800,291690000,455180000,163490000,618670000,22265074.6,6031492.5,0.8,452.2,0,Infinity,1000,1000,13600000,13600,"2023-02-14T10:22:00.000Z",1676370120000,13600,13600,13600,100,0,0,0.6,,,0,,1000,46600,,13600000,13600000,,
1665.7,22200,297130000,460620000,163490000,624110000,22265074.6,6031492.5,0.3,452.2,0,Infinity,400,400,5440000,13600,"2023-02-14T10:24:00.000Z",1676370240000,13600,13600,13600,100,0,0,0.2,,,0,,400,47000,,5440000,5440000,,
1665.7,18300,244730000,460620000,215890000,676510000,22265074.6,6031492.5,-3.2,452.2,0,0,,-3900,-52400000,13400,"2023-02-14T10:26:00.000Z",1676370360000,13500,13400,13500,0,100,0,,8.6,,Infinity,3900,3900,50900,,52400000,,52400000,
1665.7,17500,234140000,467320000,233180000,700500000,22265074.6,6031492.5,-0.7,452.2,0,0.4,500,-800,-10590000,13300,"2023-02-14T10:28:00.000Z",1676370480000,13400,13300,13400,27.8,72.2,0,0.3,2.9,,2.6,1300,1800,52700,,23990000,6700000,17290000,
1665.7,21800,291330000,524510000,233180000,757690000,22265074.6,6031492.5,3.5,452.2,0,Infinity,4300,4300,57190000,13300,"2023-02-14T10:30:00.000Z",1676370600000,13300,13300,13300,100,0,0,2.6,,,0,,4300,57000,,57190000,57190000,,
1665.7,18100,242120000,524510000,282390000,806900000,22265074.6,6031492.5,-3,452.2,0,0,,-3700,-49210000,13300,"2023-02-14T10:32:00.000Z",1676370720000,13300,13300,13300,0,100,0,,8.2,,Infinity,3700,3700,60700,,49210000,,49210000,
1665.7,19300,258200000,540590000,282390000,822980000,22265074.6,6031492.5,1,452.2,0,Infinity,1200,1200,16080000,13400,"2023-02-14T10:34:00.000Z",1676370840000,13400,13400,13400,100,0,0,0.7,,,0,,1200,61900,,16080000,16080000,,
1665.7,20900,279640000,562030000,282390000,844420000,22265074.6,6031492.5,1.3,452.2,0,Infinity,1600,1600,21440000,13400,"2023-02-14T10:36:00.000Z",1676370960000,13400,13400,13400,100,0,0,1,,,0,,1600,63500,,21440000,21440000,,
1665.7,22400,299890000,582280000,282390000,864670000,22265074.6,6031492.5,1.2,452.2,0,Infinity,1500,1500,20250000,13500,"2023-02-14T10:38:00.000Z",1676371080000,13500,13500,13500,100,0,0,0.9,,,0,,1500,65000,,20250000,20250000,,
1665.7,25100,336340000,618730000,282390000,901120000,22265074.6,6031492.5,2.2,452.2,0,Infinity,2700,2700,36450000,13500,"2023-02-14T10:40:00.000Z",1676371200000,13500,13500,13500,100,0,0,1.6,,,0,,2700,67700,,36450000,36450000,,
1665.7,25600,343090000,625480000,282390000,907870000,22265074.6,6031492.5,0.4,452.2,0,Infinity,500,500,6750000,13500,"2023-02-14T10:42:00.000Z",1676371320000,13500,13500,13500,100,0,0,0.3,,,0,,500,68200,,6750000,6750000,,
1665.7,26600,356590000,638980000,282390000,921370000,22265074.6,6031492.5,0.8,452.2,0,Infinity,1000,1000,13500000,13500,"2023-02-14T10:46:00.000Z",1676371560000,13500,13500,13500,100,0,0,0.6,,,0,,1000,69200,,13500000,13500000,,
1665.7,30300,406170000,688560000,282390000,970950000,22265074.6,6031492.5,3.1,452.2,0,Infinity,3700,3700,49580000,13400,"2023-02-14T10:48:00.000Z",1676371680000,13400,13400,13400,100,0,0,2.2,,,0,,3700,72900,,49580000,49580000,,
1665.7,30000,402150000,688560000,286410000,974970000,22265074.6,6031492.5,-0.2,452.2,0,0,,-300,-4020000,13400,"2023-02-14T10:54:00.000Z",1676372040000,13400,13400,13400,0,100,0,,0.7,,Infinity,300,300,73200,,4020000,,4020000,
1665.7,29300,392770000,688560000,295790000,984350000,22265074.6,6031492.5,-0.6,452.2,0,0,,-700,-9380000,13400,"2023-02-14T10:56:00.000Z",1676372160000,13400,13400,13400,0,100,0,,1.5,,Infinity,700,700,73900,,9380000,,9380000,
1665.7,30000,402150000,697940000,295790000,993730000,22265074.6,6031492.5,0.6,452.2,0,Infinity,700,700,9380000,13400,"2023-02-14T10:58:00.000Z",1676372280000,13400,13400,13400,100,0,0,0.4,,,0,,700,74600,,9380000,9380000,,
1665.7,31200,418230000,714020000,295790000,1009810000,22265074.6,6031492.5,1,452.2,0,Infinity,1200,1200,16080000,13400,"2023-02-14T11:02:00.000Z",1676372520000,13400,13400,13400,100,0,0,0.7,,,0,,1200,75800,,16080000,16080000,,
1665.7,30700,411580000,714020000,302440000,1016460000,22265074.6,6031492.5,-0.4,452.2,0,0,,-500,-6650000,13300,"2023-02-14T11:14:00.000Z",1676373240000,13300,13300,13300,0,100,0,,1.1,,Infinity,500,500,76300,,6650000,,6650000,
1665.7,30600,410250000,714020000,303770000,1017790000,22265074.6,6031492.5,-0.1,452.2,0,0,,-100,-1330000,13300,"2023-02-14T11:18:00.000Z",1676373480000,13300,13300,13300,0,100,0,,0.2,,Infinity,100,100,76400,,1330000,,1330000,
1665.7,34400,460790000,764560000,303770000,1068330000,22265074.6,6031492.5,3.1,452.2,0,Infinity,3800,3800,50540000,13300,"2023-02-14T13:00:00.000Z",1676379600000,13300,13300,13300,100,0,0,2.3,,,0,,3800,80200,,50540000,50540000,,
1665.7,35800,479410000,783180000,303770000,1086950000,22265074.6,6031492.5,1.1,452.2,0,Infinity,1400,1400,18620000,13300,"2023-02-14T13:02:00.000Z",1676379720000,13300,13300,13300,100,0,0,0.8,,,0,,1400,81600,,18620000,18620000,,
1665.7,36500,488720000,792490000,303770000,1096260000,22265074.6,6031492.5,0.6,452.2,0,Infinity,700,700,9310000,13300,"2023-02-14T13:04:00.000Z",1676379840000,13300,13300,13300,100,0,0,0.4,,,0,,700,82300,,9310000,9310000,,
1665.7,38000,508670000,812440000,303770000,1116210000,22265074.6,6031492.5,1.2,452.2,0,Infinity,1500,1500,19950000,13300,"2023-02-14T13:06:00.000Z",1676379960000,13300,13300,13300,100,0,0,0.9,,,0,,1500,83800,,19950000,19950000,,
1665.7,39000,521970000,825740000,303770000,1129510000,22265074.6,6031492.5,0.8,452.2,0,Infinity,1000,1000,13300000,13300,"2023-02-14T13:08:00.000Z",1676380080000,13300,13300,13300,100,0,0,0.6,,,0,,1000,84800,,13300000,13300000,,
1665.7,43700,584010000,887780000,303770000,1191550000,22265074.6,6031492.5,3.8,452.2,0,Infinity,4700,4700,62040000,13200,"2023-02-14T13:16:00.000Z",1676380560000,13200,13200,13200,100,0,0,2.8,,,0,,4700,89500,,62040000,62040000,,
1665.7,45200,603910000,907680000,303770000,1211450000,22265074.6,6031492.5,1.2,452.2,0,Infinity,1500,1500,19900000,13300,"2023-02-14T13:20:00.000Z",1676380800000,13300,13200,13200,100,0,0,0.9,,,0,,1500,91000,,19900000,19900000,,
1665.7,46700,623860000,927630000,303770000,1231400000,22265074.6,6031492.5,1.2,452.2,0,Infinity,1500,1500,19950000,13300,"2023-02-14T13:22:00.000Z",1676380920000,13300,13300,13300,100,0,0,0.9,,,0,,1500,92500,,19950000,19950000,,
1665.7,49200,657110000,960880000,303770000,1264650000,22265074.6,6031492.5,2,452.2,0,Infinity,2500,2500,33250000,13300,"2023-02-14T13:28:00.000Z",1676381280000,13300,13300,13300,100,0,0,1.5,,,0,,2500,95000,,33250000,33250000,,
1665.7,50800,678390000,982160000,303770000,1285930000,22265074.6,6031492.5,1.3,452.2,0,Infinity,1600,1600,21280000,13300,"2023-02-14T13:32:00.000Z",1676381520000,13300,13300,13300,100,0,0,1,,,0,,1600,96600,,21280000,21280000,,
1665.7,51800,691690000,995460000,303770000,1299230000,22265074.6,6031492.5,0.8,452.2,0,Infinity,1000,1000,13300000,13300,"2023-02-14T13:34:00.000Z",1676381640000,13300,13300,13300,100,0,0,0.6,,,0,,1000,97600,,13300000,13300000,,
1665.7,53700,717020000,1020790000,303770000,1324560000,22265074.6,6031492.5,1.6,452.2,0,Infinity,1900,1900,25330000,13400,"2023-02-14T13:36:00.000Z",1676381760000,13400,13300,13300,100,0,0,1.1,,,0,,1900,99500,,25330000,25330000,,
1665.7,57200,763570000,1067340000,303770000,1371110000,22265074.6,6031492.5,2.9,452.2,0,Infinity,3500,3500,46550000,13300,"2023-02-14T13:40:00.000Z",1676382000000,13300,13300,13300,100,0,0,2.1,,,0,,3500,103000,,46550000,46550000,,
1665.7,57000,760930000,1067340000,306410000,1373750000,22265074.6,6031492.5,-0.2,452.2,0,0,,-200,-2640000,13200,"2023-02-14T13:42:00.000Z",1676382120000,13200,13200,13200,0,100,0,,0.4,,Infinity,200,200,103200,,2640000,,2640000,
1665.7,57800,771570000,1077980000,306410000,1384390000,22265074.6,6031492.5,0.7,452.2,0,Infinity,800,800,10640000,13300,"2023-02-14T13:50:00.000Z",1676382600000,13300,13300,13300,100,0,0,0.5,,,0,,800,104000,,10640000,10640000,,
1665.7,60800,811470000,1117880000,306410000,1424290000,22265074.6,6031492.5,2.5,452.2,0,Infinity,3000,3000,39900000,13300,"2023-02-14T13:52:00.000Z",1676382720000,13300,13300,13300,100,0,0,1.8,,,0,,3000,107000,,39900000,39900000,,
1665.7,64000,854030000,1160440000,306410000,1466850000,22265074.6,6031492.5,2.6,452.2,0,Infinity,3200,3200,42560000,13300,"2023-02-14T13:54:00.000Z",1676382840000,13300,13300,13300,100,0,0,1.9,,,0,,3200,110200,,42560000,42560000,,
1665.7,64800,864750000,1171160000,306410000,1477570000,22265074.6,6031492.5,0.7,452.2,0,Infinity,800,800,10720000,13400,"2023-02-14T13:56:00.000Z",1676382960000,13400,13400,13400,100,0,0,0.5,,,0,,800,111000,,10720000,10720000,,
1665.7,71000,947830000,1254240000,306410000,1560650000,22265074.6,6031492.5,5.1,452.2,0,Infinity,6200,6200,83080000,13400,"2023-02-14T13:58:00.000Z",1676383080000,13400,13400,13400,100,0,0,3.7,,,0,,6200,117200,,83080000,83080000,,
1665.7,72900,973290000,1279700000,306410000,1586110000,22265074.6,6031492.5,1.6,452.2,0,Infinity,1900,1900,25460000,13400,"2023-02-14T14:00:00.000Z",1676383200000,13400,13400,13400,100,0,0,1.1,,,0,,1900,119100,,25460000,25460000,,
1665.7,77900,1040790000,1347200000,306410000,1653610000,22265074.6,6031492.5,4.2,452.2,0,Infinity,5000,5000,67500000,13500,"2023-02-14T14:02:00.000Z",1676383320000,13500,13500,13500,100,0,0,3,,,0,,5000,124100,,67500000,67500000,,
1665.7,79600,1063740000,1370150000,306410000,1676560000,22265074.6,6031492.5,1.4,452.2,0,Infinity,1700,1700,22950000,13500,"2023-02-14T14:06:00.000Z",1676383560000,13500,13500,13500,100,0,0,1,,,0,,1700,125800,,22950000,22950000,,
1665.7,81000,1082920000,1389330000,306410000,1695740000,22265074.6,6031492.5,1.2,452.2,0,Infinity,1400,1400,19180000,13700,"2023-02-14T14:10:00.000Z",1676383800000,13700,13700,13700,100,0,0,0.8,,,0,,1400,127200,,19180000,19180000,,
1665.7,77300,1032600000,1407010000,374410000,1781420000,22265074.6,6031492.5,-3.1,452.2,0,0.3,1300,-3700,-50320000,13600,"2023-02-14T14:12:00.000Z",1676383920000,13600,13600,13600,20.6,79.4,0,0.8,11.1,,3.8,5000,6300,133500,,85680000,17680000,68000000,
1665.7,78300,1046300000,1420710000,374410000,1795120000,22265074.6,6031492.5,0.8,452.2,0,Infinity,1000,1000,13700000,13700,"2023-02-14T14:14:00.000Z",1676384040000,13700,13700,13700,100,0,0,0.6,,,0,,1000,134500,,13700000,13700000,,
1665.7,81300,1087400000,1461810000,374410000,1836220000,22265074.6,6031492.5,2.5,452.2,0,Infinity,3000,3000,41100000,13700,"2023-02-14T14:16:00.000Z",1676384160000,13700,13700,13700,100,0,0,1.8,,,0,,3000,137500,,41100000,41100000,,
1665.7,81600,1091510000,1465920000,374410000,1840330000,22265074.6,6031492.5,0.3,452.2,0,Infinity,300,300,4110000,13700,"2023-02-14T14:22:00.000Z",1676384520000,13700,13700,13700,100,0,0,0.2,,,0,,300,137800,,4110000,4110000,,
1665.7,83100,1111910000,1486320000,374410000,1860730000,22265074.6,6031492.5,1.3,452.2,0,Infinity,1500,1500,20400000,13600,"2023-02-14T14:24:00.000Z",1676384640000,13600,13600,13600,100,0,0,0.9,,,0,,1500,139300,,20400000,20400000,,
1665.7,80900,1082210000,1486320000,404110000,1890430000,22265074.6,6031492.5,-1.8,452.2,0,0,,-2200,-29700000,13500,"2023-02-14T14:28:00.000Z",1676384880000,13500,13500,13500,0,100,0,,4.9,,Infinity,2200,2200,141500,,29700000,,29700000,
1665.7,81300,1087650000,1491760000,404110000,1895870000,22265074.6,6031492.5,0.3,452.2,0,Infinity,400,400,5440000,13600,"2023-02-14T14:44:00.000Z",1676385840000,13600,13600,13600,100,0,0,0.2,,,0,,400,141900,,5440000,5440000,,
