"abu","acum_busd","acum_busd_val","acum_val_bu","acum_val_sd","acum_val","avg_val_bu","avg_val_sd","rbusd","asd","auk","bs","bu","bu-sd","bu-sd_val","c","date","datetime","h","l","o","pbu","psd","puk","rbu","rsd","ruk","sb","sd","sum_vol","total_vol","uk","val","val_bu","val_sd","val_uk"
120.3,500,96450000,96450000,0,96450000,22962463.8,104633333.3,-1.2,552.2,0,Infinity,500,500,96450000,192900,"2023-02-14T09:14:00.000Z",1676366040000,192900,192900,192900,100,0,0,4.2,,,0,,500,500,,96450000,96450000,,
120.3,400,77450000,96450000,19000000,115450000,22962463.8,104633333.3,0.2,552.2,0,0,,-100,-19000000,190000,"2023-02-14T09:16:00.000Z",1676366160000,190000,190000,190000,0,100,0,,0.2,,Infinity,100,100,600,,19000000,,19000000,
120.3,200,39350000,96450000,57100000,153550000,22962463.8,104633333.3,0.5,552.2,0,0,,-200,-38100000,190500,"2023-02-14T09:20:00.000Z",1676366400000,190500,190500,190500,0,100,0,,0.4,,Infinity,200,200,800,,38100000,,38100000,
120.3,-400,-74870000,96450000,171320000,267770000,22962463.8,104633333.3,1.4,552.2,0,0,,-600,-114220000,190200,"2023-02-14T09:22:00.000Z",1676366520000,190600,190200,190600,0,100,0,,1.1,,Infinity,600,600,1400,,114220000,,114220000,
120.3,-600,-113020000,96450000,209470000,305920000,22962463.8,104633333.3,0.5,552.2,0,0,,-200,-38150000,190500,"2023-02-14T09:28:00.000Z",1676366880000,191000,190500,191000,0,100,0,,0.4,,Infinity,200,200,1600,,38150000,,38150000,
120.3,-1500,-284120000,96450000,380570000,477020000,22962463.8,104633333.3,2.1,552.2,0,0,,-900,-171100000,190000,"2023-02-14T09:32:00.000Z",1676367120000,190600,190000,190600,0,100,0,,1.6,,Infinity,900,900,2500,,171100000,,171100000,
120.3,-3500,-663380000,96450000,759830000,856280000,22962463.8,104633333.3,4.6,552.2,0,0,,-2000,-379260000,187100,"2023-02-14T09:38:00.000Z",1676367480000,190100,187100,190100,0,100,0,,3.6,,Infinity,2000,2000,4500,,379260000,,379260000,
120.3,-3800,-719810000,96450000,816260000,912710000,22962463.8,104633333.3,0.7,552.2,0,0,,-300,-56430000,188100,"2023-02-14T09:46:00.000Z",1676367960000,188100,188100,188100,0,100,0,,0.5,,Infinity,300,300,4800,,56430000,,56430000,
120.3,-4000,-757450000,96450000,853900000,950350000,22962463.8,104633333.3,0.5,552.2,0,0,,-200,-37640000,188200,"2023-02-14T09:50:00.000Z",1676368200000,188200,188200,188200,0,100,0,,0.4,,Infinity,200,200,5000,,37640000,,37640000,
120.3,-4700,-889400000,96450000,985850000,1082300000,22962463.8,104633333.3,1.6,552.2,0,0,,-700,-131950000,188500,"2023-02-14T09:56:00.000Z",1676368560000,188500,188500,188500,0,100,0,,1.3,,Infinity,700,700,5700,,131950000,,131950000,
120.3,-4800,-908400000,96450000,1004850000,1101300000,22962463.8,104633333.3,0.2,552.2,0,0,,-100,-19000000,190000,"2023-02-14T10:04:00.000Z",1676369040000,190000,190000,190000,0,100,0,,0.2,,Infinity,100,100,5800,,19000000,,19000000,
120.3,-5800,-1098400000,96450000,1194850000,1291300000,22962463.8,104633333.3,2.3,552.2,0,0,,-1000,-190000000,190000,"2023-02-14T10:06:00.000Z",1676369160000,190000,190000,190000,0,100,0,,1.8,,Infinity,1000,1000,6800,,190000000,,190000000,
120.3,-5600,-1060020000,134830000,1194850000,1329680000,22962463.8,104633333.3,-0.5,552.2,0,Infinity,200,200,38380000,191900,"2023-02-14T10:10:00.000Z",1676369400000,191900,191900,191900,100,0,0,1.7,,,0,,200,7000,,38380000,38380000,,
120.3,-4600,-868120000,326730000,1194850000,1521580000,22962463.8,104633333.3,-2.3,552.2,0,Infinity,1000,1000,191900000,191900,"2023-02-14T10:14:00.000Z",1676369640000,191900,191900,191900,100,0,0,8.3,,,0,,1000,8000,,191900000,191900000,,
120.3,-5100,-962920000,326730000,1289650000,1616380000,22962463.8,104633333.3,1.2,552.2,0,0,,-500,-94800000,189600,"2023-02-14T10:16:00.000Z",1676369760000,189600,189600,189600,0,100,0,,0.9,,Infinity,500,500,8500,,94800000,,94800000,
120.3,-5500,-1038740000,326730000,1365470000,1692200000,22962463.8,104633333.3,0.9,552.2,0,0,,-400,-75820000,189600,"2023-02-14T10:18:00.000Z",1676369880000,189600,189500,189500,0,100,0,,0.7,,Infinity,400,400,8900,,75820000,,75820000,
120.3,-5200,-981170000,384300000,1365470000,1749770000,22962463.8,104633333.3,-0.7,552.2,0,Infinity,300,300,57570000,191900,"2023-02-14T10:20:00.000Z",1676370000000,191900,191900,191900,100,0,0,2.5,,,0,,300,9200,,57570000,57570000,,
120.3,-5800,-1094930000,384300000,1479230000,1863530000,22962463.8,104633333.3,1.4,552.2,0,0,,-600,-113760000,189600,"2023-02-14T10:22:00.000Z",1676370120000,189600,189600,189600,0,100,0,,1.1,,Infinity,600,600,9800,,113760000,,113760000,
120.3,-6600,-1246540000,384300000,1630840000,2015140000,22962463.8,104633333.3,1.9,552.2,0,0,,-800,-151610000,189500,"2023-02-14T10:24:00.000Z",1676370240000,189600,189500,189600,0,100,0,,1.4,,Infinity,800,800,10600,,151610000,,151610000,
120.3,-7300,-1379190000,384300000,1763490000,2147790000,22962463.8,104633333.3,1.6,552.2,0,0,,-700,-132650000,189500,"2023-02-14T10:28:00.000Z",1676370480000,189500,189500,189500,0,100,0,,1.3,,Infinity,700,700,11300,,132650000,,132650000,
120.3,-7700,-1455030000,384300000,1839330000,2223630000,22962463.8,104633333.3,0.9,552.2,0,0,,-400,-75840000,189600,"2023-02-14T10:30:00.000Z",1676370600000,189600,189600,189600,0,100,0,,0.7,,Infinity,400,400,11700,,75840000,,75840000,
120.3,-7800,-1473990000,384300000,1858290000,2242590000,22962463.8,104633333.3,0.2,552.2,0,0,,-100,-18960000,189600,"2023-02-14T10:32:00.000Z",1676370720000,189600,189600,189600,0,100,0,,0.2,,Infinity,100,100,11800,,18960000,,18960000,
120.3,-8100,-1530840000,384300000,1915140000,2299440000,22962463.8,104633333.3,0.7,552.2,0,0,,-300,-56850000,189500,"2023-02-14T10:36:00.000Z",1676370960000,189500,189500,189500,0,100,0,,0.5,,Infinity,300,300,12100,,56850000,,56850000,
120.3,-8400,-1587720000,384300000,1972020000,2356320000,22962463.8,104633333.3,0.7,552.2,0,0,,-300,-56880000,189600,"2023-02-14T10:38:00.000Z",1676371080000,189600,189600,189600,0,100,0,,0.5,,Infinity,300,300,12400,,56880000,,56880000,
120.3,-9300,-1758360000,384300000,2142660000,2526960000,22962463.8,104633333.3,2.1,552.2,0,0,,-900,-170640000,189600,"2023-02-14T10:40:00.000Z",1676371200000,189600,189600,189600,0,100,0,,1.6,,Infinity,900,900,13300,,170640000,,170640000,
120.3,-9900,-1872060000,384300000,2256360000,2640660000,22962463.8,104633333.3,1.4,552.2,0,0,,-600,-113700000,189500,"2023-02-14T10:44:00.000Z",1676371440000,189500,189500,189500,0,100,0,,1.1,,Infinity,600,600,13900,,113700000,,113700000,
120.3,-10200,-1928910000,384300000,2313210000,2697510000,22962463.8,104633333.3,0.7,552.2,0,0,,-300,-56850000,189500,"2023-02-14T10:50:00.000Z",1676371800000,189500,189500,189500,0,100,0,,0.5,,Infinity,300,300,14200,,56850000,,56850000,
120.3,-10500,-1985760000,384300000,2370060000,2754360000,22962463.8,104633333.3,0.7,552.2,0,0,,-300,-56850000,189500,"2023-02-14T10:54:00.000Z",1676372040000,189500,189500,189500,0,100,0,,0.5,,Infinity,300,300,14500,,56850000,,56850000,
120.3,-12100,-2288960000,384300000,2673260000,3057560000,22962463.8,104633333.3,3.7,552.2,0,0,,-1600,-303200000,189500,"2023-02-14T10:56:00.000Z",1676372160000,189500,189500,189500,0,100,0,,2.9,,Infinity,1600,1600,16100,,303200000,,303200000,
120.3,-12400,-2345780000,384300000,2730080000,3114380000,22962463.8,104633333.3,0.7,552.2,0,0,,-300,-56820000,189400,"2023-02-14T11:00:00.000Z",1676372400000,189400,189400,189400,0,100,0,,0.5,,Infinity,300,300,16400,,56820000,,56820000,
120.3,-12200,-2307520000,422560000,2730080000,3152640000,22962463.8,104633333.3,-0.5,552.2,0,Infinity,200,200,38260000,191300,"2023-02-14T11:02:00.000Z",1676372520000,191300,191300,191300,100,0,0,1.7,,,0,,200,16600,,38260000,38260000,,
120.3,-11500,-2173570000,556510000,2730080000,3286590000,22962463.8,104633333.3,-1.6,552.2,0,Infinity,700,700,133950000,191400,"2023-02-14T11:06:00.000Z",1676372760000,191400,191300,191300,100,0,0,5.8,,,0,,700,17300,,133950000,133950000,,
120.3,-11100,-2096940000,633140000,2730080000,3363220000,22962463.8,104633333.3,-0.9,552.2,0,Infinity,400,400,76630000,191600,"2023-02-14T11:12:00.000Z",1676373120000,191600,191500,191500,100,0,0,3.3,,,0,,400,17700,,76630000,76630000,,
120.3,-11300,-2134860000,633140000,2768000000,3401140000,22962463.8,104633333.3,0.5,552.2,0,0,,-200,-37920000,189600,"2023-02-14T11:14:00.000Z",1676373240000,189600,189600,189600,0,100,0,,0.4,,Infinity,200,200,17900,,37920000,,37920000,
120.3,-11600,-2191740000,633140000,2824880000,3458020000,22962463.8,104633333.3,0.7,552.2,0,0,,-300,-56880000,189600,"2023-02-14T11:16:00.000Z",1676373360000,189600,189600,189600,0,100,0,,0.5,,Infinity,300,300,18200,,56880000,,56880000,
120.3,-12300,-2324460000,633140000,2957600000,3590740000,22962463.8,104633333.3,1.6,552.2,0,0,,-700,-132720000,189600,"2023-02-14T11:22:00.000Z",1676373720000,189600,189600,189600,0,100,0,,1.3,,Infinity,700,700,18900,,132720000,,132720000,
120.3,-12400,-2343420000,633140000,2976560000,3609700000,22962463.8,104633333.3,0.2,552.2,0,0,,-100,-18960000,189600,"2023-02-14T11:28:00.000Z",1676374080000,189600,189600,189600,0,100,0,,0.2,,Infinity,100,100,19000,,18960000,,18960000,
120.3,-12500,-2362340000,652140000,3014480000,3666620000,22962463.8,104633333.3,0.2,552.2,0,0.5,100,-100,-18920000,190000,"2023-02-14T13:00:00.000Z",1676379600000,190000,189600,189600,33.3,66.7,0,0.8,0.4,,2,200,300,19300,,56920000,19000000,37920000,
120.3,-12900,-2438340000,652140000,3090480000,3742620000,22962463.8,104633333.3,0.9,552.2,0,0,,-400,-76000000,190000,"2023-02-14T13:02:00.000Z",1676379720000,190000,190000,190000,0,100,0,,0.7,,Infinity,400,400,19700,,76000000,,76000000,
120.3,-14000,-2647340000,652140000,3299480000,3951620000,22962463.8,104633333.3,2.6,552.2,0,0,,-1100,-209000000,190000,"2023-02-14T13:04:00.000Z",1676379840000,190000,190000,190000,0,100,0,,2,,Infinity,1100,1100,20800,,209000000,,209000000,
120.3,-13800,-2609080000,690400000,3299480000,3989880000,22962463.8,104633333.3,-0.5,552.2,0,Infinity,200,200,38260000,191300,"2023-02-14T13:06:00.000Z",1676379960000,191300,191300,191300,100,0,0,1.7,,,0,,200,21000,,38260000,38260000,,
120.3,-13400,-2532520000,766960000,3299480000,4066440000,22962463.8,104633333.3,-0.9,552.2,0,Infinity,400,400,76560000,191400,"2023-02-14T13:08:00.000Z",1676380080000,191400,191400,191400,100,0,0,3.3,,,0,,400,21400,,76560000,76560000,,
120.3,-14100,-2665590000,766960000,3432550000,4199510000,22962463.8,104633333.3,1.6,552.2,0,0,,-700,-133070000,190100,"2023-02-14T13:10:00.000Z",1676380200000,190100,190100,190100,0,100,0,,1.3,,Infinity,700,700,22100,,133070000,,133070000,
120.3,-14500,-2741630000,766960000,3508590000,4275550000,22962463.8,104633333.3,0.9,552.2,0,0,,-400,-76040000,190100,"2023-02-14T13:12:00.000Z",1676380320000,190100,190100,190100,0,100,0,,0.7,,Infinity,400,400,22500,,76040000,,76040000,
120.3,-14800,-2798660000,766960000,3565620000,4332580000,22962463.8,104633333.3,0.7,552.2,0,0,,-300,-57030000,190100,"2023-02-14T13:22:00.000Z",1676380920000,190100,190100,190100,0,100,0,,0.5,,Infinity,300,300,22800,,57030000,,57030000,
120.3,-15300,-2893710000,766960000,3660670000,4427630000,22962463.8,104633333.3,1.2,552.2,0,0,,-500,-95050000,190100,"2023-02-14T13:24:00.000Z",1676381040000,190100,190100,190100,0,100,0,,0.9,,Infinity,500,500,23300,,95050000,,95050000,
120.3,-15900,-3007750000,766960000,3774710000,4541670000,22962463.8,104633333.3,1.4,552.2,0,0,,-600,-114040000,190000,"2023-02-14T13:30:00.000Z",1676381400000,190100,190000,190100,0,100,0,,1.1,,Infinity,600,600,23900,,114040000,,114040000,
120.3,-16600,-3140750000,766960000,3907710000,4674670000,22962463.8,104633333.3,1.6,552.2,0,0,,-700,-133000000,190000,"2023-02-14T13:32:00.000Z",1676381520000,190000,190000,190000,0,100,0,,1.3,,Infinity,700,700,24600,,133000000,,133000000,
120.3,-16700,-3159750000,766960000,3926710000,4693670000,22962463.8,104633333.3,0.2,552.2,0,0,,-100,-19000000,190000,"2023-02-14T13:34:00.000Z",1676381640000,190000,190000,190000,0,100,0,,0.2,,Infinity,100,100,24700,,19000000,,19000000,
120.3,-17000,-3216750000,766960000,3983710000,4750670000,22962463.8,104633333.3,0.7,552.2,0,0,,-300,-57000000,190000,"2023-02-14T13:36:00.000Z",1676381760000,190000,190000,190000,0,100,0,,0.5,,Infinity,300,300,25000,,57000000,,57000000,
120.3,-21000,-3976760000,766960000,4743720000,5510680000,22962463.8,104633333.3,9.3,552.2,0,0,,-4000,-760010000,190000,"2023-02-14T13:44:00.000Z",1676382240000,190100,190000,190100,0,100,0,,7.2,,Infinity,4000,4000,29000,,760010000,,760010000,
120.3,-23000,-4356800000,766960000,5123760000,5890720000,22962463.8,104633333.3,4.7,552.2,0,0,,-2000,-380040000,190000,"2023-02-14T13:46:00.000Z",1676382360000,190100,190000,190000,0,100,0,,3.6,,Infinity,2000,2000,31000,,380040000,,380040000,
120.3,-25300,-4793560000,766960000,5560520000,6327480000,22962463.8,104633333.3,5.3,552.2,0,0,,-2300,-436760000,189500,"2023-02-14T13:48:00.000Z",1676382480000,190000,189500,190000,0,100,0,,4.2,,Infinity,2300,2300,33300,,436760000,,436760000,
120.3,-24500,-4641460000,956960000,5598420000,6555380000,22962463.8,104633333.3,-1.9,552.2,0,5,1000,800,152100000,189500,"2023-02-14T13:50:00.000Z",1676382600000,190000,189500,190000,83.3,16.7,0,8.3,0.4,,0.2,200,1200,34500,,227900000,190000000,37900000,
120.3,-24800,-4698280000,956960000,5655240000,6612200000,22962463.8,104633333.3,0.7,552.2,0,0,,-300,-56820000,189400,"2023-02-14T13:52:00.000Z",1676382720000,189400,189400,189400,0,100,0,,0.5,,Infinity,300,300,34800,,56820000,,56820000,
120.3,-26000,-4924640000,994860000,5919500000,6914360000,22962463.8,104633333.3,2.8,552.2,0,0.1,200,-1200,-226360000,188500,"2023-02-14T13:54:00.000Z",1676382840000,189500,188500,189500,12.5,87.5,0,1.7,2.5,,7,1400,1600,36400,,302160000,37900000,264260000,
120.3,-26800,-5075440000,994860000,6070300000,7065160000,22962463.8,104633333.3,1.8,552.2,0,0,,-800,-150800000,188500,"2023-02-14T13:56:00.000Z",1676382960000,188500,188500,188500,0,100,0,,1.4,,Infinity,800,800,37200,,150800000,,150800000,
120.3,-27400,-5188050000,1070660000,6258710000,7329370000,22962463.8,104633333.3,1.4,552.2,0,0.4,400,-600,-112610000,188200,"2023-02-14T13:58:00.000Z",1676383080000,189500,188200,189500,28.6,71.4,0,3.3,1.8,,2.5,1000,1400,38600,,264210000,75800000,188410000,
120.3,-28000,-5300990000,1070660000,6371650000,7442310000,22962463.8,104633333.3,1.4,552.2,0,0,,-600,-112940000,188200,"2023-02-14T14:00:00.000Z",1676383200000,188300,188200,188300,0,100,0,,1.1,,Infinity,600,600,39200,,112940000,,112940000,
120.3,-27400,-5186910000,1203560000,6390470000,7594030000,22962463.8,104633333.3,-1.4,552.2,0,7,700,600,114080000,190000,"2023-02-14T14:02:00.000Z",1676383320000,190000,188200,188200,87.5,12.5,0,5.8,0.2,,0.1,100,800,40000,,151720000,132900000,18820000,
120.3,-27900,-5281010000,1203560000,6484570000,7688130000,22962463.8,104633333.3,1.2,552.2,0,0,,-500,-94100000,188200,"2023-02-14T14:04:00.000Z",1676383440000,188200,188200,188200,0,100,0,,0.9,,Infinity,500,500,40500,,94100000,,94100000,
120.3,-28000,-5299870000,1203560000,6503430000,7706990000,22962463.8,104633333.3,0.2,552.2,0,0,,-100,-18860000,188600,"2023-02-14T14:08:00.000Z",1676383680000,188600,188600,188600,0,100,0,,0.2,,Infinity,100,100,40600,,18860000,,18860000,
120.3,-28400,-5375320000,1203560000,6578880000,7782440000,22962463.8,104633333.3,0.9,552.2,0,0,,-400,-75450000,188600,"2023-02-14T14:12:00.000Z",1676383920000,188700,188600,188700,0,100,0,,0.7,,Infinity,400,400,41000,,75450000,,75450000,
120.3,-27400,-5185320000,1393560000,6578880000,7972440000,22962463.8,104633333.3,-2.3,552.2,0,Infinity,1000,1000,190000000,190000,"2023-02-14T14:16:00.000Z",1676384160000,190000,190000,190000,100,0,0,8.3,,,0,,1000,42000,,190000000,190000000,,
120.3,-29400,-5562520000,1393560000,6956080000,8349640000,22962463.8,104633333.3,4.6,552.2,0,0,,-2000,-377200000,188600,"2023-02-14T14:18:00.000Z",1676384280000,188600,188600,188600,0,100,0,,3.6,,Infinity,2000,2000,44000,,377200000,,377200000,
120.3,-30000,-5675550000,1393560000,7069110000,8462670000,22962463.8,104633333.3,1.4,552.2,0,0,,-600,-113030000,188200,"2023-02-14T14:20:00.000Z",1676384400000,188600,188200,188600,0,100,0,,1.1,,Infinity,600,600,44600,,113030000,,113030000,
120.3,-30300,-5732010000,1393560000,7125570000,8519130000,22962463.8,104633333.3,0.7,552.2,0,0,,-300,-56460000,188200,"2023-02-14T14:22:00.000Z",1676384520000,188200,188200,188200,0,100,0,,0.5,,Infinity,300,300,44900,,56460000,,56460000,
120.3,-30600,-5788500000,1393560000,7182060000,8575620000,22962463.8,104633333.3,0.7,552.2,0,0,,-300,-56490000,188300,"2023-02-14T14:24:00.000Z",1676384640000,188300,188300,188300,0,100,0,,0.5,,Infinity,300,300,45200,,56490000,,56490000,
120.3,-29800,-5635290000,1584410000,7219700000,8804110000,22962463.8,104633333.3,-1.9,552.2,0,5,1000,800,153210000,190900,"2023-02-14T14:26:00.000Z",1676384760000,191000,188200,190000,83.3,16.7,0,8.3,0.4,,0.2,200,1200,46400,,228490000,190850000,37640000,
