"abu","acum_busd","acum_busd_val","acum_val_bu","acum_val_sd","acum_val","avg_val_bu","avg_val_sd","rbusd","asd","auk","bs","bu","bu-sd","bu-sd_val","c","date","datetime","h","l","o","pbu","psd","puk","rbu","rsd","ruk","sb","sd","sum_vol","total_vol","uk","val","val_bu","val_sd","val_uk"
18332,-5800,-92250000,102930000,195180000,304510000,289826600,329144800,2.3,21016,8,0.5,6400,-5800,-92250000,16100,"2023-03-02T09:00:00.000Z",1677747600000,16100,15800,15800,33.7,64.2,2.1,0.3,0.6,50,1.9,12200,19000,19000,400,304510000,102930000,195180000,6400000
18332,-12500,-199370000,258150000,457520000,722070000,289826600,329144800,2.7,21016,8,0.6,9700,-6700,-107120000,16000,"2023-03-02T09:05:00.000Z",1677747900000,16100,15900,16100,37.2,62.8,0,0.5,0.8,,1.7,16400,26100,45100,,417560000,155220000,262340000,
18332,21500,345480000,955750000,610270000,1572420000,289826600,329144800,-13.9,21016,8,4.5,43600,34000,544850000,16000,"2023-03-02T09:10:00.000Z",1677748200000,16000,15900,16000,82,18,0,2.4,0.5,,0.2,9600,53200,98300,,850350000,697600000,152750000,
18332,36800,588950000,1250100000,661150000,1917650000,289826600,329144800,-6.2,21016,8,5.8,18500,15300,243470000,15900,"2023-03-02T09:15:00.000Z",1677748500000,16000,15900,16000,85.3,14.7,0,1,0.2,,0.2,3200,21700,120000,,345230000,294350000,50880000,
18332,31000,498430000,1428180000,929750000,2364330000,289826600,329144800,2.3,21016,8,0.7,11200,-5800,-90520000,15800,"2023-03-02T09:20:00.000Z",1677748800000,15900,15800,15900,39.7,60.3,0,0.6,0.8,,1.5,17000,28200,148200,,446680000,178080000,268600000,
18332,48900,783040000,1755720000,972680000,2734800000,289826600,329144800,-7.2,21016,8,7.6,20600,17900,284610000,15900,"2023-03-02T09:25:00.000Z",1677749100000,15900,15900,15900,88.4,11.6,0,1.1,0.1,,0.1,2700,23300,171500,,370470000,327540000,42930000,
18332,47000,752930000,2065870000,1312940000,3385210000,289826600,329144800,0.8,21016,8,0.9,19500,-1900,-30110000,15900,"2023-03-02T09:30:00.000Z",1677749400000,16000,15900,15900,47.7,52.3,0,1.1,1,,1.1,21400,40900,212400,,650410000,310150000,340260000,
18332,70100,1120300000,2577860000,1457560000,4041820000,289826600,329144800,-9.3,21016,8,3.5,32200,23100,367370000,15900,"2023-03-02T09:35:00.000Z",1677749700000,16000,15800,15900,78,22,0,1.8,0.4,,0.3,9100,41300,253700,,656610000,511990000,144620000,
18332,54900,880480000,2631920000,1751440000,4389760000,289826600,329144800,6.1,21016,8,0.2,3400,-15200,-239820000,15800,"2023-03-02T09:40:00.000Z",1677750000000,15900,15800,15900,15.5,84.5,0,0.2,0.9,,5.5,18600,22000,275700,,347940000,54060000,293880000,
18332,49100,788940000,2717240000,1928300000,4651940000,289826600,329144800,2.3,21016,8,0.5,5400,-5800,-91540000,15700,"2023-03-02T09:45:00.000Z",1677750300000,15800,15700,15800,32.5,67.5,0,0.3,0.5,,2.1,11200,16600,292300,,262180000,85320000,176860000,
18332,62000,991470000,3048510000,2057040000,5111950000,289826600,329144800,-5.2,21016,8,2.6,21100,12900,202530000,15700,"2023-03-02T09:50:00.000Z",1677750600000,15700,15700,15700,72,28,0,1.2,0.4,,0.4,8200,29300,321600,,460010000,331270000,128740000,
18332,72400,1154910000,3237070000,2082160000,5325630000,289826600,329144800,-4.2,21016,8,7.5,12000,10400,163440000,15700,"2023-03-02T09:55:00.000Z",1677750900000,15800,15700,15700,88.2,11.8,0,0.7,0.1,,0.1,1600,13600,335200,,213680000,188560000,25120000,
18332,31400,513950000,3237070000,2723120000,5966590000,289826600,329144800,16.3,21016,8,0,,-41000,-640960000,15600,"2023-03-02T10:00:00.000Z",1677751200000,15700,15600,15700,0,100,0,,2,,Infinity,41000,41000,376200,,640960000,,640960000,
18332,18700,315830000,3262030000,2946200000,6214630000,289826600,329144800,5,21016,8,0.1,1600,-12700,-198120000,15600,"2023-03-02T10:05:00.000Z",1677751500000,15600,15600,15600,10.1,89.9,0,0.1,0.7,,8.9,14300,15900,392100,,248040000,24960000,223080000,
18332,24400,405320000,3351520000,2946200000,6304120000,289826600,329144800,-2.3,21016,8,Infinity,5700,5700,89490000,15700,"2023-03-02T10:10:00.000Z",1677751800000,15700,15700,15700,100,0,0,0.3,,,0,,5700,397800,,89490000,89490000,,
18332,26100,432010000,3395480000,2963470000,6365350000,289826600,329144800,-0.7,21016,8,2.5,2800,1700,26690000,15700,"2023-03-02T10:15:00.000Z",1677752100000,15700,15700,15700,71.8,28.2,0,0.2,0.1,,0.4,1100,3900,401700,,61230000,43960000,17270000,
18332,26000,432720000,3631750000,3199030000,6837180000,289826600,329144800,0,21016,8,1,15000,-100,710000,15800,"2023-03-02T10:20:00.000Z",1677752400000,15800,15600,15600,49.8,50.2,0,0.8,0.7,,1,15100,30100,431800,,471830000,236270000,235560000,
18332,36600,600060000,3803770000,3203710000,7013880000,289826600,329144800,-4.3,21016,8,36.3,10900,10600,167340000,15700,"2023-03-02T10:25:00.000Z",1677752700000,15800,15600,15800,97.3,2.7,0,0.6,0,,0,300,11200,443000,,176700000,172020000,4680000,
18332,43500,708390000,3912100000,3203710000,7122210000,289826600,329144800,-2.8,21016,8,Infinity,6900,6900,108330000,15700,"2023-03-02T10:30:00.000Z",1677753000000,15700,15700,15700,100,0,0,0.4,,,0,,6900,449900,,108330000,108330000,,
18332,57800,932900000,4136610000,3203710000,7346720000,289826600,329144800,-5.7,21016,8,Infinity,14300,14300,224510000,15700,"2023-03-02T10:35:00.000Z",1677753300000,15700,15700,15700,100,0,0,0.8,,,0,,14300,464200,,224510000,224510000,,
18332,25600,430590000,4167820000,3737230000,7911450000,289826600,329144800,12.8,21016,8,0.1,2000,-32200,-502310000,15600,"2023-03-02T10:40:00.000Z",1677753600000,15700,15600,15700,5.5,94.5,0,0.1,1.6,,17.1,34200,36200,500400,,564730000,31210000,533520000,
18332,23100,391790000,4199220000,3807430000,8013050000,289826600,329144800,1,21016,8,0.4,2000,-2500,-38800000,15600,"2023-03-02T10:45:00.000Z",1677753900000,15700,15600,15600,30.8,69.2,0,0.1,0.2,,2.3,4500,6500,506900,,101600000,31400000,70200000,
18332,17400,302870000,4199220000,3896350000,8101970000,289826600,329144800,2.3,21016,8,0,,-5700,-88920000,15600,"2023-03-02T10:50:00.000Z",1677754200000,15600,15600,15600,0,100,0,,0.3,,Infinity,5700,5700,512600,,88920000,,88920000,
18332,100,33130000,4335080000,4301950000,8643430000,289826600,329144800,6.9,21016,8,0.3,8700,-17300,-269740000,15600,"2023-03-02T10:55:00.000Z",1677754500000,15700,15600,15600,25.1,74.9,0,0.5,1.2,,3,26000,34700,547300,,541460000,135860000,405600000,
18332,9000,172020000,4481720000,4309700000,8797820000,289826600,329144800,-3.5,21016,8,18.8,9400,8900,138890000,15600,"2023-03-02T11:00:00.000Z",1677754800000,15600,15500,15600,94.9,5.1,0,0.5,0,,0.1,500,9900,557200,,154390000,146640000,7750000,
18332,27900,466860000,4801520000,4334660000,9142580000,289826600,329144800,-7.5,21016,8,12.8,20500,18900,294840000,15600,"2023-03-02T11:05:00.000Z",1677755100000,15600,15600,15600,92.8,7.2,0,1.1,0.1,,0.1,1600,22100,579300,,344760000,319800000,24960000,
18332,46000,751030000,5085690000,4334660000,9426750000,289826600,329144800,-7.2,21016,8,Infinity,18100,18100,284170000,15700,"2023-03-02T11:10:00.000Z",1677755400000,15700,15700,15700,100,0,0,1,,,0,,18100,597400,,284170000,284170000,,
18332,30400,507740000,5096680000,4588940000,9692020000,289826600,329144800,6.2,21016,8,0,700,-15600,-243290000,15700,"2023-03-02T11:15:00.000Z",1677755700000,15700,15600,15600,4.1,95.9,0,0,0.8,,23.3,16300,17000,614400,,265270000,10990000,254280000,
18332,18600,323660000,5129440000,4805780000,9941620000,289826600,329144800,4.7,21016,8,0.2,2100,-11800,-184080000,15600,"2023-03-02T11:20:00.000Z",1677756000000,15600,15600,15600,13.1,86.9,0,0.1,0.7,,6.6,13900,16000,630400,,249600000,32760000,216840000,
18332,10500,197310000,5146610000,4949300000,10102310000,289826600,329144800,3.2,21016,8,0.1,1100,-8100,-126350000,15700,"2023-03-02T11:25:00.000Z",1677756300000,15700,15600,15600,10.7,89.3,0,0.1,0.4,,8.4,9200,10300,640700,,160690000,17170000,143520000,
18332,28900,486680000,5512420000,5025740000,10544560000,289826600,329144800,-7.4,21016,8,4.8,23300,18400,289370000,15700,"2023-03-02T13:00:00.000Z",1677762000000,15700,15600,15600,82.6,17.4,0,1.3,0.2,,0.2,4900,28200,668900,,442250000,365810000,76440000,
18332,42000,692350000,5718090000,5025740000,10750230000,289826600,329144800,-5.2,21016,8,Infinity,13100,13100,205670000,15700,"2023-03-02T13:05:00.000Z",1677762300000,15700,15700,15700,100,0,0,0.7,,,0,,13100,682000,,205670000,205670000,,
18332,21200,365790000,5729080000,5363290000,11098770000,289826600,329144800,8.3,21016,8,0,700,-20800,-326560000,15700,"2023-03-02T13:10:00.000Z",1677762600000,15700,15700,15700,3.2,96.8,0,0,1,,30.7,21500,22200,704200,,348540000,10990000,337550000,
18332,17700,310910000,5740140000,5429230000,11175770000,289826600,329144800,1.4,21016,8,0.2,700,-3500,-54880000,15800,"2023-03-02T13:15:00.000Z",1677762900000,15800,15700,15700,14.3,85.7,0,0,0.2,,6,4200,4900,709100,,77000000,11060000,65940000,
18332,-113700,-1742040000,5806090000,7548130000,13360620000,289826600,329144800,52.2,21016,8,0,4200,-131400,-2052950000,15600,"2023-03-02T13:20:00.000Z",1677763200000,15800,15600,15800,3,97,0,0.2,6.5,,32.3,135600,139800,848900,,2184850000,65950000,2118900000,
18332,-143300,-2203800000,5806090000,8009890000,13822380000,289826600,329144800,11.7,21016,8,0,,-29600,-461760000,15600,"2023-03-02T13:25:00.000Z",1677763500000,15600,15600,15600,0,100,0,,1.4,,Infinity,29600,29600,878500,,461760000,,461760000,
18332,-195600,-3019680000,5815450000,8835130000,14656980000,289826600,329144800,20.8,21016,8,0,600,-52300,-815880000,15600,"2023-03-02T13:30:00.000Z",1677763800000,15600,15600,15600,1.1,98.9,0,0,2.5,,88.2,52900,53500,932000,,834600000,9360000,825240000,
18332,-202900,-3133560000,5877850000,9011410000,14895660000,289826600,329144800,2.9,21016,8,0.4,4000,-7300,-113880000,15600,"2023-03-02T13:35:00.000Z",1677764100000,15600,15600,15600,26.1,73.9,0,0.2,0.5,,2.8,11300,15300,947300,,238680000,62400000,176280000,
18332,-232400,-3593580000,6453490000,10047070000,16506960000,289826600,329144800,11.7,21016,8,0.6,36900,-29500,-460020000,15600,"2023-03-02T13:40:00.000Z",1677764400000,15600,15500,15600,35.7,64.3,0,2,3.2,,1.8,66400,103300,1050600,,1611300000,575640000,1035660000,
18332,-315500,-4880900000,6806050000,11686950000,18499400000,289826600,329144800,32.7,21016,8,0.2,22600,-83100,-1287320000,15600,"2023-03-02T13:45:00.000Z",1677764700000,15600,15500,15500,17.6,82.4,0,1.2,5,,4.7,105700,128300,1178900,,1992440000,352560000,1639880000,
18332,-350800,-5431480000,6821750000,12253230000,19081380000,289826600,329144800,14,21016,8,0,1000,-35300,-550580000,15600,"2023-03-02T13:50:00.000Z",1677765000000,15700,15600,15600,2.7,97.3,0,0.1,1.7,,36.3,36300,37300,1216200,,581980000,15700000,566280000,
18332,-454500,-7049200000,6895070000,13944270000,20845740000,289826600,329144800,41.1,21016,8,0,4700,-103700,-1617720000,15600,"2023-03-02T13:55:00.000Z",1677765300000,15600,15600,15600,4.2,95.8,0,0.3,5.2,,23.1,108400,113100,1329300,,1764360000,73320000,1691040000,
18332,-430100,-6668560000,7353710000,14022270000,21382380000,289826600,329144800,-9.7,21016,8,5.9,29400,24400,380640000,15600,"2023-03-02T14:00:00.000Z",1677765600000,15600,15600,15600,85.5,14.5,0,1.6,0.2,,0.2,5000,34400,1363700,,536640000,458640000,78000000,
18332,-409000,-6336710000,7813730000,14150440000,21970570000,289826600,329144800,-8.4,21016,8,3.6,29300,21100,331850000,15800,"2023-03-02T14:05:00.000Z",1677765900000,15800,15600,15600,78.1,21.9,0,1.6,0.4,,0.3,8200,37500,1401200,,588190000,460020000,128170000,
18332,-357500,-5522800000,9302120000,14824920000,24133440000,289826600,329144800,-20.7,21016,8,2.2,94200,51500,813910000,15800,"2023-03-02T14:10:00.000Z",1677766200000,15900,15700,15800,68.8,31.2,0,5.1,2,,0.5,42700,136900,1538100,,2162870000,1488390000,674480000,
18332,-325400,-5014570000,9868810000,14883380000,24758590000,289826600,329144800,-12.9,21016,8,9.7,35800,32100,508230000,15900,"2023-03-02T14:15:00.000Z",1677766500000,15900,15800,15800,90.6,9.4,0,2,0.2,,0.1,3700,39500,1577600,,625150000,566690000,58460000,
18332,-245000,-3735520000,11475100000,15210620000,26692120000,289826600,329144800,-32.5,21016,8,4.9,101000,80400,1279050000,15900,"2023-03-02T14:20:00.000Z",1677766800000,16000,15800,15800,83.1,16.9,0,5.5,1,,0.2,20600,121600,1699200,,1933530000,1606290000,327240000,
18332,-258600,-3943870000,12513370000,16457240000,28977010000,289826600,329144800,5.3,21016,8,0.8,65300,-13600,-208350000,15800,"2023-03-02T14:25:00.000Z",1677767100000,15900,15800,15800,45.3,54.7,0,3.6,3.8,,1.2,78900,144200,1843400,,2284890000,1038270000,1246620000,
18332,-134300,-1967500000,14489740000,16457240000,30953380000,289826600,329144800,-50.3,21016,8,Infinity,124300,124300,1976370000,15900,"2023-03-02T14:45:00.000Z",1677768300000,15900,15900,15900,100,0,0,6.8,,,0,,124300,1967700,,1976370000,1976370000,,
18332,-134200,-1965910000,14491330000,16457240000,30954970000,289826600,329144800,0,21016,8,Infinity,100,100,1590000,15900,"2023-03-02T14:50:00.000Z",1677768600000,15900,15900,15900,100,0,0,0,,,0,,100,1967800,,1590000,1590000,,
