"abu","acum_busd","acum_busd_val","acum_val_bu","acum_val_sd","acum_val","avg_val_bu","avg_val_sd","rbusd","asd","auk","bs","bu","bu-sd","bu-sd_val","c","date","datetime","h","l","o","pbu","psd","puk","rbu","rsd","ruk","sb","sd","sum_vol","total_vol","uk","val","val_bu","val_sd","val_uk"
4235.6,12000,1216150000,1306160000,90010000,1526170000,425600888.9,171250222.2,4.8,1722.2,620,14.3,12900,12000,1216150000,101200,"2023-03-02T09:15:00.000Z",1677748500000,101400,100000,100000,85.4,6,8.6,3,0.5,2.1,0.1,900,15100,15100,1300,1526170000,1306160000,90010000,130000000
4235.6,43700,4424230000,4534440000,110210000,4774650000,425600888.9,171250222.2,12.6,1722.2,620,159.5,31900,31700,3208080000,101200,"2023-03-02T09:20:00.000Z",1677748800000,101200,101000,101200,99.4,0.6,0,7.5,0.1,,0,200,32100,47200,,3248480000,3228280000,20200000,
4235.6,51200,5183620000,5313920000,130300000,5574220000,425600888.9,171250222.2,3,1722.2,620,38.5,7700,7500,759390000,99900,"2023-03-02T09:25:00.000Z",1677749100000,101300,99900,101200,97.5,2.5,0,1.8,0.1,,0,200,7900,55100,,799570000,779480000,20090000,
4235.6,53400,5405570000,5566170000,160600000,5856770000,425600888.9,171250222.2,0.9,1722.2,620,8.3,2500,2200,221950000,101000,"2023-03-02T09:30:00.000Z",1677749400000,101000,100900,100900,89.3,10.7,0,0.6,0.2,,0.1,300,2800,57900,,282550000,252250000,30300000,
4235.6,55000,5567020000,5727620000,160600000,6018220000,425600888.9,171250222.2,0.6,1722.2,620,Infinity,1600,1600,161450000,101000,"2023-03-02T09:40:00.000Z",1677750000000,101000,100900,100900,100,0,0,0.4,,,0,,1600,59500,,161450000,161450000,,
4235.6,60300,6102830000,6333620000,230790000,6694410000,425600888.9,171250222.2,2.1,1722.2,620,8.6,6000,5300,535810000,100200,"2023-03-02T09:45:00.000Z",1677750300000,101000,100200,101000,89.6,10.4,0,1.4,0.4,,0.1,700,6700,66200,,676190000,606000000,70190000,
4235.6,57500,5822880000,6363730000,540850000,7034580000,425600888.9,171250222.2,-1.1,1722.2,620,0.1,300,-2800,-279950000,100900,"2023-03-02T09:50:00.000Z",1677750600000,100900,100000,100200,8.8,91.2,0,0.1,1.8,,10.3,3100,3400,69600,,340170000,30110000,310060000,
4235.6,61100,6187420000,6818250000,630830000,7579080000,425600888.9,171250222.2,1.4,1722.2,620,5,4500,3600,364540000,99900,"2023-03-02T09:55:00.000Z",1677750900000,101100,99900,100900,83.3,16.7,0,1.1,0.5,,0.2,900,5400,75000,,544500000,454520000,89980000,
4235.6,58000,5877600000,6818250000,940650000,7888900000,425600888.9,171250222.2,-1.2,1722.2,620,0,,-3100,-309820000,100000,"2023-03-02T10:00:00.000Z",1677751200000,100000,99900,99900,0,100,0,,1.8,,Infinity,3100,3100,78100,,309820000,,309820000,
4235.6,58100,5887680000,6828330000,940650000,7898980000,425600888.9,171250222.2,0,1722.2,620,Infinity,100,100,10080000,100800,"2023-03-02T10:05:00.000Z",1677751500000,100800,100800,100800,100,0,0,0,,,0,,100,78200,,10080000,10080000,,
4235.6,68800,6965380000,7986670000,1021290000,9137960000,425600888.9,171250222.2,4.2,1722.2,620,14.4,11500,10700,1077700000,100700,"2023-03-02T10:10:00.000Z",1677751800000,100800,100700,100800,93.5,6.5,0,2.7,0.5,,0.1,800,12300,90500,,1238980000,1158340000,80640000,
4235.6,87800,8878320000,9899610000,1021290000,11050900000,425600888.9,171250222.2,7.5,1722.2,620,Infinity,19000,19000,1912940000,100700,"2023-03-02T10:15:00.000Z",1677752100000,100700,100600,100700,100,0,0,4.5,,,0,,19000,109500,,1912940000,1912940000,,
4235.6,107200,10833170000,12354400000,1521230000,14035630000,425600888.9,171250222.2,7.7,1722.2,620,4.9,24400,19400,1954850000,99900,"2023-03-02T10:20:00.000Z",1677752400000,100700,99900,100700,82.2,16.8,1,5.8,2.9,0.5,0.2,5000,29700,139200,300,2984730000,2454790000,499940000,30000000
4235.6,102200,10338500000,12634000000,2295500000,15089500000,425600888.9,171250222.2,-1.9,1722.2,620,0.4,2800,-5000,-494670000,100200,"2023-03-02T10:25:00.000Z",1677752700000,100200,99100,99700,26.4,73.6,0,0.7,4.5,,2.8,7800,10600,149800,,1053870000,279600000,774270000,
4235.6,102100,10328680000,12644020000,2315340000,15119360000,425600888.9,171250222.2,0,1722.2,620,0.5,100,-100,-9820000,99200,"2023-03-02T10:30:00.000Z",1677753000000,100200,99200,99200,33.3,66.7,0,0,0.1,,2,200,300,150100,,29860000,10020000,19840000,
4235.6,102100,10328770000,12783040000,2454270000,15397310000,425600888.9,171250222.2,0,1722.2,620,1,1400,0,90000,99300,"2023-03-02T10:35:00.000Z",1677753300000,99300,99200,99300,50,50,0,0.3,0.8,,1,1400,2800,152900,,277950000,139020000,138930000,
4235.6,101700,10289050000,12822760000,2533710000,15516470000,425600888.9,171250222.2,-0.2,1722.2,620,0.5,400,-400,-39720000,99300,"2023-03-02T10:40:00.000Z",1677753600000,99300,99300,99300,33.3,66.7,0,0.1,0.5,,2,800,1200,154100,,119160000,39720000,79440000,
4235.6,101600,10279120000,12822760000,2543640000,15526400000,425600888.9,171250222.2,0,1722.2,620,0,,-100,-9930000,99300,"2023-03-02T10:45:00.000Z",1677753900000,99300,99300,99300,0,100,0,,0.1,,Infinity,100,100,154200,,9930000,,9930000,
4235.6,101100,10229420000,12822760000,2593340000,15576100000,425600888.9,171250222.2,-0.2,1722.2,620,0,,-500,-49700000,99400,"2023-03-02T10:50:00.000Z",1677754200000,99400,99400,99400,0,100,0,,0.3,,Infinity,500,500,154700,,49700000,,49700000,
4235.6,94000,9524850000,12822760000,3297910000,16280670000,425600888.9,171250222.2,-2.8,1722.2,620,0,,-7100,-704570000,99200,"2023-03-02T10:55:00.000Z",1677754500000,99300,99200,99300,0,100,0,,4.1,,Infinity,7100,7100,161800,,704570000,,704570000,
4235.6,91000,9227250000,12822760000,3595510000,16578270000,425600888.9,171250222.2,-1.2,1722.2,620,0,,-3000,-297600000,99200,"2023-03-02T11:00:00.000Z",1677754800000,99200,99200,99200,0,100,0,,1.7,,Infinity,3000,3000,164800,,297600000,,297600000,
4235.6,90900,9217330000,12822760000,3605430000,16588190000,425600888.9,171250222.2,0,1722.2,620,0,,-100,-9920000,99200,"2023-03-02T11:05:00.000Z",1677755100000,99200,99200,99200,0,100,0,,0.1,,Infinity,100,100,164900,,9920000,,9920000,
4235.6,89500,9078460000,12971860000,3893400000,17025260000,425600888.9,171250222.2,-0.5,1722.2,620,0.5,1500,-1400,-138870000,99300,"2023-03-02T11:10:00.000Z",1677755400000,99400,99300,99300,34.1,65.9,0,0.4,1.7,,1.9,2900,4400,169300,,437070000,149100000,287970000,
4235.6,90700,9197840000,13091240000,3893400000,17144640000,425600888.9,171250222.2,0.5,1722.2,620,Infinity,1200,1200,119380000,99900,"2023-03-02T11:15:00.000Z",1677755700000,99900,99400,99400,100,0,0,0.3,,,0,,1200,170500,,119380000,119380000,,
4235.6,90100,9138210000,13091240000,3953030000,17204270000,425600888.9,171250222.2,-0.2,1722.2,620,0,,-600,-59630000,99400,"2023-03-02T11:20:00.000Z",1677756000000,99400,99300,99300,0,100,0,,0.3,,Infinity,600,600,171100,,59630000,,59630000,
4235.6,90400,9168230000,13141140000,3972910000,17274050000,425600888.9,171250222.2,0.1,1722.2,620,2.5,500,300,30020000,99800,"2023-03-02T11:25:00.000Z",1677756300000,99800,99400,99400,71.4,28.6,0,0.1,0.1,,0.4,200,700,171800,,69780000,49900000,19880000,
4235.6,89600,9088390000,13181060000,4092670000,17433730000,425600888.9,171250222.2,-0.3,1722.2,620,0.3,400,-800,-79840000,99800,"2023-03-02T13:00:00.000Z",1677762000000,99800,99800,99800,25,75,0,0.1,0.7,,3,1200,1600,173400,,159680000,39920000,119760000,
4235.6,91500,9278240000,13380900000,4102660000,17643560000,425600888.9,171250222.2,0.7,1722.2,620,20,2000,1900,189850000,100000,"2023-03-02T13:05:00.000Z",1677762300000,100000,99700,99700,95.2,4.8,0,0.5,0.1,,0.1,100,2100,175500,,209830000,199840000,9990000,
4235.6,98900,10018990000,14131650000,4112660000,18404310000,425600888.9,171250222.2,2.9,1722.2,620,75,7500,7400,740750000,100100,"2023-03-02T13:10:00.000Z",1677762600000,100100,100000,100000,98.7,1.3,0,1.8,0.1,,0,100,7600,183100,,760750000,750750000,10000000,
4235.6,113200,11449360000,15721960000,4272600000,20154560000,425600888.9,171250222.2,5.6,1722.2,620,9.9,15900,14300,1430370000,100100,"2023-03-02T13:15:00.000Z",1677762900000,100100,99900,100100,90.9,9.1,0,3.8,0.9,,0.1,1600,17500,200600,,1750250000,1590310000,159940000,
4235.6,114300,11560690000,16141800000,4581110000,20882910000,425600888.9,171250222.2,0.4,1722.2,620,1.4,4200,1100,111330000,99300,"2023-03-02T13:20:00.000Z",1677763200000,100000,99300,100000,57.5,42.5,0,1,1.8,,0.7,3100,7300,207900,,728350000,419840000,308510000,
4235.6,112100,11342390000,16201690000,4859300000,21220990000,425600888.9,171250222.2,-0.9,1722.2,620,0.2,600,-2200,-218300000,99900,"2023-03-02T13:25:00.000Z",1677763500000,99900,99200,99300,17.6,82.4,0,0.1,1.6,,4.7,2800,3400,211300,,338080000,59890000,278190000,
4235.6,112000,11332510000,16211670000,4879160000,21250830000,425600888.9,171250222.2,0,1722.2,620,0.5,100,-100,-9880000,99800,"2023-03-02T13:30:00.000Z",1677763800000,99800,99300,99300,33.3,66.7,0,0,0.1,,2,200,300,211600,,29840000,9980000,19860000,
4235.6,112200,11352550000,16281530000,4928980000,21370510000,425600888.9,171250222.2,0.1,1722.2,620,1.4,700,200,20040000,99400,"2023-03-02T13:35:00.000Z",1677764100000,99800,99400,99800,58.3,41.7,0,0.2,0.3,,0.7,500,1200,212800,,119680000,69860000,49820000,
4235.6,101400,10281850000,16291500000,6009650000,22461150000,425600888.9,171250222.2,-4.2,1722.2,620,0,100,-10800,-1070700000,99100,"2023-03-02T13:40:00.000Z",1677764400000,99700,99000,99300,0.9,99.1,0,0,6.3,,109,10900,11000,223800,,1090640000,9970000,1080670000,
4235.6,100600,10202980000,16371050000,6168070000,22699120000,425600888.9,171250222.2,-0.3,1722.2,620,0.5,800,-800,-78870000,99400,"2023-03-02T13:45:00.000Z",1677764700000,99700,99000,99100,33.3,66.7,0,0.2,0.9,,2,1600,2400,226200,,237970000,79550000,158420000,
4235.6,115200,11650030000,18006220000,6356190000,24562010000,425600888.9,171250222.2,5.7,1722.2,620,8.7,16500,14600,1447050000,99100,"2023-03-02T13:50:00.000Z",1677765000000,99300,99000,99100,87.8,10.1,2.1,3.9,1.1,0.6,0.1,1900,18800,245000,400,1862890000,1635170000,188120000,39600000
4235.6,113400,11473980000,18293610000,6819630000,25391960000,425600888.9,171250222.2,-0.7,1722.2,620,0.6,2900,-1800,-176050000,98100,"2023-03-02T13:55:00.000Z",1677765300000,99100,98100,99100,34.5,56,9.5,0.7,2.7,1.3,1.6,4700,8400,253400,800,829950000,287390000,463440000,79120000
4235.6,115900,11722080000,18541710000,6819630000,25640060000,425600888.9,171250222.2,1,1722.2,620,Infinity,2500,2500,248100000,99300,"2023-03-02T14:00:00.000Z",1677765600000,99300,99100,99100,100,0,0,0.6,,,0,,2500,255900,,248100000,248100000,,
4235.6,115700,11702210000,18541710000,6839500000,25659930000,425600888.9,171250222.2,-0.1,1722.2,620,0,,-200,-19870000,99400,"2023-03-02T14:05:00.000Z",1677765900000,99400,99300,99300,0,100,0,,0.1,,Infinity,200,200,256100,,19870000,,19870000,
4235.6,112800,11414170000,18541710000,7127540000,25947970000,425600888.9,171250222.2,-1.1,1722.2,620,0,,-2900,-288040000,98600,"2023-03-02T14:10:00.000Z",1677766200000,99400,98600,99400,0,100,0,,1.7,,Infinity,2900,2900,259000,,288040000,,288040000,
4235.6,117800,11914520000,19091900000,7177380000,26548000000,425600888.9,171250222.2,2,1722.2,620,11,5500,5000,500350000,100100,"2023-03-02T14:15:00.000Z",1677766500000,100200,99000,99100,91.7,8.3,0,1.3,0.3,,0.1,500,6000,265000,,600030000,550190000,49840000,
4235.6,114100,11544720000,19131980000,7587260000,26997960000,425600888.9,171250222.2,-1.5,1722.2,620,0.1,400,-3700,-369800000,100200,"2023-03-02T14:20:00.000Z",1677766800000,100200,99800,100100,8.9,91.1,0,0.1,2.4,,10.3,4100,4500,269500,,449960000,40080000,409880000,
4235.6,113100,11445780000,19152040000,7706260000,27137020000,425600888.9,171250222.2,-0.4,1722.2,620,0.2,200,-1000,-98940000,99200,"2023-03-02T14:25:00.000Z",1677767100000,100400,99100,99200,14.3,85.7,0,0,0.7,,6,1200,1400,270900,,139060000,20060000,119000000,
4235.6,113100,11445780000,19152040000,7706260000,29687180000,425600888.9,171250222.2,0,1722.2,620,NaN,,0,0,101600,"2023-03-02T14:45:00.000Z",1677768300000,101600,101600,101600,0,0,100,,,40.5,NaN,,25100,296000,25100,2550160000,,,2550160000
