"abu","acum_busd","acum_busd_val","acum_val","asd","auk","bs","bu","bu-sd","bu-sd_val","c","date","datetime","h","l","o","pbu","psd","puk","rbu","rsd","ruk","sb","sd","sum_vol","total_vol","uk","val","val_bu","val_sd","val_uk"
2769.6,1400,119000000,204100000,60.9,108.7,Infinity,1400,1400,119000000,85,"2022-12-30T10:12:00.000Z",1672395120000,85.1,85,85.1,58.3,0,41.7,0.5,,9.2,0,,2400,2400,1000,204100000,119000000,,85100000
2769.6,1500,127500000,212600000,60.9,108.7,Infinity,100,100,8500000,85,"2022-12-30T10:16:00.000Z",1672395360000,85,85,85,100,0,0,0,,,0,,100,2500,,8500000,8500000,,
2769.6,1700,144500000,229600000,60.9,108.7,Infinity,200,200,17000000,85,"2022-12-30T10:28:00.000Z",1672396080000,85,85,85,100,0,0,0.1,,,0,,200,2700,,17000000,17000000,,
2769.6,2700,229500000,314600000,60.9,108.7,Infinity,1000,1000,85000000,85,"2022-12-30T10:36:00.000Z",1672396560000,85,85,85,100,0,0,0.4,,,0,,1000,3700,,85000000,85000000,,
2769.6,3700,314500000,399600000,60.9,108.7,Infinity,1000,1000,85000000,85,"2022-12-30T10:50:00.000Z",1672397400000,85,85,85,100,0,0,0.4,,,0,,1000,4700,,85000000,85000000,,
2769.6,4000,340000000,425100000,60.9,108.7,Infinity,300,300,25500000,85,"2022-12-30T11:18:00.000Z",1672399080000,85,85,85,100,0,0,0.1,,,0,,300,5000,,25500000,25500000,,
2769.6,6000,510000000,595100000,60.9,108.7,Infinity,2000,2000,170000000,85,"2022-12-30T11:24:00.000Z",1672399440000,85,85,85,100,0,0,0.7,,,0,,2000,7000,,170000000,170000000,,
2769.6,7000,595000000,680100000,60.9,108.7,Infinity,1000,1000,85000000,85,"2022-12-30T13:00:00.000Z",1672405200000,85,85,85,100,0,0,0.4,,,0,,1000,8000,,85000000,85000000,,
2769.6,6800,578020000,697080000,60.9,108.7,0,,-200,-16980000,84.9,"2022-12-30T13:06:00.000Z",1672405560000,84.9,84.9,84.9,0,100,0,,3.3,,Infinity,200,200,8200,,16980000,,16980000,
2769.6,6600,561040000,714060000,60.9,108.7,0,,-200,-16980000,84.9,"2022-12-30T13:08:00.000Z",1672405680000,84.9,84.9,84.9,0,100,0,,3.3,,Infinity,200,200,8400,,16980000,,16980000,
2769.6,6400,544060000,731040000,60.9,108.7,0,,-200,-16980000,84.9,"2022-12-30T13:16:00.000Z",1672406160000,84.9,84.9,84.9,0,100,0,,3.3,,Infinity,200,200,8600,,16980000,,16980000,
2769.6,6200,527080000,748020000,60.9,108.7,0,,-200,-16980000,84.9,"2022-12-30T13:18:00.000Z",1672406280000,84.9,84.9,84.9,0,100,0,,3.3,,Infinity,200,200,8800,,16980000,,16980000,
2769.6,6100,518590000,756510000,60.9,108.7,0,,-100,-8490000,84.9,"2022-12-30T13:28:00.000Z",1672406880000,84.9,84.9,84.9,0,100,0,,1.6,,Infinity,100,100,8900,,8490000,,8490000,
2769.6,5800,493120000,781980000,60.9,108.7,0,,-300,-25470000,84.9,"2022-12-30T13:32:00.000Z",1672407120000,84.9,84.9,84.9,0,100,0,,4.9,,Infinity,300,300,9200,,25470000,,25470000,
2769.6,7000,595000000,883860000,60.9,108.7,Infinity,1200,1200,101880000,84.9,"2022-12-30T14:08:00.000Z",1672409280000,84.9,84.9,84.9,100,0,0,0.4,,,0,,1200,10400,,101880000,101880000,,
2769.6,7500,637450000,926310000,60.9,108.7,Infinity,500,500,42450000,84.9,"2022-12-30T14:20:00.000Z",1672410000000,84.9,84.9,84.9,100,0,0,0.2,,,0,,500,10900,,42450000,42450000,,
2769.6,24300,2065450000,2354310000,60.9,108.7,Infinity,16800,16800,1428000000,85,"2022-12-30T14:24:00.000Z",1672410240000,85,85,85,100,0,0,6.1,,,0,,16800,27700,,1428000000,1428000000,,
2769.6,26900,2286450000,2575310000,60.9,108.7,Infinity,2600,2600,221000000,85,"2022-12-30T14:26:00.000Z",1672410360000,85,85,85,100,0,0,0.9,,,0,,2600,30300,,221000000,221000000,,
2769.6,28000,2379950000,2668810000,60.9,108.7,Infinity,1100,1100,93500000,85,"2022-12-30T14:28:00.000Z",1672410480000,85,85,85,100,0,0,0.4,,,0,,1100,31400,,93500000,93500000,,
2769.6,28300,2405450000,2694310000,60.9,108.7,Infinity,300,300,25500000,85,"2022-12-30T14:34:00.000Z",1672410840000,85,85,85,100,0,0,0.1,,,0,,300,31700,,25500000,25500000,,
2769.6,29300,2490450000,2779310000,60.9,108.7,Infinity,1000,1000,85000000,85,"2022-12-30T14:38:00.000Z",1672411080000,85,85,85,100,0,0,0.4,,,0,,1000,32700,,85000000,85000000,,
2769.6,61300,5216850000,5505710000,60.9,108.7,Infinity,32000,32000,2726400000,85.2,"2022-12-30T14:44:00.000Z",1672411440000,85.2,85.2,85.2,100,0,0,11.6,,,0,,32000,64700,,2726400000,2726400000,,
2769.6,62300,5302170000,5752070000,60.9,108.7,6,1200,1000,85320000,84.6,"2022-12-30T14:58:00.000Z",1672412280000,85.2,84.6,85.2,41.4,6.9,51.7,0.4,3.3,13.8,0.2,200,2900,67600,1500,246360000,102240000,16920000,127200000
