"abu","acum_busd","acum_busd_val","acum_val_bu","acum_val_sd","acum_val","avg_val_bu","avg_val_sd","rbusd","asd","auk","bs","bu","bu-sd","bu-sd_val","c","date","datetime","h","l","o","pbu","psd","puk","rbu","rsd","ruk","sb","sd","sum_vol","total_vol","uk","val","val_bu","val_sd","val_uk"
2527.3,-200,-2800,0,2800,2800,29671753,15406981.8,0,1278.8,639.4,0,,-200,-2800,14,"2022-12-30T02:00:00.000Z",1672365600000,14,14,14,0,100,0,,0.2,,Infinity,200,200,200,,2800,,2800,
2527.3,9100,127400,130200,2800,133000,29671753,15406981.8,0,1278.8,639.4,Infinity,9300,9300,130200,14,"2022-12-30T09:00:00.000Z",1672390800000,14,14,14,100,0,0,3.7,,,0,,9300,9500,,130200,130200,,
2527.3,-9600,-255551200,1491600,257042800,258534400,29671753,15406981.8,17.9,1278.8,639.4,0,200,-18700,-255678600,13.6,"2022-12-30T09:02:00.000Z",1672390920000,14,13.6,14,1,99,0,0.1,14.8,,94.5,18900,19100,28600,,258401400,1361400,257040000,
2527.3,-8600,-242051200,14991600,257042800,272034400,29671753,15406981.8,0.9,1278.8,639.4,Infinity,1000,1000,13500000,13.5,"2022-12-30T09:04:00.000Z",1672391040000,13.5,13.5,13.5,100,0,0,0.4,,,0,,1000,29600,,13500000,13500000,,
2527.3,24000,186008800,443051600,257042800,700094400,29671753,15406981.8,30,1278.8,639.4,Infinity,32600,32600,428060000,12.8,"2022-12-30T09:06:00.000Z",1672391160000,13.5,12.8,13.5,100,0,0,12.9,,,0,,32600,62200,,428060000,428060000,,
2527.3,24100,187348800,444391600,257042800,765434400,29671753,15406981.8,0.1,1278.8,639.4,Infinity,100,100,1340000,13.4,"2022-12-30T09:08:00.000Z",1672391280000,13.4,12.8,12.8,2,0,98,0,,7.8,0,,5100,67300,5000,65340000,1340000,,64000000
2527.3,32900,299988800,557031600,257042800,878074400,29671753,15406981.8,7.9,1278.8,639.4,Infinity,8800,8800,112640000,12.8,"2022-12-30T09:10:00.000Z",1672391400000,12.8,12.8,12.8,100,0,0,3.5,,,0,,8800,76100,,112640000,112640000,,
2527.3,30900,273388800,557031600,283642800,904674400,29671753,15406981.8,1.9,1278.8,639.4,0,,-2000,-26600000,13.3,"2022-12-30T09:12:00.000Z",1672391520000,13.3,13.3,13.3,0,100,0,,1.6,,Infinity,2000,2000,78100,,26600000,,26600000,
2527.3,30900,273388800,557031600,283642800,931274400,29671753,15406981.8,0,1278.8,639.4,NaN,,0,0,13.3,"2022-12-30T09:14:00.000Z",1672391640000,13.3,13.3,13.3,0,0,100,,,3.1,NaN,,2000,80100,2000,26600000,,,26600000
2527.3,31900,286688800,570331600,283642800,944574400,29671753,15406981.8,0.9,1278.8,639.4,Infinity,1000,1000,13300000,13.3,"2022-12-30T09:18:00.000Z",1672391880000,13.3,13.3,13.3,100,0,0,0.4,,,0,,1000,81100,,13300000,13300000,,
2527.3,32900,299988800,583631600,283642800,957874400,29671753,15406981.8,0.9,1278.8,639.4,Infinity,1000,1000,13300000,13.3,"2022-12-30T09:24:00.000Z",1672392240000,13.3,13.3,13.3,100,0,0,0.4,,,0,,1000,82100,,13300000,13300000,,
2527.3,33700,310628800,594271600,283642800,968514400,29671753,15406981.8,0.7,1278.8,639.4,Infinity,800,800,10640000,13.3,"2022-12-30T09:30:00.000Z",1672392600000,13.3,13.3,13.3,100,0,0,0.3,,,0,,800,82900,,10640000,10640000,,
2527.3,33700,310628800,607471600,296842800,994914400,29671753,15406981.8,0,1278.8,639.4,1,1000,0,0,13.2,"2022-12-30T09:36:00.000Z",1672392960000,13.2,13.2,13.2,50,50,0,0.4,0.8,,1,1000,2000,84900,,26400000,13200000,13200000,
2527.3,33700,310628800,607471600,296842800,994966400,29671753,15406981.8,0,1278.8,639.4,NaN,,0,0,13,"2022-12-30T09:40:00.000Z",1672393200000,13,13,13,0,0,100,,,6.3,NaN,,4000,88900,4000,52000,,,52000
2527.3,23700,181628800,607471600,425842800,1123966400,29671753,15406981.8,9,1278.8,639.4,0,,-10000,-129000000,12.9,"2022-12-30T09:42:00.000Z",1672393320000,12.9,12.9,12.9,0,100,0,,7.8,,Infinity,10000,10000,98900,,129000000,,129000000,
2527.3,24300,189488800,615331600,425842800,1131826400,29671753,15406981.8,0.6,1278.8,639.4,Infinity,600,600,7860000,13.1,"2022-12-30T09:46:00.000Z",1672393560000,13.1,13.1,13.1,100,0,0,0.2,,,0,,600,99500,,7860000,7860000,,
2527.3,24400,190798800,616641600,425842800,1133136400,29671753,15406981.8,0.1,1278.8,639.4,Infinity,100,100,1310000,13.1,"2022-12-30T09:48:00.000Z",1672393680000,13.1,13.1,13.1,100,0,0,0,,,0,,100,99600,,1310000,1310000,,
2527.3,24900,197348800,623191600,425842800,1139686400,29671753,15406981.8,0.5,1278.8,639.4,Infinity,500,500,6550000,13.1,"2022-12-30T09:54:00.000Z",1672394040000,13.1,13.1,13.1,100,0,0,0.2,,,0,,500,100100,,6550000,6550000,,
2527.3,21400,197303300,623191600,425888300,1139731900,29671753,15406981.8,0,1278.8,639.4,0,,-3500,-45500,13,"2022-12-30T09:58:00.000Z",1672394280000,13,13,13,0,100,0,,2.7,,Infinity,3500,3500,103600,,45500,,45500,
2527.3,22900,197322800,623211100,425888300,1139751400,29671753,15406981.8,0,1278.8,639.4,Infinity,1500,1500,19500,13,"2022-12-30T10:02:00.000Z",1672394520000,13,13,13,100,0,0,0.6,,,0,,1500,105100,,19500,19500,,
2527.3,23400,203872800,629761100,425888300,1146301400,29671753,15406981.8,0.5,1278.8,639.4,Infinity,500,500,6550000,13.1,"2022-12-30T10:08:00.000Z",1672394880000,13.1,13.1,13.1,100,0,0,0.2,,,0,,500,105600,,6550000,6550000,,
2527.3,23600,206492800,632381100,425888300,1148921400,29671753,15406981.8,0.2,1278.8,639.4,Infinity,200,200,2620000,13.1,"2022-12-30T10:10:00.000Z",1672395000000,13.1,13.1,13.1,100,0,0,0.1,,,0,,200,105800,,2620000,2620000,,
2527.3,24100,213042800,638931100,425888300,1155471400,29671753,15406981.8,0.5,1278.8,639.4,Infinity,500,500,6550000,13.1,"2022-12-30T10:14:00.000Z",1672395240000,13.1,13.1,13.1,100,0,0,0.2,,,0,,500,106300,,6550000,6550000,,
2527.3,23900,213040200,638931100,425890900,1155474000,29671753,15406981.8,0,1278.8,639.4,0,,-200,-2600,13,"2022-12-30T10:16:00.000Z",1672395360000,13,13,13,0,100,0,,0.2,,Infinity,200,200,106500,,2600,,2600,
2527.3,24100,213042800,638933700,425890900,1155476600,29671753,15406981.8,0,1278.8,639.4,Infinity,200,200,2600,13,"2022-12-30T10:22:00.000Z",1672395720000,13,13,13,100,0,0,0.1,,,0,,200,106700,,2600,2600,,
2527.3,25800,213064900,638955800,425890900,1155498700,29671753,15406981.8,0,1278.8,639.4,Infinity,1700,1700,22100,13,"2022-12-30T10:24:00.000Z",1672395840000,13,13,13,100,0,0,0.7,,,0,,1700,108400,,22100,22100,,
2527.3,26300,219614900,645505800,425890900,1162048700,29671753,15406981.8,0.5,1278.8,639.4,Infinity,500,500,6550000,13.1,"2022-12-30T10:26:00.000Z",1672395960000,13.1,13.1,13.1,100,0,0,0.2,,,0,,500,108900,,6550000,6550000,,
2527.3,25800,213224900,657175800,443950900,1191778700,29671753,15406981.8,0.4,1278.8,639.4,0.6,900,-500,-6390000,13.1,"2022-12-30T10:30:00.000Z",1672396200000,13.1,12.9,12.9,39.1,60.9,0,0.4,1.1,,1.6,1400,2300,111200,,29730000,11670000,18060000,
2527.3,25900,214534900,658485800,443950900,1193088700,29671753,15406981.8,0.1,1278.8,639.4,Infinity,100,100,1310000,13.1,"2022-12-30T10:32:00.000Z",1672396320000,13.1,13.1,13.1,100,0,0,0,,,0,,100,111300,,1310000,1310000,,
2527.3,26300,219774900,663725800,443950900,1198328700,29671753,15406981.8,0.4,1278.8,639.4,Infinity,400,400,5240000,13.1,"2022-12-30T10:34:00.000Z",1672396440000,13.1,13.1,13.1,100,0,0,0.2,,,0,,400,111700,,5240000,5240000,,
2527.3,26900,227554900,671505800,443950900,1206108700,29671753,15406981.8,0.5,1278.8,639.4,Infinity,600,600,7780000,12.9,"2022-12-30T10:40:00.000Z",1672396800000,13.1,12.9,13.1,100,0,0,0.2,,,0,,600,112300,,7780000,7780000,,
2527.3,28800,227579600,671530500,443950900,1206133400,29671753,15406981.8,0,1278.8,639.4,Infinity,1900,1900,24700,13,"2022-12-30T10:44:00.000Z",1672397040000,13,13,13,100,0,0,0.8,,,0,,1900,114200,,24700,24700,,
2527.3,27500,227562700,671535700,443973000,1206160700,29671753,15406981.8,0,1278.8,639.4,0.2,400,-1300,-16900,13,"2022-12-30T10:46:00.000Z",1672397160000,13,13,13,19,81,0,0.2,1.3,,4.3,1700,2100,116300,,27300,5200,22100,
2527.3,26900,227554900,671535700,443980800,1206168500,29671753,15406981.8,0,1278.8,639.4,0,,-600,-7800,13,"2022-12-30T10:48:00.000Z",1672397280000,13,13,13,0,100,0,,0.5,,Infinity,600,600,116900,,7800,,7800,
2527.3,25900,214654900,671535700,456880800,1219068500,29671753,15406981.8,0.9,1278.8,639.4,0,,-1000,-12900000,12.9,"2022-12-30T10:56:00.000Z",1672397760000,12.9,12.9,12.9,0,100,0,,0.8,,Infinity,1000,1000,117900,,12900000,,12900000,
2527.3,24900,201754900,671535700,469780800,1231968500,29671753,15406981.8,0.9,1278.8,639.4,0,,-1000,-12900000,12.9,"2022-12-30T11:00:00.000Z",1672398000000,12.9,12.9,12.9,0,100,0,,0.8,,Infinity,1000,1000,118900,,12900000,,12900000,
2527.3,23900,188854900,671535700,482680800,1244868500,29671753,15406981.8,0.9,1278.8,639.4,0,,-1000,-12900000,12.9,"2022-12-30T11:04:00.000Z",1672398240000,12.9,12.9,12.9,0,100,0,,0.8,,Infinity,1000,1000,119900,,12900000,,12900000,
2527.3,24900,201754900,684435700,482680800,1270668500,29671753,15406981.8,0.9,1278.8,639.4,Infinity,1000,1000,12900000,12.9,"2022-12-30T11:08:00.000Z",1672398480000,12.9,12.9,12.9,50,0,50,0.4,,1.6,0,,2000,121900,1000,25800000,12900000,,12900000
2527.3,25000,203044900,685725700,482680800,1271958500,29671753,15406981.8,0.1,1278.8,639.4,Infinity,100,100,1290000,12.9,"2022-12-30T11:16:00.000Z",1672398960000,12.9,12.9,12.9,100,0,0,0,,,0,,100,122000,,1290000,1290000,,
2527.3,26600,223684900,706365700,482680800,1292598500,29671753,15406981.8,1.4,1278.8,639.4,Infinity,1600,1600,20640000,12.9,"2022-12-30T11:22:00.000Z",1672399320000,12.9,12.9,12.9,100,0,0,0.6,,,0,,1600,123600,,20640000,20640000,,
2527.3,51800,546244900,1040445700,494200800,1638198500,29671753,15406981.8,22.6,1278.8,639.4,29,26100,25200,322560000,12.8,"2022-12-30T13:02:00.000Z",1672405320000,12.8,12.8,12.8,96.7,3.3,0,10.3,0.7,,0,900,27000,150600,,345600000,334080000,11520000,
2527.3,58800,635844900,1172285700,536440800,1812278500,29671753,15406981.8,6.3,1278.8,639.4,3.1,10300,7000,89600000,12.8,"2022-12-30T13:04:00.000Z",1672405440000,12.8,12.8,12.8,75.7,24.3,0,4.1,2.6,,0.3,3300,13600,164200,,174080000,131840000,42240000,
2527.3,98400,1142724900,1685565700,542840800,2331958500,29671753,15406981.8,35.5,1278.8,639.4,80.2,40100,39600,506880000,12.8,"2022-12-30T13:06:00.000Z",1672405560000,12.8,12.8,12.8,98.8,1.2,0,15.9,0.4,,0,500,40600,204800,,519680000,513280000,6400000,
2527.3,104400,1219634900,1762475700,542840800,2408868500,29671753,15406981.8,5.4,1278.8,639.4,Infinity,6000,6000,76910000,12.9,"2022-12-30T13:08:00.000Z",1672405680000,12.9,12.8,12.8,100,0,0,2.4,,,0,,6000,210800,,76910000,76910000,,
2527.3,99400,1155634900,1762475700,606840800,2472868500,29671753,15406981.8,4.5,1278.8,639.4,0,,-5000,-64000000,12.8,"2022-12-30T13:10:00.000Z",1672405800000,12.8,12.8,12.8,0,100,0,,3.9,,Infinity,5000,5000,215800,,64000000,,64000000,
2527.3,100600,1171114900,1777955700,606840800,2488348500,29671753,15406981.8,1.1,1278.8,639.4,Infinity,1200,1200,15480000,12.9,"2022-12-30T13:16:00.000Z",1672406160000,12.9,12.9,12.9,100,0,0,0.5,,,0,,1200,217000,,15480000,15480000,,
2527.3,101400,1181434900,1788275700,606840800,2498668500,29671753,15406981.8,0.7,1278.8,639.4,Infinity,800,800,10320000,12.9,"2022-12-30T13:20:00.000Z",1672406400000,12.9,12.9,12.9,100,0,0,0.3,,,0,,800,217800,,10320000,10320000,,
2527.3,101900,1187884900,1794725700,606840800,2505118500,29671753,15406981.8,0.5,1278.8,639.4,Infinity,500,500,6450000,12.9,"2022-12-30T13:24:00.000Z",1672406640000,12.9,12.9,12.9,100,0,0,0.2,,,0,,500,218300,,6450000,6450000,,
2527.3,86900,997384900,1794725700,797340800,2695618500,29671753,15406981.8,13.4,1278.8,639.4,0,,-15000,-190500000,12.7,"2022-12-30T13:28:00.000Z",1672406880000,12.7,12.7,12.7,0,100,0,,11.7,,Infinity,15000,15000,233300,,190500000,,190500000,
2527.3,88600,1019314900,1816655700,797340800,2717548500,29671753,15406981.8,1.5,1278.8,639.4,Infinity,1700,1700,21930000,12.9,"2022-12-30T13:32:00.000Z",1672407120000,12.9,12.9,12.9,100,0,0,0.7,,,0,,1700,235000,,21930000,21930000,,
2527.3,78600,891314900,1816655700,925340800,2845548500,29671753,15406981.8,9,1278.8,639.4,0,,-10000,-128000000,12.8,"2022-12-30T13:36:00.000Z",1672407360000,12.8,12.8,12.8,0,100,0,,7.8,,Infinity,10000,10000,245000,,128000000,,128000000,
2527.3,78300,887444900,1816655700,929210800,2849418500,29671753,15406981.8,0.3,1278.8,639.4,0,,-300,-3870000,12.9,"2022-12-30T13:38:00.000Z",1672407480000,12.9,12.9,12.9,0,100,0,,0.2,,Infinity,300,300,245300,,3870000,,3870000,
2527.3,78300,887444900,1816655700,929210800,2875018500,29671753,15406981.8,0,1278.8,639.4,NaN,,0,0,12.8,"2022-12-30T13:46:00.000Z",1672407960000,12.8,12.8,12.8,0,0,100,,,3.1,NaN,,2000,247300,2000,25600000,,,25600000
2527.3,83400,953234900,1882445700,929210800,2940808500,29671753,15406981.8,4.6,1278.8,639.4,Infinity,5100,5100,65790000,12.9,"2022-12-30T13:48:00.000Z",1672408080000,12.9,12.9,12.9,100,0,0,2,,,0,,5100,252400,,65790000,65790000,,
2527.3,85800,984114900,1913325700,929210800,2971688500,29671753,15406981.8,2.2,1278.8,639.4,Infinity,2400,2400,30880000,12.8,"2022-12-30T13:50:00.000Z",1672408200000,12.9,12.8,12.9,100,0,0,0.9,,,0,,2400,254800,,30880000,30880000,,
2527.3,86100,987954900,1917165700,929210800,2975528500,29671753,15406981.8,0.3,1278.8,639.4,Infinity,300,300,3840000,12.8,"2022-12-30T13:52:00.000Z",1672408320000,12.8,12.8,12.8,100,0,0,0.1,,,0,,300,255100,,3840000,3840000,,
2527.3,86200,989234900,1918445700,929210800,2976808500,29671753,15406981.8,0.1,1278.8,639.4,Infinity,100,100,1280000,12.8,"2022-12-30T13:54:00.000Z",1672408440000,12.8,12.8,12.8,100,0,0,0,,,0,,100,255200,,1280000,1280000,,
2527.3,84800,971454900,1918445700,946990800,2994588500,29671753,15406981.8,1.2,1278.8,639.4,0,,-1400,-17780000,12.7,"2022-12-30T13:58:00.000Z",1672408680000,12.7,12.7,12.7,0,100,0,,1.1,,Infinity,1400,1400,256600,,17780000,,17780000,
2527.3,85800,984254900,1931245700,946990800,3007388500,29671753,15406981.8,0.9,1278.8,639.4,Infinity,1000,1000,12800000,12.8,"2022-12-30T14:02:00.000Z",1672408920000,12.8,12.8,12.8,100,0,0,0.4,,,0,,1000,257600,,12800000,12800000,,
2527.3,85600,981714900,1931245700,949530800,3009928500,29671753,15406981.8,0.2,1278.8,639.4,0,,-200,-2540000,12.7,"2022-12-30T14:12:00.000Z",1672409520000,12.7,12.7,12.7,0,100,0,,0.2,,Infinity,200,200,257800,,2540000,,2540000,
2527.3,85600,981714900,1931245700,949530800,3011208500,29671753,15406981.8,0,1278.8,639.4,NaN,,0,0,12.8,"2022-12-30T14:14:00.000Z",1672409640000,12.8,12.8,12.8,0,0,100,,,0.2,NaN,,100,257900,100,1280000,,,1280000
2527.3,86400,992054900,1944145700,952090800,3026668500,29671753,15406981.8,0.7,1278.8,639.4,5,1000,800,10340000,12.9,"2022-12-30T14:16:00.000Z",1672409760000,12.9,12.8,12.8,83.3,16.7,0,0.4,0.2,,0.2,200,1200,259100,,15460000,12900000,2560000,
2527.3,83500,955444900,1958335700,1002890800,3103178500,29671753,15406981.8,2.6,1278.8,639.4,0.3,1100,-2900,-36610000,12.7,"2022-12-30T14:24:00.000Z",1672410240000,12.9,12.7,12.9,18.3,66.7,15,0.4,3.1,1.4,3.6,4000,6000,265100,900,76510000,14190000,50800000,11520000
2527.3,82500,942744900,1958335700,1015590800,3115878500,29671753,15406981.8,0.9,1278.8,639.4,0,,-1000,-12700000,12.7,"2022-12-30T14:26:00.000Z",1672410360000,12.7,12.7,12.7,0,100,0,,0.8,,Infinity,1000,1000,266100,,12700000,,12700000,
2527.3,82400,941474900,1958335700,1016860800,3117148500,29671753,15406981.8,0.1,1278.8,639.4,0,,-100,-1270000,12.7,"2022-12-30T14:28:00.000Z",1672410480000,12.7,12.7,12.7,0,100,0,,0.1,,Infinity,100,100,266200,,1270000,,1270000,
2527.3,82400,941474900,1958335700,1016860800,3459868500,29671753,15406981.8,0,1278.8,639.4,NaN,,0,0,12.6,"2022-12-30T14:44:00.000Z",1672411440000,12.6,12.6,12.6,0,0,100,,,42.5,NaN,,27200,293400,27200,342720000,,,342720000
