"abu","acum_busd","acum_busd_val","acum_val_bu","acum_val_sd","acum_val","avg_val_bu","avg_val_sd","rbusd","asd","auk","bs","bu","bu-sd","bu-sd_val","c","date","datetime","h","l","o","pbu","psd","puk","rbu","rsd","ruk","sb","sd","sum_vol","total_vol","uk","val","val_bu","val_sd","val_uk"
11057.7,-14000,-176400000,0,176400000,176400000,66086303.8,97758263.5,5.6,13319.2,382.7,0,,-14000,-176400000,12.6,"2022-12-30T09:14:00.000Z",1672391640000,12.6,12.6,12.6,0,100,0,,1.1,,Infinity,14000,14000,14000,,176400000,,176400000,
11057.7,-12000,-151000000,25400000,176400000,201800000,66086303.8,97758263.5,0.8,13319.2,382.7,Infinity,2000,2000,25400000,12.7,"2022-12-30T09:16:00.000Z",1672391760000,12.7,12.7,12.7,100,0,0,0.2,,,0,,2000,16000,,25400000,25400000,,
11057.7,-11000,-138200000,38200000,176400000,214600000,66086303.8,97758263.5,0.4,13319.2,382.7,Infinity,1000,1000,12800000,12.8,"2022-12-30T09:18:00.000Z",1672391880000,12.8,12.8,12.8,100,0,0,0.1,,,0,,1000,17000,,12800000,12800000,,
11057.7,-8600,-107340000,69060000,176400000,245460000,66086303.8,97758263.5,1,13319.2,382.7,Infinity,2400,2400,30860000,12.9,"2022-12-30T09:22:00.000Z",1672392120000,12.9,12.8,12.8,100,0,0,0.2,,,0,,2400,19400,,30860000,30860000,,
11057.7,-8000,-99600000,76800000,176400000,253200000,66086303.8,97758263.5,0.2,13319.2,382.7,Infinity,600,600,7740000,12.9,"2022-12-30T09:24:00.000Z",1672392240000,12.9,12.9,12.9,100,0,0,0.1,,,0,,600,20000,,7740000,7740000,,
11057.7,-4700,-99557100,76842900,176400000,253242900,66086303.8,97758263.5,0,13319.2,382.7,Infinity,3300,3300,42900,13,"2022-12-30T09:32:00.000Z",1672392720000,13,13,13,100,0,0,0.3,,,0,,3300,23300,,42900,42900,,
11057.7,-4500,-99554500,76845500,176400000,253245500,66086303.8,97758263.5,0,13319.2,382.7,Infinity,200,200,2600,13,"2022-12-30T09:34:00.000Z",1672392840000,13,13,13,100,0,0,0,,,0,,200,23500,,2600,2600,,
11057.7,-1500,-60254500,116145500,176400000,292545500,66086303.8,97758263.5,1.2,13319.2,382.7,Infinity,3000,3000,39300000,13.1,"2022-12-30T09:36:00.000Z",1672392960000,13.1,13.1,13.1,100,0,0,0.3,,,0,,3000,26500,,39300000,39300000,,
11057.7,-2900,-78594500,116145500,194740000,310885500,66086303.8,97758263.5,0.6,13319.2,382.7,0,,-1400,-18340000,13.1,"2022-12-30T09:40:00.000Z",1672393200000,13.1,13.1,13.1,0,100,0,,0.1,,Infinity,1400,1400,27900,,18340000,,18340000,
11057.7,-4900,-78620500,116145500,194766000,310911500,66086303.8,97758263.5,0,13319.2,382.7,0,,-2000,-26000,13,"2022-12-30T09:46:00.000Z",1672393560000,13,13,13,0,100,0,,0.2,,Infinity,2000,2000,29900,,26000,,26000,
11057.7,-6400,-78640000,116145500,194785500,310931000,66086303.8,97758263.5,0,13319.2,382.7,0,,-1500,-19500,13,"2022-12-30T10:00:00.000Z",1672394400000,13,13,13,0,100,0,,0.1,,Infinity,1500,1500,31400,,19500,,19500,
11057.7,-6300,-78638700,116146800,194785500,310932300,66086303.8,97758263.5,0,13319.2,382.7,Infinity,100,100,1300,13,"2022-12-30T10:28:00.000Z",1672396080000,13,13,13,100,0,0,0,,,0,,100,31500,,1300,1300,,
11057.7,-4900,-78620500,116165000,194785500,310950500,66086303.8,97758263.5,0,13319.2,382.7,Infinity,1400,1400,18200,13,"2022-12-30T10:38:00.000Z",1672396680000,13,13,13,100,0,0,0.1,,,0,,1400,32900,,18200,18200,,
11057.7,-6500,-78641300,116165000,194806300,310971300,66086303.8,97758263.5,0,13319.2,382.7,0,,-1600,-20800,13,"2022-12-30T10:40:00.000Z",1672396800000,13,13,13,0,100,0,,0.1,,Infinity,1600,1600,34500,,20800,,20800,
11057.7,-6500,-91528300,116178000,207706300,323884300,66086303.8,97758263.5,0.4,13319.2,382.7,1,1000,0,-12887000,13,"2022-12-30T10:44:00.000Z",1672397040000,13,12.9,12.9,50,50,0,0.1,0.1,,1,1000,2000,36500,,12913000,13000,12900000,
11057.7,-5200,-91511400,116194900,207706300,323901200,66086303.8,97758263.5,0,13319.2,382.7,Infinity,1300,1300,16900,13,"2022-12-30T10:48:00.000Z",1672397280000,13,13,13,100,0,0,0.1,,,0,,1300,37800,,16900,16900,,
11057.7,-4100,-91497100,116209200,207706300,323915500,66086303.8,97758263.5,0,13319.2,382.7,Infinity,1100,1100,14300,13,"2022-12-30T10:52:00.000Z",1672397520000,13,13,13,100,0,0,0.1,,,0,,1100,38900,,14300,14300,,
11057.7,-1200,-53377100,154329200,207706300,362035500,66086303.8,97758263.5,1.2,13319.2,382.7,Infinity,2900,2900,38120000,13.2,"2022-12-30T10:54:00.000Z",1672397640000,13.2,13.1,13.1,100,0,0,0.3,,,0,,2900,41800,,38120000,38120000,,
11057.7,-200,-40177100,167529200,207706300,375235500,66086303.8,97758263.5,0.4,13319.2,382.7,Infinity,1000,1000,13200000,13.2,"2022-12-30T11:04:00.000Z",1672398240000,13.2,13.2,13.2,100,0,0,0.1,,,0,,1000,42800,,13200000,13200000,,
11057.7,500,-30937100,176769200,207706300,384475500,66086303.8,97758263.5,0.3,13319.2,382.7,Infinity,700,700,9240000,13.2,"2022-12-30T11:06:00.000Z",1672398360000,13.2,13.2,13.2,100,0,0,0.1,,,0,,700,43500,,9240000,9240000,,
11057.7,600,-29612100,178094200,207706300,385800500,66086303.8,97758263.5,0,13319.2,382.7,Infinity,100,100,1325000,13.25,"2022-12-30T11:18:00.000Z",1672399080000,13.25,13.25,13.25,100,0,0,0,,,0,,100,43600,,1325000,1325000,,
11057.7,1600,-16312100,191394200,207706300,399100500,66086303.8,97758263.5,0.4,13319.2,382.7,Infinity,1000,1000,13300000,13.3,"2022-12-30T11:20:00.000Z",1672399200000,13.3,13.3,13.3,100,0,0,0.1,,,0,,1000,44600,,13300000,13300000,,
11057.7,1400,-19017100,221754200,240771300,479685500,66086303.8,97758263.5,0.1,13319.2,382.7,0.9,2300,-200,-2705000,13.2,"2022-12-30T13:00:00.000Z",1672405200000,13.25,13.1,13.25,37.7,41,21.3,0.2,0.2,3.4,1.1,2500,6100,50700,1300,80585000,30360000,33065000,17160000
11057.7,-2400,-16389100,237539400,253928500,508627900,66086303.8,97758263.5,0.1,13319.2,382.7,0.3,1600,-3800,2628000,13.15,"2022-12-30T13:02:00.000Z",1672405320000,13.15,13,13.1,22.9,77.1,0,0.1,0.4,,3.4,5400,7000,57700,,28942400,15785200,13157200,
11057.7,-100,13880900,267809400,253928500,538897900,66086303.8,97758263.5,1,13319.2,382.7,Infinity,2300,2300,30270000,13.2,"2022-12-30T13:04:00.000Z",1672405440000,13.2,13.15,13.15,100,0,0,0.2,,,0,,2300,60000,,30270000,30270000,,
11057.7,600,23420900,316649400,293228500,627037900,66086303.8,97758263.5,0.3,13319.2,382.7,1.2,3700,700,9540000,13.1,"2022-12-30T13:06:00.000Z",1672405560000,13.2,13.1,13.2,55.2,44.8,0,0.3,0.2,,0.8,3000,6700,66700,,88140000,48840000,39300000,
11057.7,-1000,68145900,375849400,307703500,700712900,66086303.8,97758263.5,1.4,13319.2,382.7,0.7,4500,-1600,44725000,13.2,"2022-12-30T13:08:00.000Z",1672405680000,13.2,13,13.1,42.5,57.5,0,0.4,0.5,,1.4,6100,10600,77300,,73675000,59200000,14475000,
11057.7,2400,68190100,375893600,307703500,700764900,66086303.8,97758263.5,0,13319.2,382.7,Infinity,3400,3400,44200,13,"2022-12-30T13:10:00.000Z",1672405800000,13,13,13,85,0,15,0.3,,1.6,0,,4000,81300,600,52000,44200,,7800
11057.7,1700,98396100,406138600,307742500,731048900,66086303.8,97758263.5,1,13319.2,382.7,0.8,2300,-700,30206000,13,"2022-12-30T13:12:00.000Z",1672405920000,13.15,13,13.15,43.4,56.6,0,0.2,0.2,,1.3,3000,5300,86600,,30284000,30245000,39000,
11057.7,-500,98367500,406349200,307981700,731498700,66086303.8,97758263.5,0,13319.2,382.7,0.9,16200,-2200,-28600,13,"2022-12-30T13:14:00.000Z",1672406040000,13,13,13,46.8,53.2,0,1.5,1.4,,1.1,18400,34600,121200,,449800,210600,239200,
11057.7,11500,98523500,406869200,308345700,732382700,66086303.8,97758263.5,0,13319.2,382.7,1.4,40000,12000,156000,13,"2022-12-30T13:16:00.000Z",1672406160000,13,13,13,58.8,41.2,0,3.6,2.1,,0.7,28000,68000,189200,,884000,520000,364000,
11057.7,42000,98920000,407536100,308616100,733320000,66086303.8,97758263.5,0,13319.2,382.7,2.5,51300,30500,396500,13,"2022-12-30T13:18:00.000Z",1672406280000,13,13,13,71.2,28.8,0,4.6,1.6,,0.4,20800,72100,261300,,937300,666900,270400,
11057.7,36200,295703300,955936400,660233100,1633337300,66086303.8,97758263.5,6.2,13319.2,382.7,0.9,65100,-5800,196783300,13,"2022-12-30T13:20:00.000Z",1672406400000,13.05,13,13,47.9,52.1,0,5.9,5.3,,1.1,70900,136000,397300,,900017300,548400300,351617000,
11057.7,24400,582363900,1308534700,726170800,2286773300,66086303.8,97758263.5,9.1,13319.2,382.7,0.8,46100,-11800,286660600,13,"2022-12-30T13:22:00.000Z",1672406520000,13.05,13,13,37.8,47.5,14.8,4.2,4.3,47,1.3,57900,122000,519300,18000,653436000,352598300,65937700,234900000
11057.7,-11100,122825200,1571448700,1448623500,3272140000,66086303.8,97758263.5,14.5,13319.2,382.7,0.7,68100,-35500,-459538700,12.9,"2022-12-30T13:24:00.000Z",1672406640000,13.05,12.9,13,39.7,60.3,0,6.2,7.8,,1.5,103600,171700,691000,,985366700,262914000,722452700,
11057.7,-16800,126617200,1575552700,1448935500,3276556000,66086303.8,97758263.5,0.1,13319.2,382.7,0.8,18300,-5700,3792000,13,"2022-12-30T13:26:00.000Z",1672406760000,13,12.9,12.9,43.3,56.7,0,1.7,1.8,,1.3,24000,42300,733300,,4416000,4104000,312000,
11057.7,-7800,126734200,1575669700,1448935500,3276673000,66086303.8,97758263.5,0,13319.2,382.7,Infinity,9000,9000,117000,13,"2022-12-30T13:28:00.000Z",1672406880000,13,13,13,100,0,0,0.8,,,0,,9000,742300,,117000,117000,,
11057.7,14600,322580400,1771515900,1448935500,3472519200,66086303.8,97758263.5,6.2,13319.2,382.7,Infinity,22400,22400,195846200,13.05,"2022-12-30T13:30:00.000Z",1672407000000,13.05,13,13,100,0,0,2,,,0,,22400,764700,,195846200,195846200,,
11057.7,6200,322471200,1771515900,1449044700,3472628400,66086303.8,97758263.5,0,13319.2,382.7,0,,-8400,-109200,13,"2022-12-30T13:34:00.000Z",1672407240000,13,13,13,0,100,0,,0.6,,Infinity,8400,8400,773100,,109200,,109200,
11057.7,7100,322482900,1771527600,1449044700,3472640100,66086303.8,97758263.5,0,13319.2,382.7,Infinity,900,900,11700,13,"2022-12-30T13:40:00.000Z",1672407600000,13,13,13,100,0,0,0.1,,,0,,900,774000,,11700,11700,,
11057.7,16600,314874200,1928073900,1613199700,3793341400,66086303.8,97758263.5,0.2,13319.2,382.7,1.3,47200,9500,-7608700,12.9,"2022-12-30T13:44:00.000Z",1672407840000,13,12.9,13,55.6,44.4,0,4.3,2.8,,0.8,37700,84900,858900,,320701300,156546300,164155000,
11057.7,52300,386216800,2530896500,2144679700,4927644000,66086303.8,97758263.5,2.3,13319.2,382.7,1.9,76900,35700,71342600,12.9,"2022-12-30T13:46:00.000Z",1672407960000,13,12.9,12.9,65.1,34.9,0,7,3.1,,0.5,41200,118100,977000,,1134302600,602822600,531480000,
11057.7,45000,292046800,2826306500,2534259700,5612634000,66086303.8,97758263.5,3,13319.2,382.7,0.8,22900,-7300,-94170000,12.9,"2022-12-30T13:48:00.000Z",1672408080000,12.9,12.9,12.9,43.1,56.9,0,2.1,2.3,,1.3,30200,53100,1030100,,684990000,295410000,389580000,
11057.7,43400,271591800,2828891500,2557299700,5638259000,66086303.8,97758263.5,0.6,13319.2,382.7,0.1,200,-1600,-20455000,12.95,"2022-12-30T13:54:00.000Z",1672408440000,12.95,12.8,12.8,10,90,0,0,0.1,,9,1800,2000,1032100,,25625000,2585000,23040000,
11057.7,42600,259983100,2828892800,2568909700,5649870300,66086303.8,97758263.5,0.4,13319.2,382.7,0.1,100,-800,-11608700,12.9,"2022-12-30T13:56:00.000Z",1672408560000,13,12.9,13,10,90,0,0,0.1,,9,900,1000,1033100,,11611300,1300,11610000,
11057.7,36600,183573100,2828892800,2645319700,5726280300,66086303.8,97758263.5,2.4,13319.2,382.7,0,,-6000,-76410000,12.7,"2022-12-30T14:00:00.000Z",1672408800000,12.8,12.7,12.8,0,100,0,,0.5,,Infinity,6000,6000,1039100,,76410000,,76410000,
11057.7,36300,179763100,2828892800,2649129700,5730090300,66086303.8,97758263.5,0.1,13319.2,382.7,0,,-300,-3810000,12.7,"2022-12-30T14:02:00.000Z",1672408920000,12.7,12.7,12.7,0,100,0,,0,,Infinity,300,300,1039400,,3810000,,3810000,
11057.7,35200,165843100,2828892800,2663049700,5744010300,66086303.8,97758263.5,0.4,13319.2,382.7,0,,-1100,-13920000,12.65,"2022-12-30T14:04:00.000Z",1672409040000,12.7,12.65,12.7,0,100,0,,0.1,,Infinity,1100,1100,1040500,,13920000,,13920000,
11057.7,65200,552843100,3215892800,2663049700,6131010300,66086303.8,97758263.5,12.2,13319.2,382.7,Infinity,30000,30000,387000000,12.9,"2022-12-30T14:06:00.000Z",1672409160000,12.9,12.9,12.9,100,0,0,2.7,,,0,,30000,1070500,,387000000,387000000,,
11057.7,82300,773438100,3436487800,2663049700,6351605300,66086303.8,97758263.5,7,13319.2,382.7,Infinity,17100,17100,220595000,12.95,"2022-12-30T14:08:00.000Z",1672409280000,12.95,12.9,12.9,100,0,0,1.5,,,0,,17100,1087600,,220595000,220595000,,
11057.7,79400,736758100,3436487800,2699729700,6388285300,66086303.8,97758263.5,1.2,13319.2,382.7,0,,-2900,-36680000,12.6,"2022-12-30T14:28:00.000Z",1672410480000,12.8,12.6,12.8,0,100,0,,0.2,,Infinity,2900,2900,1090500,,36680000,,36680000,
11057.7,-117600,-1646941900,3436487800,5083429700,8771985300,66086303.8,97758263.5,75.3,13319.2,382.7,0,,-197000,-2383700000,12.1,"2022-12-30T14:44:00.000Z",1672411440000,12.1,12.1,12.1,0,100,0,,14.8,,Infinity,197000,197000,1287500,,2383700000,,2383700000,
