"abu","acum_busd","acum_busd_val","acum_val_bu","acum_val_sd","acum_val","avg_val_bu","avg_val_sd","rbusd","asd","auk","bs","bu","bu-sd","bu-sd_val","c","date","datetime","h","l","o","pbu","psd","puk","rbu","rsd","ruk","sb","sd","sum_vol","total_vol","uk","val","val_bu","val_sd","val_uk"
65340.4,19400,262074600,1033637800,771563200,3567779600,863824055.3,736074285.1,2.1,48219.1,23080.9,1.2,107500,19400,262074600,17.85,"2022-12-30T09:15:00.000Z",1672391700000,18,17.75,17.75,36.4,29.9,33.7,1.6,1.8,4.3,0.8,88100,295100,295100,99500,3567779600,1033637800,771563200,1762578600
65340.4,7700,54424600,1359477800,1305053200,4509014600,863824055.3,736074285.1,-1.6,48219.1,23080.9,0.6,18300,-11700,-207650000,17.75,"2022-12-30T09:20:00.000Z",1672392000000,17.9,17.75,17.9,34.6,56.7,8.7,0.3,0.6,0.2,1.6,30000,52900,348000,4600,941235000,325840000,533490000,81905000
65340.4,-9800,-254645400,1600877800,1855523200,5300884600,863824055.3,736074285.1,-2.4,48219.1,23080.9,0.4,13600,-17500,-309070000,17.7,"2022-12-30T09:25:00.000Z",1672392300000,17.75,17.7,17.75,30.4,69.6,0,0.2,0.6,,2.3,31100,44700,392700,,791870000,241400000,550470000,
65340.4,-27700,-570395400,2040947800,2611343200,6496774600,863824055.3,736074285.1,-2.5,48219.1,23080.9,0.6,24900,-17900,-315750000,17.7,"2022-12-30T09:30:00.000Z",1672392600000,17.7,17.65,17.7,36.8,63.2,0,0.4,0.9,,1.7,42800,67700,460400,,1195890000,440070000,755820000,
65340.4,-19700,-427340400,2793282800,3220623200,7858389600,863824055.3,736074285.1,1.1,48219.1,23080.9,1.2,42500,8000,143055000,17.75,"2022-12-30T09:35:00.000Z",1672392900000,17.75,17.65,17.7,55.2,44.8,0,0.7,0.7,,0.8,34500,77000,537400,,1361615000,752335000,609280000,
65340.4,300,-71210400,3549432800,3620643200,9014559600,863824055.3,736074285.1,2.8,48219.1,23080.9,1.9,42600,20000,356130000,17.75,"2022-12-30T09:40:00.000Z",1672393200000,17.75,17.7,17.75,65.3,34.7,0,0.7,0.5,,0.5,22600,65200,602600,,1156170000,756150000,400020000,
65340.4,45100,725454600,4347877800,3622423200,9814784600,863824055.3,736074285.1,6.2,48219.1,23080.9,449,44900,44800,796665000,17.8,"2022-12-30T09:45:00.000Z",1672393500000,17.8,17.75,17.75,99.8,0.2,0,0.7,0,,0,100,45000,647600,,800225000,798445000,1780000,
65340.4,-37900,-744290400,4454547800,5198838200,11497869600,863824055.3,736074285.1,-11.5,48219.1,23080.9,0.1,6000,-83000,-1469745000,17.7,"2022-12-30T09:50:00.000Z",1672393800000,17.85,17.7,17.8,6.3,93.7,0,0.1,1.8,,14.8,89000,95000,742600,,1683085000,106670000,1576415000,
65340.4,-46600,-898275400,4532432800,5430708200,11807624600,863824055.3,736074285.1,-1.2,48219.1,23080.9,0.3,4400,-8700,-153985000,17.7,"2022-12-30T09:55:00.000Z",1672394100000,17.75,17.7,17.7,25.1,74.9,0,0.1,0.3,,3,13100,17500,760100,,309755000,77885000,231870000,
65340.4,-76700,-1428750400,4812092800,6240843200,12897419600,863824055.3,736074285.1,-4.2,48219.1,23080.9,0.3,15800,-30100,-530475000,17.65,"2022-12-30T10:00:00.000Z",1672394400000,17.7,17.65,17.7,25.6,74.4,0,0.2,1,,2.9,45900,61700,821800,,1089795000,279660000,810135000,
65340.4,-78400,-1458645400,5128137800,6586783200,13559404600,863824055.3,736074285.1,-0.2,48219.1,23080.9,0.9,17900,-1700,-29895000,17.65,"2022-12-30T10:05:00.000Z",1672394700000,17.7,17.65,17.65,47.7,52.3,0,0.3,0.4,,1.1,19600,37500,859300,,661985000,316045000,345940000,
65340.4,-14800,-335600400,6446592800,6782193200,15073269600,863824055.3,736074285.1,8.8,48219.1,23080.9,6.7,74700,63600,1123045000,17.65,"2022-12-30T10:10:00.000Z",1672395000000,17.65,17.6,17.65,87.1,12.9,0,1.1,0.2,,0.1,11100,85800,945100,,1513865000,1318455000,195410000,
65340.4,-30900,-619420400,6803417800,7422838200,16070739600,863824055.3,736074285.1,-2.2,48219.1,23080.9,0.6,20200,-16100,-283820000,17.7,"2022-12-30T10:15:00.000Z",1672395300000,17.7,17.6,17.65,35.8,64.2,0,0.3,0.8,,1.8,36300,56500,1001600,,997470000,356825000,640645000,
65340.4,27300,410844600,7877807800,7466963200,17189254600,863824055.3,736074285.1,8.1,48219.1,23080.9,24.3,60700,58200,1030265000,17.7,"2022-12-30T10:20:00.000Z",1672395600000,17.7,17.65,17.7,96,4,0,0.9,0.1,,0,2500,63200,1064800,,1118515000,1074390000,44125000,
65340.4,93400,1583624600,9114337800,7530713200,18489534600,863824055.3,736074285.1,9.2,48219.1,23080.9,19.4,69700,66100,1172780000,17.75,"2022-12-30T10:25:00.000Z",1672395900000,17.8,17.7,17.7,95.1,4.9,0,1.1,0.1,,0.1,3600,73300,1138100,,1300280000,1236530000,63750000,
65340.4,108500,1852414600,9392017800,7539603200,18776104600,863824055.3,736074285.1,2.1,48219.1,23080.9,31.2,15600,15100,268790000,17.8,"2022-12-30T10:30:00.000Z",1672396200000,17.8,17.75,17.75,96.9,3.1,0,0.2,0,,0,500,16100,1154200,,286570000,277680000,8890000,
65340.4,148300,2562849600,10106017800,7543168200,19493669600,863824055.3,736074285.1,5.6,48219.1,23080.9,200,40000,39800,710435000,17.85,"2022-12-30T10:35:00.000Z",1672396500000,17.85,17.8,17.85,99.5,0.5,0,0.6,0,,0,200,40200,1194400,,717565000,714000000,3565000,
65340.4,149500,2585409600,10650447800,8065038200,20559969600,863824055.3,736074285.1,0.2,48219.1,23080.9,1,30500,1200,22560000,17.85,"2022-12-30T10:40:00.000Z",1672396800000,17.9,17.8,17.8,51,49,0,0.5,0.6,,1,29300,59800,1254200,,1066300000,544430000,521870000,
65340.4,70700,1188974600,10960102800,9771128200,22575714600,863824055.3,736074285.1,-10.9,48219.1,23080.9,0.2,17400,-78800,-1396435000,17.75,"2022-12-30T10:45:00.000Z",1672397100000,17.85,17.7,17.8,15.3,84.7,0,0.3,2,,5.5,96200,113600,1367800,,2015745000,309655000,1706090000,
65340.4,74700,1260409600,11226352800,9965943200,23036779600,863824055.3,736074285.1,0.6,48219.1,23080.9,1.4,15000,4000,71435000,17.75,"2022-12-30T10:50:00.000Z",1672397400000,17.75,17.7,17.7,57.7,42.3,0,0.2,0.2,,0.7,11000,26000,1393800,,461065000,266250000,194815000,
65340.4,82100,1392344600,11434612800,10042268200,23321364600,863824055.3,736074285.1,1,48219.1,23080.9,2.7,11700,7400,131935000,17.75,"2022-12-30T10:55:00.000Z",1672397700000,17.8,17.75,17.75,73.1,26.9,0,0.2,0.1,,0.4,4300,16000,1409800,,284585000,208260000,76325000,
65340.4,99900,1709889600,12002432800,10292543200,24139459600,863824055.3,736074285.1,2.5,48219.1,23080.9,2.3,31900,17800,317545000,17.8,"2022-12-30T11:00:00.000Z",1672398000000,17.8,17.75,17.75,69.3,30.7,0,0.5,0.3,,0.4,14100,46000,1455800,,818095000,567820000,250275000,
65340.4,98300,1681874600,12139492800,10457618200,24441594600,863824055.3,736074285.1,-0.2,48219.1,23080.9,0.8,7700,-1600,-28015000,17.75,"2022-12-30T11:05:00.000Z",1672398300000,17.8,17.75,17.8,45.3,54.7,0,0.1,0.2,,1.2,9300,17000,1472800,,302135000,137060000,165075000,
65340.4,83100,1412239600,12198232800,10785993200,24828709600,863824055.3,736074285.1,-2.1,48219.1,23080.9,0.2,3300,-15200,-269635000,17.75,"2022-12-30T11:10:00.000Z",1672398600000,17.8,17.75,17.8,15.1,84.9,0,0.1,0.4,,5.6,18500,21800,1494600,,387115000,58740000,328375000,
65340.4,77600,1315064600,12358432800,11043368200,25246284600,863824055.3,736074285.1,-0.8,48219.1,23080.9,0.6,9000,-5500,-97175000,17.8,"2022-12-30T11:15:00.000Z",1672398900000,17.8,17.75,17.75,38.3,61.7,0,0.1,0.3,,1.6,14500,23500,1518100,,417575000,160200000,257375000,
65340.4,101800,1745764600,13627142800,11881378200,27353004600,863824055.3,736074285.1,3.4,48219.1,23080.9,1.5,71200,24200,430700000,17.85,"2022-12-30T11:20:00.000Z",1672399200000,17.85,17.75,17.8,60.2,39.8,0,1.1,1,,0.7,47000,118200,1636300,,2106720000,1268710000,838010000,
65340.4,86100,1467849600,14463482800,12995633200,29303599600,863824055.3,736074285.1,-2.2,48219.1,23080.9,0.7,46800,-15700,-277915000,17.8,"2022-12-30T11:25:00.000Z",1672399500000,17.9,17.8,17.85,42.8,57.2,0,0.7,1.3,,1.3,62500,109300,1745600,,1950595000,836340000,1114255000,
65340.4,140000,2427839600,15953707800,13525868200,31324059600,863824055.3,736074285.1,7.5,48219.1,23080.9,2.8,83700,53900,959990000,17.8,"2022-12-30T13:00:00.000Z",1672405200000,17.85,17.75,17.85,73.7,26.3,0,1.3,0.6,,0.4,29800,113500,1859100,,2020460000,1490225000,530235000,
65340.4,125700,2170789600,17422962800,15252173200,34537419600,863824055.3,736074285.1,-2,48219.1,23080.9,0.9,82500,-14300,-257050000,17.8,"2022-12-30T13:05:00.000Z",1672405500000,17.85,17.75,17.8,45.8,53.7,0.6,1.3,2,0,1.2,96800,180300,2039400,1000,3213360000,1469255000,1726305000,17800000
65340.4,60400,1012269600,17620542800,16608273200,36091099600,863824055.3,736074285.1,-9.1,48219.1,23080.9,0.1,11100,-65300,-1158520000,17.75,"2022-12-30T13:10:00.000Z",1672405800000,17.8,17.75,17.8,12.7,87.3,0,0.2,1.6,,6.9,76400,87500,2126900,,1553680000,197580000,1356100000,
65340.4,51700,858079600,17752127800,16894048200,36508459600,863824055.3,736074285.1,-1.2,48219.1,23080.9,0.5,7400,-8700,-154190000,17.75,"2022-12-30T13:15:00.000Z",1672406100000,17.8,17.75,17.75,31.5,68.5,0,0.1,0.3,,2.2,16100,23500,2150400,,417360000,131585000,285775000,
65340.4,84700,1445744600,18433867800,16988123200,37284274600,863824055.3,736074285.1,4.6,48219.1,23080.9,7.2,38300,33000,587665000,17.8,"2022-12-30T13:20:00.000Z",1672406400000,17.8,17.75,17.8,87.8,12.2,0,0.6,0.1,,0.1,5300,43600,2194000,,775815000,681740000,94075000,
65340.4,163100,2841269600,20128427800,17287158200,39277869600,863824055.3,736074285.1,10.9,48219.1,23080.9,5.7,95200,78400,1395525000,17.8,"2022-12-30T13:25:00.000Z",1672406700000,17.8,17.75,17.8,85,15,0,1.5,0.3,,0.2,16800,112000,2306000,,1993595000,1694560000,299035000,
65340.4,139300,2418114600,20367432800,17949318200,40179034600,863824055.3,736074285.1,-3.3,48219.1,23080.9,0.4,13400,-23800,-423155000,17.8,"2022-12-30T13:30:00.000Z",1672407000000,17.85,17.8,17.8,26.5,73.5,0,0.2,0.8,,2.8,37200,50600,2356600,,901165000,239005000,662160000,
65340.4,370800,6556339600,24873547800,18317208200,45053039600,863824055.3,736074285.1,32.4,48219.1,23080.9,12.2,252100,231500,4138225000,17.9,"2022-12-30T13:35:00.000Z",1672407300000,17.9,17.8,17.85,92.4,7.6,0,3.9,0.4,,0.1,20600,272700,2629300,,4874005000,4506115000,367890000,
65340.4,727500,8239482600,26983264800,18743782200,47625230600,863824055.3,736074285.1,13.2,48219.1,23080.9,10.1,395900,356700,1683143000,18.1,"2022-12-30T13:40:00.000Z",1672407600000,18.1,17.9,17.95,90.6,9,0.5,6.1,0.8,0.1,0.1,39200,437100,3066400,2000,2572191000,2109717000,426574000,35900000
65340.4,834900,10186552600,30060264800,19873712200,51832160600,863824055.3,736074285.1,15.2,48219.1,23080.9,2.7,170000,107400,1947070000,18.1,"2022-12-30T13:45:00.000Z",1672407900000,18.1,18.05,18.1,73.1,26.9,0,2.6,1.3,,0.4,62600,232600,3299000,,4206930000,3077000000,1129930000,
65340.4,491100,5580508200,30447281800,24866773600,57212239000,863824055.3,736074285.1,-36.1,48219.1,23080.9,0.2,62900,-343800,-4606044400,17.95,"2022-12-30T13:50:00.000Z",1672408200000,18.05,17.95,18.05,13.4,86.6,0,1,8.4,,6.5,406700,469600,3768600,,5380078400,387017000,4993061400,
65340.4,677700,7678987600,33538204200,25859216600,61295604400,863824055.3,736074285.1,16.4,48219.1,23080.9,3.5,260300,186600,2098479400,18,"2022-12-30T13:55:00.000Z",1672408500000,18.1,17.95,17.95,77.9,22.1,0,4,1.5,,0.3,73700,334000,4102600,,4083365400,3090922400,992443000,
65340.4,652700,6412638400,33623390000,27210751600,63166715200,863824055.3,736074285.1,-9.9,48219.1,23080.9,0.7,50300,-25000,-1266349200,17.95,"2022-12-30T14:00:00.000Z",1672408800000,18,17.9,17.95,33.6,50.3,16.2,0.8,1.6,1,1.5,75300,149800,4252400,24200,1871110800,85185800,1351535000,434390000
65340.4,654700,5914164800,33738806400,27824641600,63896021600,863824055.3,736074285.1,-3.9,48219.1,23080.9,1.1,36200,2000,-498473600,18,"2022-12-30T14:05:00.000Z",1672409100000,18,17.95,17.95,51.4,48.6,0,0.6,0.7,,0.9,34200,70400,4322800,,729306400,115416400,613890000,
65340.4,722100,5587222400,33741479400,28154257000,64228310000,863824055.3,736074285.1,-2.6,48219.1,23080.9,1.8,148500,67400,-326942400,18,"2022-12-30T14:10:00.000Z",1672409400000,18,17.95,17.95,64.7,35.3,0,2.3,1.7,,0.5,81100,229600,4552400,,332288400,2673000,329615400,
65340.4,716400,6384752800,37280619200,30895866400,70509059200,863824055.3,736074285.1,6.2,48219.1,23080.9,1,204600,-5700,797530400,17.95,"2022-12-30T14:15:00.000Z",1672409700000,18.1,17.95,18,49.3,50.7,0,3.1,4.4,,1,210300,414900,4967300,,6280749200,3539139800,2741609400,
65340.4,707600,6156204800,38437976200,32281771400,73052321200,863824055.3,736074285.1,-1.8,48219.1,23080.9,0.9,68600,-8800,-228548000,17.95,"2022-12-30T14:20:00.000Z",1672410000000,18,17.85,17.95,47,53,0,1,1.6,,1.1,77400,146000,5113300,,2543262000,1157357000,1385905000,
65340.4,806700,6040139200,40599730600,34559591400,77491895600,863824055.3,736074285.1,-0.9,48219.1,23080.9,1.8,226200,99100,-116065600,18,"2022-12-30T14:25:00.000Z",1672410300000,18,17.85,17.95,64,36,0,3.5,2.6,,0.6,127100,353300,5466600,,4439574400,2161754400,2277820000,
65340.4,804700,6004239200,40599730600,34595491400,77527795600,863824055.3,736074285.1,-0.3,48219.1,23080.9,0,,-2000,-35900000,17.95,"2022-12-30T14:30:00.000Z",1672410600000,17.95,17.95,17.95,0,100,0,,0,,Infinity,2000,2000,5468600,,35900000,,35900000,
65340.4,804700,6004239200,40599730600,34595491400,94404745600,863824055.3,736074285.1,0,48219.1,23080.9,NaN,,0,0,17.7,"2022-12-30T14:45:00.000Z",1672411500000,17.7,17.7,17.7,0,0,100,,,41.3,NaN,,953500,6422100,953500,16876950000,,,16876950000
