"abu","acum_busd","acum_busd_val","acum_val_bu","acum_val_sd","acum_val","avg_val_bu","avg_val_sd","rbusd","asd","auk","bs","bu","bu-sd","bu-sd_val","c","date","datetime","h","l","o","pbu","psd","puk","rbu","rsd","ruk","sb","sd","sum_vol","total_vol","uk","val","val_bu","val_sd","val_uk"
58093.5,158500,96308900,2708492000,2612183100,5320675100,1258811800,1503181565.2,-0.4,61652.2,6184.8,2.5,265800,158500,96308900,27,"2022-12-14T09:15:00.000Z",1671009300000,27.15,26.8,27,71.2,28.8,0,4.6,1.7,,0.4,107300,373100,373100,,5320675100,2708492000,2612183100,
58093.5,192100,1173804200,5204032000,4030227800,9239669800,1258811800,1503181565.2,-4.4,61652.2,6184.8,1.6,92100,33600,1077495300,27,"2022-12-14T09:20:00.000Z",1671009600000,27.1,27,27.1,61.1,38.8,0.1,1.6,0.9,0,0.6,58500,150800,523900,200,3918994700,2495540000,1418044700,5410000
58093.5,206700,1347250600,5609522000,4262271400,9877203400,1258811800,1503181565.2,-0.7,61652.2,6184.8,1.4,55000,14600,173446400,27,"2022-12-14T09:25:00.000Z",1671009900000,27.05,26.8,27,57.7,42.3,0,0.9,0.7,,0.7,40400,95400,619300,,637533600,405490000,232043600,
58093.5,127100,378368400,5893263800,5514895400,11413569200,1258811800,1503181565.2,4,61652.2,6184.8,0.1,13900,-79600,-968882200,26.9,"2022-12-14T09:30:00.000Z",1671010200000,27.05,26.9,27,12.9,87.1,0,0.2,1.5,,6.7,93500,107400,726700,,1536365800,283741800,1252624000,
58093.5,209800,1701872900,7997088300,6295215400,14297713700,1258811800,1503181565.2,-5.4,61652.2,6184.8,3.8,111800,82700,1323504500,26.8,"2022-12-14T09:35:00.000Z",1671010500000,27,26.75,26.9,79.3,20.7,0,1.9,0.5,,0.3,29100,140900,867600,,2884144500,2103824500,780320000,
58093.5,159300,352307900,8556218300,8203910400,16765538700,1258811800,1503181565.2,5.5,61652.2,6184.8,0.3,20900,-50500,-1349565000,26.7,"2022-12-14T09:40:00.000Z",1671010800000,26.8,26.65,26.8,22.6,77.4,0,0.4,1.2,,3.4,71400,92300,959900,,2467825000,559130000,1908695000,
58093.5,149200,84407900,8974648300,8890240400,17870298700,1258811800,1503181565.2,1.1,61652.2,6184.8,0.6,15700,-10100,-267900000,26.6,"2022-12-14T09:45:00.000Z",1671011100000,26.7,26.55,26.7,37.8,62.2,0,0.3,0.4,,1.6,25800,41500,1001400,,1104760000,418430000,686330000,
58093.5,209100,1682172900,10990463300,9308290400,20304163700,1258811800,1503181565.2,-6.5,61652.2,6184.8,4.8,75600,59900,1597765000,26.85,"2022-12-14T09:50:00.000Z",1671011400000,26.85,26.55,26.55,82.8,17.2,0,1.3,0.3,,0.2,15700,91300,1092700,,2433865000,2015815000,418050000,
58093.5,221400,2012637900,11428118300,9415480400,20849008700,1258811800,1503181565.2,-1.4,61652.2,6184.8,4.1,16300,12300,330465000,26.8,"2022-12-14T09:55:00.000Z",1671011700000,26.85,26.75,26.75,80.3,19.7,0,0.3,0.1,,0.2,4000,20300,1113000,,544845000,437655000,107190000,
58093.5,273300,3408267900,13140273300,9732005400,22877688700,1258811800,1503181565.2,-5.7,61652.2,6184.8,5.4,63700,51900,1395630000,26.9,"2022-12-14T10:00:00.000Z",1671012000000,26.9,26.8,26.8,84.4,15.6,0,1.1,0.2,,0.2,11800,75500,1188500,,2028680000,1712155000,316525000,
58093.5,465900,6136101900,16274849400,10138747500,26419006900,1258811800,1503181565.2,-11.2,61652.2,6184.8,12.1,209900,192600,2727834000,27.2,"2022-12-14T10:05:00.000Z",1671012300000,27.2,26.9,26.95,92.4,7.6,0,3.6,0.3,,0.1,17300,227200,1415700,,3541318200,3134576100,406742100,
58093.5,519000,7582866900,20389534400,12806667500,33201611900,1258811800,1503181565.2,-5.9,61652.2,6184.8,1.5,151200,53100,1446765000,27.2,"2022-12-14T10:10:00.000Z",1671012600000,27.25,27.15,27.15,60.6,39.4,0,2.6,1.6,,0.6,98100,249300,1665000,,6782605000,4114685000,2667920000,
58093.5,559000,8674461900,23101239400,14426777500,37830451900,1258811800,1503181565.2,-4.5,61652.2,6184.8,1.7,99600,40000,1091595000,27.15,"2022-12-14T10:15:00.000Z",1671012900000,27.3,27.1,27.2,58.6,35,6.4,1.7,1,1.8,0.6,59600,170100,1835100,10900,4628840000,2711705000,1620110000,297025000
58093.5,502500,7041229900,23325021000,16283791100,39911247100,1258811800,1503181565.2,6.7,61652.2,6184.8,0.4,44000,-56500,-1633232000,27,"2022-12-14T10:20:00.000Z",1671013200000,27.2,26.95,27.15,30.4,69.6,0,0.8,1.6,,2.3,100500,144500,1979600,,2080795200,223781600,1857013600,
58093.5,533500,7366982900,23759050300,16392067400,40453552700,1258811800,1503181565.2,-1.3,61652.2,6184.8,6.3,36900,31000,325753000,27.1,"2022-12-14T10:25:00.000Z",1671013500000,27.15,27,27,86.2,13.8,0,0.6,0.1,,0.2,5900,42800,2022400,,542305600,434029300,108276300,
58093.5,444600,7019168200,24331324700,17312156500,41945916200,1258811800,1503181565.2,1.4,61652.2,6184.8,0.3,38300,-88900,-347814700,27,"2022-12-14T10:30:00.000Z",1671013800000,27.1,27,27.1,23.1,76.9,0,0.7,2.1,,3.3,127200,165500,2187900,,1492363500,572274400,920089100,
58093.5,453200,6810051000,24507984000,17697933000,42508352000,1258811800,1503181565.2,0.9,61652.2,6184.8,1.3,37400,8600,-209117200,26.95,"2022-12-14T10:35:00.000Z",1671014100000,27.05,26.95,27,56.5,43.5,0,0.6,0.5,,0.8,28800,66200,2254100,,562435800,176659300,385776500,
58093.5,399100,5354951000,24545709000,19190758000,44038902000,1258811800,1503181565.2,6,61652.2,6184.8,0,1400,-54100,-1455100000,26.85,"2022-12-14T10:40:00.000Z",1671014400000,26.95,26.85,26.95,2.5,97.5,0,0,0.9,,39.6,55500,56900,2311000,,1530550000,37725000,1492825000,
58093.5,385200,4984181000,25474724000,20490543000,46267702000,1258811800,1503181565.2,1.5,61652.2,6184.8,0.7,34500,-13900,-370770000,26.95,"2022-12-14T10:45:00.000Z",1671014700000,26.95,26.85,26.85,41.6,58.4,0,0.6,0.8,,1.4,48400,82900,2393900,,2228800000,929015000,1299785000,
58093.5,377000,4763916000,25808754000,21044838000,47156027000,1258811800,1503181565.2,0.9,61652.2,6184.8,0.6,12400,-8200,-220265000,26.9,"2022-12-14T10:50:00.000Z",1671015000000,26.95,26.9,26.95,37.6,62.4,0,0.2,0.3,,1.7,20600,33000,2426900,,888325000,334030000,554295000,
58093.5,399500,5369321000,26467959000,21098638000,47869032000,1258811800,1503181565.2,-2.5,61652.2,6184.8,12.3,24500,22500,605405000,26.95,"2022-12-14T10:55:00.000Z",1671015300000,26.95,26.9,26.9,92.5,7.5,0,0.4,0,,0.1,2000,26500,2453400,,713005000,659205000,53800000,
58093.5,416800,5402150700,26530378700,21128228000,47961041700,1258811800,1503181565.2,-0.1,61652.2,6184.8,16.7,18400,17300,32829700,27,"2022-12-14T11:00:00.000Z",1671015600000,27,26.9,26.95,94.4,5.6,0,0.3,0,,0.1,1100,19500,2472900,,92009700,62419700,29590000,
58093.5,376600,4320925700,26640668700,22319743000,49262846700,1258811800,1503181565.2,4.4,61652.2,6184.8,0.1,4100,-40200,-1081225000,26.9,"2022-12-14T11:05:00.000Z",1671015900000,26.95,26.85,26.95,8.5,91.5,0,0.1,0.7,,10.8,44300,48400,2521300,,1301805000,110290000,1191515000,
58093.5,409600,5208860700,27638868700,22430008000,50371311700,1258811800,1503181565.2,-3.6,61652.2,6184.8,9,37100,33000,887935000,26.95,"2022-12-14T11:10:00.000Z",1671016200000,26.95,26.85,26.9,90,10,0,0.6,0.1,,0.1,4100,41200,2562500,,1108465000,998200000,110265000,
58093.5,443500,5312083400,27946992400,22634909000,50884520000,1258811800,1503181565.2,-0.4,61652.2,6184.8,4.2,44500,33900,103222700,27,"2022-12-14T11:15:00.000Z",1671016500000,27,26.95,27,71.9,17.1,11,0.8,0.2,1.1,0.2,10600,61900,2624400,6800,513208300,308123700,204901000,183600
58093.5,429900,5037921600,28168953600,23131032000,51602604200,1258811800,1503181565.2,1.1,61652.2,6184.8,0.5,13800,-13600,-274161800,26.95,"2022-12-14T11:20:00.000Z",1671016800000,27.05,26.95,27,33.5,66.5,0,0.2,0.4,,2,27400,41200,2665600,,718084200,221961200,496123000,
58093.5,401500,4267157000,28168959000,23901802000,52373379600,1258811800,1503181565.2,3.2,61652.2,6184.8,0,200,-28400,-770764600,26.95,"2022-12-14T11:25:00.000Z",1671017100000,27,26.95,26.95,0.7,99.3,0,0,0.5,,143,28600,28800,2694400,,770775400,5400,770770000,
58093.5,317200,2005612000,29171484000,27165872000,56666874600,1258811800,1503181565.2,9.3,61652.2,6184.8,0.3,37300,-84300,-2261545000,26.85,"2022-12-14T13:00:00.000Z",1671022800000,26.95,26.8,26.9,23.3,76,0.6,0.6,2,0.2,3.3,121600,159900,2854300,1000,4293495000,1002525000,3264070000,26900000
58093.5,275500,890552000,30317174000,29426622000,60073314600,1258811800,1503181565.2,4.6,61652.2,6184.8,0.5,42700,-41700,-1115060000,26.7,"2022-12-14T13:05:00.000Z",1671023100000,26.85,26.7,26.85,33.6,66.4,0,0.7,1.4,,2,84400,127100,2981400,,3406440000,1145690000,2260750000,
58093.5,302100,1604112000,32117604000,30513492000,62960614600,1258811800,1503181565.2,-2.9,61652.2,6184.8,1.7,67200,26600,713560000,26.85,"2022-12-14T13:10:00.000Z",1671023400000,26.85,26.65,26.75,62.3,37.7,0,1.2,0.7,,0.6,40600,107800,3089200,,2887300000,1800430000,1086870000,
58093.5,314100,1927652000,33650564000,31722912000,65702994600,1258811800,1503181565.2,-1.3,61652.2,6184.8,1.3,57100,12000,323540000,26.8,"2022-12-14T13:15:00.000Z",1671023700000,26.9,26.8,26.85,55.9,44.1,0,1,0.7,,0.8,45100,102200,3191400,,2742380000,1532960000,1209420000,
58093.5,315500,1966497000,34458574000,32492077000,67280169600,1258811800,1503181565.2,-0.2,61652.2,6184.8,1,30100,1400,38845000,26.9,"2022-12-14T13:20:00.000Z",1671024000000,26.9,26.8,26.8,51.2,48.8,0,0.5,0.5,,1,28700,58800,3250200,,1577175000,808010000,769165000,
58093.5,378400,3185712200,37362044200,34176332000,71867894800,1258811800,1503181565.2,-5,61652.2,6184.8,2,125400,62900,1219215200,26.95,"2022-12-14T13:25:00.000Z",1671024300000,27,26.85,26.85,66.7,33.3,0,2.2,1,,0.5,62500,187900,3438100,,4587725200,2903470200,1684255000,
58093.5,241900,-518959200,37627627800,38146587000,76692233400,1258811800,1503181565.2,15.2,61652.2,6184.8,0.1,11700,-136500,-3704671400,26.7,"2022-12-14T13:30:00.000Z",1671024600000,27,26.6,26.95,6.4,81.5,12.1,0.2,2.4,3.6,12.7,148200,181900,3620000,22000,4824338600,265583600,3970255000,588500000
58093.5,240800,-544549200,38792872800,39337422000,79101713400,1258811800,1503181565.2,0.1,61652.2,6184.8,1,43600,-1100,-25590000,26.7,"2022-12-14T13:35:00.000Z",1671024900000,26.75,26.55,26.7,48.3,49.5,2.2,0.8,0.7,0.3,1,44700,90300,3710300,2000,2409480000,1165245000,1190835000,53400000
58093.5,204000,-1526584200,39823552800,41350137000,82145108400,1258811800,1503181565.2,4,61652.2,6184.8,0.5,38600,-36800,-982035000,26.7,"2022-12-14T13:40:00.000Z",1671025200000,26.75,26.65,26.7,33.9,66.1,0,0.7,1.2,,2,75400,114000,3824300,,3043395000,1030680000,2012715000,
58093.5,33800,-6054419200,41054207800,47108627000,89134253400,1258811800,1503181565.2,18.5,61652.2,6184.8,0.2,46100,-170200,-4527835000,26.55,"2022-12-14T13:45:00.000Z",1671025500000,26.75,26.5,26.75,17.6,82.4,0,0.8,3.5,,4.7,216300,262400,4086700,,6989145000,1230655000,5758490000,
58093.5,35900,-5996809200,42206832800,48203642000,91381893400,1258811800,1503181565.2,-0.2,61652.2,6184.8,1.1,43200,2100,57610000,26.7,"2022-12-14T13:50:00.000Z",1671025800000,26.75,26.5,26.55,51.2,48.8,0,0.7,0.7,,1,41100,84300,4171000,,2247640000,1152625000,1095015000,
58093.5,-21200,-7518274200,42534807800,50053082000,93559308400,1258811800,1503181565.2,6.2,61652.2,6184.8,0.2,12300,-57100,-1521465000,26.65,"2022-12-14T13:55:00.000Z",1671026100000,26.7,26.6,26.7,15.1,84.9,0,0.2,1.1,,5.6,69400,81700,4252700,,2177415000,327975000,1849440000,
58093.5,112000,-3947974200,47945642800,51893617000,100810678400,1258811800,1503181565.2,-14.6,61652.2,6184.8,2.9,202200,133200,3570300000,26.85,"2022-12-14T14:00:00.000Z",1671026400000,26.85,26.6,26.6,74.6,25.4,0,3.5,1.1,,0.3,69000,271200,4523900,,7251370000,5410835000,1840535000,
58093.5,122000,-3677224200,49295567800,52972792000,103239778400,1258811800,1503181565.2,-1.1,61652.2,6184.8,1.2,50300,10000,270750000,26.65,"2022-12-14T14:05:00.000Z",1671026700000,26.9,26.65,26.9,55.5,44.5,0,0.9,0.7,,0.8,40300,90600,4614500,,2429100000,1349925000,1079175000,
58093.5,130500,-3449624200,50709397800,54159022000,105839838400,1258811800,1503181565.2,-0.9,61652.2,6184.8,1.2,53000,8500,227600000,26.7,"2022-12-14T14:10:00.000Z",1671027000000,26.75,26.6,26.7,54.4,45.6,0,0.9,0.7,,0.8,44500,97500,4712000,,2600060000,1413830000,1186230000,
58093.5,57700,-5383389200,51545972800,56929362000,109446753400,1258811800,1503181565.2,7.9,61652.2,6184.8,0.3,31400,-72800,-1933765000,26.6,"2022-12-14T14:15:00.000Z",1671027300000,26.7,26.5,26.7,23.2,76.8,0,0.5,1.7,,3.3,104200,135600,4847600,,3606915000,836575000,2770340000,
58093.5,-154100,-10995774200,53357912800,64353687000,118683018400,1258811800,1503181565.2,23,61652.2,6184.8,0.2,68400,-211800,-5612385000,26.35,"2022-12-14T14:20:00.000Z",1671027600000,26.65,26.35,26.65,19.6,80.4,0,1.2,4.5,,4.1,280200,348600,5196200,,9236265000,1811940000,7424325000,
58093.5,-163700,-11241009200,57905342800,69146352000,128036313400,1258811800,1503181565.2,1,61652.2,6184.8,0.9,172700,-9600,-245235000,26.4,"2022-12-14T14:25:00.000Z",1671027900000,26.45,26.2,26.35,48.6,51.3,0.1,3,3,0.1,1.1,182300,355500,5551700,500,9353295000,4547430000,4792665000,13200000
58093.5,-163700,-11241009200,57905342800,69146352000,134389298400,1258811800,1503181565.2,0,61652.2,6184.8,NaN,,0,0,26.35,"2022-12-14T14:45:00.000Z",1671029100000,26.35,26.35,26.35,0,0,100,,,39,NaN,,241100,5792800,241100,6352985000,,,6352985000
