"abu","acum_busd","acum_busd_val","acum_val_bu","acum_val_sd","acum_val","avg_val_bu","avg_val_sd","rbusd","asd","auk","bs","bu","bu-sd","bu-sd_val","c","date","datetime","h","l","o","pbu","psd","puk","rbu","rsd","ruk","sb","sd","sum_vol","total_vol","uk","val","val_bu","val_sd","val_uk"
340,200,10980000,10980000,0,10980000,18659714.3,19729714.3,-10.3,360,8.6,Infinity,200,200,10980000,54900,"2023-02-20T09:20:00.000Z",1676884800000,54900,54900,54900,100,0,0,0.6,,,0,,200,200,,10980000,10980000,,
340,700,38430000,38430000,0,38430000,18659714.3,19729714.3,-25.7,360,8.6,Infinity,500,500,27450000,54900,"2023-02-20T09:30:00.000Z",1676885400000,54900,54900,54900,100,0,0,1.5,,,0,,500,700,,27450000,27450000,,
340,300,16630000,38430000,21800000,71150000,18659714.3,19729714.3,20.4,360,8.6,0,,-400,-21800000,54500,"2023-02-20T09:32:00.000Z",1676885520000,54600,54500,54600,0,66.7,33.3,,1.1,23.3,Infinity,400,600,1300,200,32720000,,21800000,10920000
340,500,27530000,49330000,21800000,82050000,18659714.3,19729714.3,-10.2,360,8.6,Infinity,200,200,10900000,54500,"2023-02-20T09:34:00.000Z",1676885640000,54500,54500,54500,100,0,0,0.6,,,0,,200,1500,,10900000,10900000,,
340,700,38430000,60230000,21800000,92950000,18659714.3,19729714.3,-10.2,360,8.6,Infinity,200,200,10900000,54500,"2023-02-20T09:36:00.000Z",1676885760000,54500,54500,54500,100,0,0,0.6,,,0,,200,1700,,10900000,10900000,,
340,800,43940000,76640000,32700000,120260000,18659714.3,19729714.3,-5.1,360,8.6,1.5,300,100,5510000,54400,"2023-02-20T09:42:00.000Z",1676886120000,54700,54400,54700,60,40,0,0.9,0.6,,0.7,200,500,2200,,27310000,16410000,10900000,
340,800,43970000,82120000,38150000,131190000,18659714.3,19729714.3,0,360,8.6,1,100,0,30000,54800,"2023-02-20T09:46:00.000Z",1676886360000,54800,54500,54500,50,50,0,0.3,0.3,,1,100,200,2400,,10930000,5480000,5450000,
340,900,49450000,87600000,38150000,136670000,18659714.3,19729714.3,-5.1,360,8.6,Infinity,100,100,5480000,54800,"2023-02-20T09:48:00.000Z",1676886480000,54800,54800,54800,100,0,0,0.3,,,0,,100,2500,,5480000,5480000,,
340,1000,54900000,109400000,54500000,174820000,18659714.3,19729714.3,-5.1,360,8.6,1.3,400,100,5450000,54500,"2023-02-20T09:52:00.000Z",1676886720000,54500,54500,54500,57.1,42.9,0,1.2,0.8,,0.8,300,700,3200,,38150000,21800000,16350000,
340,1200,65860000,120360000,54500000,185780000,18659714.3,19729714.3,-10.2,360,8.6,Infinity,200,200,10960000,54800,"2023-02-20T09:54:00.000Z",1676886840000,54800,54800,54800,100,0,0,0.6,,,0,,200,3400,,10960000,10960000,,
340,700,38460000,120360000,81900000,213180000,18659714.3,19729714.3,25.6,360,8.6,0,,-500,-27400000,54800,"2023-02-20T10:00:00.000Z",1676887200000,54800,54800,54800,0,100,0,,1.4,,Infinity,500,500,3900,,27400000,,27400000,
340,600,32980000,120360000,87380000,218660000,18659714.3,19729714.3,5.1,360,8.6,0,,-100,-5480000,54800,"2023-02-20T10:08:00.000Z",1676887680000,54800,54800,54800,0,100,0,,0.3,,Infinity,100,100,4000,,5480000,,5480000,
340,400,22020000,120360000,98340000,229620000,18659714.3,19729714.3,10.2,360,8.6,0,,-200,-10960000,54800,"2023-02-20T10:10:00.000Z",1676887800000,54800,54800,54800,0,100,0,,0.6,,Infinity,200,200,4200,,10960000,,10960000,
340,200,11060000,120360000,109300000,240580000,18659714.3,19729714.3,10.2,360,8.6,0,,-200,-10960000,54800,"2023-02-20T10:16:00.000Z",1676888160000,54800,54800,54800,0,100,0,,0.6,,Infinity,200,200,4400,,10960000,,10960000,
340,400,22040000,131340000,109300000,251560000,18659714.3,19729714.3,-10.3,360,8.6,Infinity,200,200,10980000,54900,"2023-02-20T10:28:00.000Z",1676888880000,54900,54900,54900,100,0,0,0.6,,,0,,200,4600,,10980000,10980000,,
340,0,120000,131340000,131220000,273480000,18659714.3,19729714.3,20.5,360,8.6,0,,-400,-21920000,54800,"2023-02-20T10:48:00.000Z",1676890080000,54800,54800,54800,0,100,0,,1.1,,Infinity,400,400,5000,,21920000,,21920000,
340,-2900,-157960000,131340000,289300000,431560000,18659714.3,19729714.3,147.7,360,8.6,0,,-2900,-158080000,54500,"2023-02-20T11:02:00.000Z",1676890920000,54700,54500,54700,0,100,0,,8.1,,Infinity,2900,2900,7900,,158080000,,158080000,
340,-4900,-266760000,131340000,398100000,545810000,18659714.3,19729714.3,101.7,360,8.6,0,,-2000,-108800000,54400,"2023-02-20T11:04:00.000Z",1676891040000,54500,54400,54500,0,95.2,4.8,,5.6,11.6,Infinity,2000,2100,10000,100,114250000,,108800000,5450000
340,-4700,-255790000,142310000,398100000,556780000,18659714.3,19729714.3,-10.3,360,8.6,Infinity,200,200,10970000,54900,"2023-02-20T11:08:00.000Z",1676891280000,54900,54800,54800,100,0,0,0.6,,,0,,200,10200,,10970000,10970000,,
340,-4800,-261270000,164230000,425500000,606100000,18659714.3,19729714.3,5.1,360,8.6,0.8,400,-100,-5480000,54800,"2023-02-20T11:12:00.000Z",1676891520000,54800,54800,54800,44.4,55.6,0,1.2,1.4,,1.3,500,900,11100,,49320000,21920000,27400000,
340,-4600,-250310000,175190000,425500000,617060000,18659714.3,19729714.3,-10.2,360,8.6,Infinity,200,200,10960000,54800,"2023-02-20T13:18:00.000Z",1676899080000,54800,54800,54800,100,0,0,0.6,,,0,,200,11300,,10960000,10960000,,
340,-4300,-233870000,191630000,425500000,633500000,18659714.3,19729714.3,-15.4,360,8.6,Infinity,300,300,16440000,54800,"2023-02-20T13:28:00.000Z",1676899680000,54800,54800,54800,100,0,0,0.9,,,0,,300,11600,,16440000,16440000,,
340,-4200,-228390000,197110000,425500000,638980000,18659714.3,19729714.3,-5.1,360,8.6,Infinity,100,100,5480000,54800,"2023-02-20T13:32:00.000Z",1676899920000,54800,54800,54800,100,0,0,0.3,,,0,,100,11700,,5480000,5480000,,
340,-500,-25350000,400150000,425500000,842020000,18659714.3,19729714.3,-189.8,360,8.6,Infinity,3700,3700,203040000,54900,"2023-02-20T13:38:00.000Z",1676900280000,54900,54800,54800,100,0,0,10.9,,,0,,3700,15400,,203040000,203040000,,
340,-1000,-52800000,400150000,452950000,869470000,18659714.3,19729714.3,25.7,360,8.6,0,,-500,-27450000,54900,"2023-02-20T13:40:00.000Z",1676900400000,54900,54900,54900,0,100,0,,1.4,,Infinity,500,500,15900,,27450000,,27450000,
340,0,2200000,455150000,452950000,924470000,18659714.3,19729714.3,-51.4,360,8.6,Infinity,1000,1000,55000000,55000,"2023-02-20T13:54:00.000Z",1676901240000,55000,55000,55000,100,0,0,2.9,,,0,,1000,16900,,55000000,55000000,,
340,-400,-19760000,455150000,474910000,946430000,18659714.3,19729714.3,20.5,360,8.6,0,,-400,-21960000,54900,"2023-02-20T13:58:00.000Z",1676901480000,54900,54900,54900,0,100,0,,1.1,,Infinity,400,400,17300,,21960000,,21960000,
340,-100,-3290000,510050000,513340000,1039760000,18659714.3,19729714.3,-15.4,360,8.6,1.4,1000,300,16470000,54900,"2023-02-20T14:02:00.000Z",1676901720000,54900,54900,54900,58.8,41.2,0,2.9,1.9,,0.7,700,1700,19000,,93330000,54900000,38430000,
340,1300,73600000,586940000,513340000,1116650000,18659714.3,19729714.3,-71.9,360,8.6,Infinity,1400,1400,76890000,55000,"2023-02-20T14:04:00.000Z",1676901840000,55000,54900,54900,100,0,0,4.1,,,0,,1400,20400,,76890000,76890000,,
340,1600,90100000,603440000,513340000,1133150000,18659714.3,19729714.3,-15.4,360,8.6,Infinity,300,300,16500000,55000,"2023-02-20T14:12:00.000Z",1676902320000,55000,55000,55000,100,0,0,0.9,,,0,,300,20700,,16500000,16500000,,
340,1800,101100000,614440000,513340000,1144150000,18659714.3,19729714.3,-10.3,360,8.6,Infinity,200,200,11000000,55000,"2023-02-20T14:22:00.000Z",1676902920000,55000,55000,55000,100,0,0,0.6,,,0,,200,20900,,11000000,11000000,,
340,2000,112100000,625440000,513340000,1155150000,18659714.3,19729714.3,-10.3,360,8.6,Infinity,200,200,11000000,55000,"2023-02-20T14:24:00.000Z",1676903040000,55000,55000,55000,100,0,0,0.6,,,0,,200,21100,,11000000,11000000,,
340,2400,134220000,647560000,513340000,1177270000,18659714.3,19729714.3,-20.7,360,8.6,Infinity,400,400,22120000,55300,"2023-02-20T14:26:00.000Z",1676903160000,55300,55300,55300,100,0,0,1.2,,,0,,400,21500,,22120000,22120000,,
340,2300,128750000,653090000,524340000,1193800000,18659714.3,19729714.3,5.1,360,8.6,0.5,100,-100,-5470000,55000,"2023-02-20T14:28:00.000Z",1676903280000,55300,55000,55300,33.3,66.7,0,0.3,0.6,,2,200,300,21800,,16530000,5530000,11000000,
340,-700,-37450000,653090000,690540000,1360000000,18659714.3,19729714.3,155.3,360,8.6,0,,-3000,-166200000,55400,"2023-02-20T14:44:00.000Z",1676904240000,55400,55400,55400,0,100,0,,8.3,,Infinity,3000,3000,24800,,166200000,,166200000,
