"abu","acum_busd","acum_busd_val","acum_val_bu","acum_val_sd","acum_val","avg_val_bu","avg_val_sd","rbusd","asd","auk","bs","bu","bu-sd","bu-sd_val","c","date","datetime","h","l","o","pbu","psd","puk","rbu","rsd","ruk","sb","sd","sum_vol","total_vol","uk","val","val_bu","val_sd","val_uk"
9471.3,30200,90740000,92700000,1960000,94660000,28401875,11527625,5.4,3943.8,32.5,44.1,30900,30200,90740000,3000,"2023-02-20T09:00:00.000Z",1676883600000,3000,2800,2800,97.8,2.2,0,3.3,0.2,,0,700,31600,31600,,94660000,92700000,1960000,
9471.3,38600,115940000,117900000,1960000,119860000,28401875,11527625,1.5,3943.8,32.5,Infinity,8400,8400,25200000,3000,"2023-02-20T09:02:00.000Z",1676883720000,3000,3000,3000,100,0,0,0.9,,,0,,8400,40000,,25200000,25200000,,
9471.3,43600,130940000,132900000,1960000,134860000,28401875,11527625,0.9,3943.8,32.5,Infinity,5000,5000,15000000,3000,"2023-02-20T09:06:00.000Z",1676883960000,3000,3000,3000,100,0,0,0.5,,,0,,5000,45000,,15000000,15000000,,
9471.3,19700,61630000,132900000,71270000,204170000,28401875,11527625,-4.1,3943.8,32.5,0,,-23900,-69310000,2900,"2023-02-20T09:08:00.000Z",1676884080000,2900,2900,2900,0,100,0,,6.1,,Infinity,23900,23900,68900,,69310000,,69310000,
9471.3,25300,77870000,160450000,82580000,243030000,28401875,11527625,1,3943.8,32.5,2.4,9500,5600,16240000,2900,"2023-02-20T09:10:00.000Z",1676884200000,2900,2900,2900,70.9,29.1,0,1,1,,0.4,3900,13400,82300,,38860000,27550000,11310000,
9471.3,37300,113870000,196450000,82580000,279030000,28401875,11527625,2.1,3943.8,32.5,Infinity,12000,12000,36000000,3000,"2023-02-20T09:12:00.000Z",1676884320000,3000,3000,3000,100,0,0,1.3,,,0,,12000,94300,,36000000,36000000,,
9471.3,43300,131870000,214450000,82580000,297030000,28401875,11527625,1.1,3943.8,32.5,Infinity,6000,6000,18000000,3000,"2023-02-20T09:14:00.000Z",1676884440000,3000,3000,3000,100,0,0,0.6,,,0,,6000,100300,,18000000,18000000,,
9471.3,43800,133370000,215950000,82580000,298530000,28401875,11527625,0.1,3943.8,32.5,Infinity,500,500,1500000,3000,"2023-02-20T09:16:00.000Z",1676884560000,3000,3000,3000,100,0,0,0.1,,,0,,500,100800,,1500000,1500000,,
9471.3,44900,136670000,219250000,82580000,301830000,28401875,11527625,0.2,3943.8,32.5,Infinity,1100,1100,3300000,3000,"2023-02-20T09:18:00.000Z",1676884680000,3000,3000,3000,100,0,0,0.1,,,0,,1100,101900,,3300000,3300000,,
9471.3,49000,148970000,231550000,82580000,314130000,28401875,11527625,0.7,3943.8,32.5,Infinity,4100,4100,12300000,3000,"2023-02-20T09:20:00.000Z",1676884800000,3000,3000,3000,100,0,0,0.4,,,0,,4100,106000,,12300000,12300000,,
9471.3,51200,155570000,238150000,82580000,320730000,28401875,11527625,0.4,3943.8,32.5,Infinity,2200,2200,6600000,3000,"2023-02-20T09:22:00.000Z",1676884920000,3000,3000,3000,100,0,0,0.2,,,0,,2200,108200,,6600000,6600000,,
9471.3,61400,186180000,269050000,82870000,351920000,28401875,11527625,1.8,3943.8,32.5,103,10300,10200,30610000,2900,"2023-02-20T09:24:00.000Z",1676885040000,3000,2900,3000,99,1,0,1.1,0,,0,100,10400,118600,,31190000,30900000,290000,
9471.3,61500,186480000,269350000,82870000,352220000,28401875,11527625,0,3943.8,32.5,Infinity,100,100,300000,3000,"2023-02-20T09:28:00.000Z",1676885280000,3000,3000,3000,100,0,0,0,,,0,,100,118700,,300000,300000,,
9471.3,70400,213500000,305650000,92150000,397800000,28401875,11527625,1.6,3943.8,32.5,3.8,12100,8900,27020000,2900,"2023-02-20T09:30:00.000Z",1676885400000,3000,2900,3000,79.1,20.9,0,1.3,0.8,,0.3,3200,15300,134000,,45580000,36300000,9280000,
9471.3,70300,213210000,305650000,92440000,398090000,28401875,11527625,0,3943.8,32.5,0,,-100,-290000,2900,"2023-02-20T09:38:00.000Z",1676885880000,2900,2900,2900,0,100,0,,0,,Infinity,100,100,134100,,290000,,290000,
9471.3,70800,214710000,307150000,92440000,399590000,28401875,11527625,0.1,3943.8,32.5,Infinity,500,500,1500000,3000,"2023-02-20T09:40:00.000Z",1676886000000,3000,3000,3000,100,0,0,0.1,,,0,,500,134600,,1500000,1500000,,
9471.3,70900,215010000,307450000,92440000,399890000,28401875,11527625,0,3943.8,32.5,Infinity,100,100,300000,3000,"2023-02-20T09:42:00.000Z",1676886120000,3000,3000,3000,100,0,0,0,,,0,,100,134700,,300000,300000,,
9471.3,73100,221610000,314050000,92440000,406490000,28401875,11527625,0.4,3943.8,32.5,Infinity,2200,2200,6600000,3000,"2023-02-20T09:44:00.000Z",1676886240000,3000,3000,3000,100,0,0,0.2,,,0,,2200,136900,,6600000,6600000,,
9471.3,83400,252510000,344950000,92440000,437390000,28401875,11527625,1.8,3943.8,32.5,Infinity,10300,10300,30900000,3000,"2023-02-20T09:46:00.000Z",1676886360000,3000,3000,3000,100,0,0,1.1,,,0,,10300,147200,,30900000,30900000,,
9471.3,83700,253410000,345850000,92440000,438290000,28401875,11527625,0.1,3943.8,32.5,Infinity,300,300,900000,3000,"2023-02-20T09:48:00.000Z",1676886480000,3000,3000,3000,100,0,0,0,,,0,,300,147500,,900000,900000,,
9471.3,81400,246750000,346150000,99400000,445550000,28401875,11527625,-0.4,3943.8,32.5,0,100,-2300,-6660000,2900,"2023-02-20T09:50:00.000Z",1676886600000,3000,2900,3000,4,96,0,0,0.6,,24,2400,2500,150000,,7260000,300000,6960000,
9471.3,91400,276750000,376150000,99400000,475550000,28401875,11527625,1.8,3943.8,32.5,Infinity,10000,10000,30000000,3000,"2023-02-20T09:52:00.000Z",1676886720000,3000,3000,3000,100,0,0,1.1,,,0,,10000,160000,,30000000,30000000,,
9471.3,92900,281250000,380650000,99400000,480050000,28401875,11527625,0.3,3943.8,32.5,Infinity,1500,1500,4500000,3000,"2023-02-20T09:54:00.000Z",1676886840000,3000,3000,3000,100,0,0,0.2,,,0,,1500,161500,,4500000,4500000,,
9471.3,95200,288150000,387550000,99400000,486950000,28401875,11527625,0.4,3943.8,32.5,Infinity,2300,2300,6900000,3000,"2023-02-20T09:56:00.000Z",1676886960000,3000,3000,3000,100,0,0,0.2,,,0,,2300,163800,,6900000,6900000,,
9471.3,95500,289050000,388450000,99400000,487850000,28401875,11527625,0.1,3943.8,32.5,Infinity,300,300,900000,3000,"2023-02-20T09:58:00.000Z",1676887080000,3000,3000,3000,100,0,0,0,,,0,,300,164100,,900000,900000,,
9471.3,96500,292050000,391450000,99400000,490850000,28401875,11527625,0.2,3943.8,32.5,Infinity,1000,1000,3000000,3000,"2023-02-20T10:00:00.000Z",1676887200000,3000,3000,3000,100,0,0,0.1,,,0,,1000,165100,,3000000,3000000,,
9471.3,101500,307050000,406450000,99400000,505850000,28401875,11527625,0.9,3943.8,32.5,Infinity,5000,5000,15000000,3000,"2023-02-20T10:04:00.000Z",1676887440000,3000,3000,3000,100,0,0,0.5,,,0,,5000,170100,,15000000,15000000,,
9471.3,101300,306470000,406450000,99980000,506430000,28401875,11527625,0,3943.8,32.5,0,,-200,-580000,2900,"2023-02-20T10:08:00.000Z",1676887680000,2900,2900,2900,0,100,0,,0.1,,Infinity,200,200,170300,,580000,,580000,
9471.3,99300,300670000,406450000,105780000,512230000,28401875,11527625,-0.3,3943.8,32.5,0,,-2000,-5800000,2900,"2023-02-20T10:16:00.000Z",1676888160000,2900,2900,2900,0,100,0,,0.5,,Infinity,2000,2000,172300,,5800000,,5800000,
9471.3,99400,300970000,406750000,105780000,512530000,28401875,11527625,0,3943.8,32.5,Infinity,100,100,300000,3000,"2023-02-20T10:18:00.000Z",1676888280000,3000,3000,3000,100,0,0,0,,,0,,100,172400,,300000,300000,,
9471.3,99500,301270000,407050000,105780000,512830000,28401875,11527625,0,3943.8,32.5,Infinity,100,100,300000,3000,"2023-02-20T10:20:00.000Z",1676888400000,3000,3000,3000,100,0,0,0,,,0,,100,172500,,300000,300000,,
9471.3,100500,304270000,410050000,105780000,515830000,28401875,11527625,0.2,3943.8,32.5,Infinity,1000,1000,3000000,3000,"2023-02-20T10:26:00.000Z",1676888760000,3000,3000,3000,100,0,0,0.1,,,0,,1000,173500,,3000000,3000000,,
9471.3,113500,343270000,449050000,105780000,554830000,28401875,11527625,2.3,3943.8,32.5,Infinity,13000,13000,39000000,3000,"2023-02-20T10:28:00.000Z",1676888880000,3000,3000,3000,100,0,0,1.4,,,0,,13000,186500,,39000000,39000000,,
9471.3,113800,344170000,449950000,105780000,555730000,28401875,11527625,0.1,3943.8,32.5,Infinity,300,300,900000,3000,"2023-02-20T10:34:00.000Z",1676889240000,3000,3000,3000,100,0,0,0,,,0,,300,186800,,900000,900000,,
9471.3,114100,345070000,450850000,105780000,556630000,28401875,11527625,0.1,3943.8,32.5,Infinity,300,300,900000,3000,"2023-02-20T10:36:00.000Z",1676889360000,3000,3000,3000,100,0,0,0,,,0,,300,187100,,900000,900000,,
9471.3,116500,352270000,458050000,105780000,563830000,28401875,11527625,0.4,3943.8,32.5,Infinity,2400,2400,7200000,3000,"2023-02-20T10:38:00.000Z",1676889480000,3000,3000,3000,100,0,0,0.3,,,0,,2400,189500,,7200000,7200000,,
9471.3,257000,773770000,879550000,105780000,985330000,28401875,11527625,25,3943.8,32.5,Infinity,140500,140500,421500000,3000,"2023-02-20T10:40:00.000Z",1676889600000,3000,3000,3000,100,0,0,14.8,,,0,,140500,330000,,421500000,421500000,,
9471.3,257100,774070000,879850000,105780000,985630000,28401875,11527625,0,3943.8,32.5,Infinity,100,100,300000,3000,"2023-02-20T10:42:00.000Z",1676889720000,3000,3000,3000,100,0,0,0,,,0,,100,330100,,300000,300000,,
9471.3,276300,831670000,937450000,105780000,1043230000,28401875,11527625,3.4,3943.8,32.5,Infinity,19200,19200,57600000,3000,"2023-02-20T10:44:00.000Z",1676889840000,3000,3000,3000,100,0,0,2,,,0,,19200,349300,,57600000,57600000,,
9471.3,276600,832570000,938350000,105780000,1044130000,28401875,11527625,0.1,3943.8,32.5,Infinity,300,300,900000,3000,"2023-02-20T10:46:00.000Z",1676889960000,3000,3000,3000,100,0,0,0,,,0,,300,349600,,900000,900000,,
9471.3,279600,841570000,947350000,105780000,1053130000,28401875,11527625,0.5,3943.8,32.5,Infinity,3000,3000,9000000,3000,"2023-02-20T10:48:00.000Z",1676890080000,3000,3000,3000,100,0,0,0.3,,,0,,3000,352600,,9000000,9000000,,
9471.3,281900,848470000,954250000,105780000,1060030000,28401875,11527625,0.4,3943.8,32.5,Infinity,2300,2300,6900000,3000,"2023-02-20T10:52:00.000Z",1676890320000,3000,3000,3000,100,0,0,0.2,,,0,,2300,354900,,6900000,6900000,,
9471.3,305500,919270000,1025050000,105780000,1130830000,28401875,11527625,4.2,3943.8,32.5,Infinity,23600,23600,70800000,3000,"2023-02-20T10:56:00.000Z",1676890560000,3000,3000,3000,100,0,0,2.5,,,0,,23600,378500,,70800000,70800000,,
9471.3,306300,921670000,1027450000,105780000,1133230000,28401875,11527625,0.1,3943.8,32.5,Infinity,800,800,2400000,3000,"2023-02-20T10:58:00.000Z",1676890680000,3000,3000,3000,100,0,0,0.1,,,0,,800,379300,,2400000,2400000,,
9471.3,128800,406920000,1027450000,620530000,1647980000,28401875,11527625,-30.5,3943.8,32.5,0,,-177500,-514750000,2900,"2023-02-20T11:00:00.000Z",1676890800000,2900,2900,2900,0,100,0,,45,,Infinity,177500,177500,556800,,514750000,,514750000,
9471.3,135800,427920000,1048450000,620530000,1668980000,28401875,11527625,1.2,3943.8,32.5,Infinity,7000,7000,21000000,3000,"2023-02-20T11:02:00.000Z",1676890920000,3000,3000,3000,100,0,0,0.7,,,0,,7000,563800,,21000000,21000000,,
9471.3,135900,428220000,1048750000,620530000,1669280000,28401875,11527625,0,3943.8,32.5,Infinity,100,100,300000,3000,"2023-02-20T11:10:00.000Z",1676891400000,3000,3000,3000,100,0,0,0,,,0,,100,563900,,300000,300000,,
9471.3,136300,429420000,1049950000,620530000,1670480000,28401875,11527625,0.1,3943.8,32.5,Infinity,400,400,1200000,3000,"2023-02-20T11:12:00.000Z",1676891520000,3000,3000,3000,100,0,0,0,,,0,,400,564300,,1200000,1200000,,
9471.3,146300,459420000,1079950000,620530000,1700480000,28401875,11527625,1.8,3943.8,32.5,Infinity,10000,10000,30000000,3000,"2023-02-20T11:14:00.000Z",1676891640000,3000,3000,3000,100,0,0,1.1,,,0,,10000,574300,,30000000,30000000,,
9471.3,158000,494530000,1115350000,620820000,1736170000,28401875,11527625,2.1,3943.8,32.5,118,11800,11700,35110000,3000,"2023-02-20T11:18:00.000Z",1676891880000,3000,2900,2900,99.2,0.8,0,1.2,0,,0,100,11900,586200,,35690000,35400000,290000,
9471.3,158100,494830000,1115650000,620820000,1736470000,28401875,11527625,0,3943.8,32.5,Infinity,100,100,300000,3000,"2023-02-20T11:20:00.000Z",1676892000000,3000,3000,3000,100,0,0,0,,,0,,100,586300,,300000,300000,,
9471.3,157500,493190000,1118650000,625460000,1744110000,28401875,11527625,-0.1,3943.8,32.5,0.6,1000,-600,-1640000,2900,"2023-02-20T11:24:00.000Z",1676892240000,3000,2900,3000,38.5,61.5,0,0.1,0.4,,1.6,1600,2600,588900,,7640000,3000000,4640000,
9471.3,149100,468830000,1118650000,649820000,1768470000,28401875,11527625,-1.4,3943.8,32.5,0,,-8400,-24360000,2900,"2023-02-20T13:00:00.000Z",1676898000000,2900,2900,2900,0,100,0,,2.1,,Infinity,8400,8400,597300,,24360000,,24360000,
9471.3,150500,473030000,1122850000,649820000,1772670000,28401875,11527625,0.2,3943.8,32.5,Infinity,1400,1400,4200000,3000,"2023-02-20T13:20:00.000Z",1676899200000,3000,3000,3000,100,0,0,0.1,,,0,,1400,598700,,4200000,4200000,,
9471.3,136600,432950000,1129750000,696800000,1826550000,28401875,11527625,-2.4,3943.8,32.5,0.1,2300,-13900,-40080000,3000,"2023-02-20T13:24:00.000Z",1676899440000,3000,2900,2900,12.4,87.6,0,0.2,4.1,,7,16200,18500,617200,,53880000,6900000,46980000,
9471.3,146500,462650000,1159450000,696800000,1856250000,28401875,11527625,1.8,3943.8,32.5,Infinity,9900,9900,29700000,3000,"2023-02-20T13:26:00.000Z",1676899560000,3000,3000,3000,100,0,0,1,,,0,,9900,627100,,29700000,29700000,,
9471.3,147500,465650000,1162450000,696800000,1859250000,28401875,11527625,0.2,3943.8,32.5,Infinity,1000,1000,3000000,3000,"2023-02-20T13:28:00.000Z",1676899680000,3000,3000,3000,100,0,0,0.1,,,0,,1000,628100,,3000000,3000000,,
9471.3,147900,466850000,1163650000,696800000,1860450000,28401875,11527625,0.1,3943.8,32.5,Infinity,400,400,1200000,3000,"2023-02-20T13:32:00.000Z",1676899920000,3000,3000,3000,100,0,0,0,,,0,,400,628500,,1200000,1200000,,
9471.3,147700,466290000,1164250000,697960000,1862210000,28401875,11527625,0,3943.8,32.5,0.5,200,-200,-560000,2900,"2023-02-20T13:34:00.000Z",1676900040000,3000,2900,3000,33.3,66.7,0,0,0.1,,2,400,600,629100,,1760000,600000,1160000,
9471.3,148700,469290000,1167250000,697960000,1865210000,28401875,11527625,0.2,3943.8,32.5,Infinity,1000,1000,3000000,3000,"2023-02-20T13:38:00.000Z",1676900280000,3000,3000,3000,100,0,0,0.1,,,0,,1000,630100,,3000000,3000000,,
9471.3,148900,469890000,1167850000,697960000,1865810000,28401875,11527625,0,3943.8,32.5,Infinity,200,200,600000,3000,"2023-02-20T13:40:00.000Z",1676900400000,3000,3000,3000,100,0,0,0,,,0,,200,630300,,600000,600000,,
9471.3,149000,470190000,1168150000,697960000,1866110000,28401875,11527625,0,3943.8,32.5,Infinity,100,100,300000,3000,"2023-02-20T13:42:00.000Z",1676900520000,3000,3000,3000,100,0,0,0,,,0,,100,630400,,300000,300000,,
9471.3,160600,504990000,1202950000,697960000,1900910000,28401875,11527625,2.1,3943.8,32.5,Infinity,11600,11600,34800000,3000,"2023-02-20T13:44:00.000Z",1676900640000,3000,3000,3000,100,0,0,1.2,,,0,,11600,642000,,34800000,34800000,,
9471.3,180200,563790000,1261750000,697960000,1959710000,28401875,11527625,3.5,3943.8,32.5,Infinity,19600,19600,58800000,3000,"2023-02-20T13:46:00.000Z",1676900760000,3000,3000,3000,100,0,0,2.1,,,0,,19600,661600,,58800000,58800000,,
9471.3,179200,560890000,1261750000,700860000,1962610000,28401875,11527625,-0.2,3943.8,32.5,0,,-1000,-2900000,2900,"2023-02-20T13:48:00.000Z",1676900880000,2900,2900,2900,0,100,0,,0.3,,Infinity,1000,1000,662600,,2900000,,2900000,
9471.3,178700,559440000,1261750000,702310000,1964060000,28401875,11527625,-0.1,3943.8,32.5,0,,-500,-1450000,2900,"2023-02-20T13:52:00.000Z",1676901120000,2900,2900,2900,0,100,0,,0.1,,Infinity,500,500,663100,,1450000,,1450000,
9471.3,183700,574440000,1276750000,702310000,1979060000,28401875,11527625,0.9,3943.8,32.5,Infinity,5000,5000,15000000,3000,"2023-02-20T13:54:00.000Z",1676901240000,3000,3000,3000,100,0,0,0.5,,,0,,5000,668100,,15000000,15000000,,
9471.3,184000,575340000,1277650000,702310000,1979960000,28401875,11527625,0.1,3943.8,32.5,Infinity,300,300,900000,3000,"2023-02-20T13:56:00.000Z",1676901360000,3000,3000,3000,100,0,0,0,,,0,,300,668400,,900000,900000,,
9471.3,184100,575640000,1277950000,702310000,1980260000,28401875,11527625,0,3943.8,32.5,Infinity,100,100,300000,3000,"2023-02-20T13:58:00.000Z",1676901480000,3000,3000,3000,100,0,0,0,,,0,,100,668500,,300000,300000,,
9471.3,185200,578940000,1281250000,702310000,1983560000,28401875,11527625,0.2,3943.8,32.5,Infinity,1100,1100,3300000,3000,"2023-02-20T14:00:00.000Z",1676901600000,3000,3000,3000,100,0,0,0.1,,,0,,1100,669600,,3300000,3300000,,
9471.3,228300,708240000,1410550000,702310000,2112860000,28401875,11527625,7.7,3943.8,32.5,Infinity,43100,43100,129300000,3000,"2023-02-20T14:08:00.000Z",1676902080000,3000,3000,3000,100,0,0,4.6,,,0,,43100,712700,,129300000,129300000,,
9471.3,398200,1217940000,1920250000,702310000,2622560000,28401875,11527625,30.2,3943.8,32.5,Infinity,169900,169900,509700000,3000,"2023-02-20T14:10:00.000Z",1676902200000,3000,3000,3000,100,0,0,17.9,,,0,,169900,882600,,509700000,509700000,,
9471.3,397500,1215840000,1920250000,704410000,2624660000,28401875,11527625,-0.1,3943.8,32.5,0,,-700,-2100000,3000,"2023-02-20T14:12:00.000Z",1676902320000,3000,3000,3000,0,100,0,,0.2,,Infinity,700,700,883300,,2100000,,2100000,
9471.3,397200,1214940000,1920250000,705310000,2625560000,28401875,11527625,-0.1,3943.8,32.5,0,,-300,-900000,3000,"2023-02-20T14:14:00.000Z",1676902440000,3000,3000,3000,0,100,0,,0.1,,Infinity,300,300,883600,,900000,,900000,
9471.3,336100,1031640000,1920250000,888610000,2808860000,28401875,11527625,-10.9,3943.8,32.5,0,,-61100,-183300000,3000,"2023-02-20T14:18:00.000Z",1676902680000,3000,3000,3000,0,100,0,,15.5,,Infinity,61100,61100,944700,,183300000,,183300000,
9471.3,359400,1101540000,2003050000,901510000,2904560000,28401875,11527625,4.1,3943.8,32.5,6.4,27600,23300,69900000,3000,"2023-02-20T14:20:00.000Z",1676902800000,3000,3000,3000,86.5,13.5,0,2.9,1.1,,0.2,4300,31900,976600,,95700000,82800000,12900000,
9471.3,360100,1103640000,2005150000,901510000,2906660000,28401875,11527625,0.1,3943.8,32.5,Infinity,700,700,2100000,3000,"2023-02-20T14:22:00.000Z",1676902920000,3000,3000,3000,100,0,0,0.1,,,0,,700,977300,,2100000,2100000,,
9471.3,431500,1317840000,2225050000,907210000,3132260000,28401875,11527625,12.7,3943.8,32.5,38.6,73300,71400,214200000,3000,"2023-02-20T14:24:00.000Z",1676903040000,3000,3000,3000,97.5,2.5,0,7.7,0.5,,0,1900,75200,1052500,,225600000,219900000,5700000,
9471.3,442200,1349940000,2272150000,922210000,3194360000,28401875,11527625,1.9,3943.8,32.5,3.1,15700,10700,32100000,3000,"2023-02-20T14:26:00.000Z",1676903160000,3000,3000,3000,75.8,24.2,0,1.7,1.3,,0.3,5000,20700,1073200,,62100000,47100000,15000000,
9471.3,442200,1349940000,2272150000,922210000,3202160000,28401875,11527625,0,3943.8,32.5,NaN,,0,0,3000,"2023-02-20T14:44:00.000Z",1676904240000,3000,3000,3000,0,0,100,,,80,NaN,,2600,1075800,2600,7800000,,,7800000
