"abu","acum_busd","acum_busd_val","acum_val","asd","auk","bs","bu","bu-sd","bu-sd_val","c","date","datetime","h","l","o","pbu","psd","puk","rbu","rsd","ruk","sb","sd","sum_vol","total_vol","uk","val","val_bu","val_sd","val_uk"
52776.3,111100,1910775000,10535320000,84480.7,8488.6,8.1,126800,111100,1910775000,17.2,"2022-12-12T09:14:00.000Z",1670836440000,17.35,17,17,20.5,2.5,76.9,2.4,0.2,56,0.1,15700,617900,617900,475400,10535320000,2180705000,269930000,8084685000
52776.3,-106700,-1769205000,21115280000,84480.7,8488.6,0.5,202600,-217800,-3679980000,17.1,"2022-12-12T09:16:00.000Z",1670836560000,17.2,16.8,17.2,32.5,67.5,0,3.8,5,,2.1,420400,623000,1240900,,10579960000,3449990000,7129970000,
52776.3,-15900,-204775000,26800120000,84480.7,8488.6,1.8,210000,90800,1564430000,17.1,"2022-12-12T09:18:00.000Z",1670836680000,17.25,17.05,17.1,63.4,36,0.6,4,1.4,0.2,0.6,119200,331200,1572100,2000,5684840000,3607485000,2043055000,34300000
52776.3,-24100,-343800000,30744485000,84480.7,8488.6,0.9,111600,-8200,-139025000,17,"2022-12-12T09:20:00.000Z",1670836800000,17.15,16.95,17.1,48.2,51.8,0,2.1,1.4,,1.1,119800,231400,1803500,,3944365000,1902670000,2041695000,
52776.3,-101000,-1641410000,34236495000,84480.7,8488.6,0.5,64300,-76900,-1297610000,16.95,"2022-12-12T09:22:00.000Z",1670836920000,17,16.85,16.95,31.1,68.4,0.5,1.2,1.7,0.1,2.2,141200,206500,2010000,1000,3492010000,1088725000,2386335000,16950000
52776.3,-123100,-2014125000,35813190000,84480.7,8488.6,0.6,35500,-22100,-372715000,16.95,"2022-12-12T09:24:00.000Z",1670837040000,17,16.9,16.95,38.1,61.9,0,0.7,0.7,,1.6,57600,93100,2103100,,1576695000,601990000,974705000,
52776.3,-176700,-2916030000,38714715000,84480.7,8488.6,0.5,59000,-53600,-901905000,16.9,"2022-12-12T09:26:00.000Z",1670837160000,16.95,16.85,16.9,34.4,65.6,0,1.1,1.3,,1.9,112600,171600,2274700,,2901525000,999810000,1901715000,
52776.3,-342100,-5694250000,42036485000,84480.7,8488.6,0.1,16100,-165400,-2778220000,16.8,"2022-12-12T09:28:00.000Z",1670837280000,16.95,16.7,16.9,8.1,91.9,0,0.3,2.1,,11.3,181500,197600,2472300,,3321770000,271775000,3049995000,
52776.3,-368400,-6129310000,44116465000,84480.7,8488.6,0.7,49000,-26300,-435060000,16.75,"2022-12-12T09:30:00.000Z",1670837400000,16.8,16.7,16.8,39.4,60.6,0,0.9,0.9,,1.5,75300,124300,2596600,,2079980000,822460000,1257520000,
52776.3,-411600,-6844745000,48960030000,84480.7,8488.6,0.7,118500,-43200,-715435000,16.55,"2022-12-12T09:32:00.000Z",1670837520000,16.8,16.55,16.75,40.8,55.7,3.4,2.2,1.9,1.2,1.4,161700,290200,2886800,10000,4843565000,1980565000,2696000000,167000000
52776.3,-427200,-7095220000,52549725000,84480.7,8488.6,0.9,100400,-15600,-250475000,16.65,"2022-12-12T09:34:00.000Z",1670837640000,16.7,16.55,16.6,46.4,53.6,0,1.9,1.4,,1.2,116000,216400,3103200,,3589695000,1669610000,1920085000,
52776.3,-427200,-7091760000,54260335000,84480.7,8488.6,1,51200,0,3460000,16.65,"2022-12-12T09:36:00.000Z",1670837760000,16.75,16.65,16.65,50,50,0,1,0.6,,1,51200,102400,3205600,,1710610000,857035000,853575000,
52776.3,-453100,-7521485000,56311060000,84480.7,8488.6,0.7,48500,-25900,-429725000,16.7,"2022-12-12T09:38:00.000Z",1670837880000,16.75,16.65,16.75,39.5,60.5,0,0.9,0.9,,1.5,74400,122900,3328500,,2050725000,810500000,1240225000,
52776.3,-415500,-6893260000,57443015000,84480.7,8488.6,3.5,52700,37600,628225000,16.7,"2022-12-12T09:40:00.000Z",1670838000000,16.7,16.65,16.7,77.7,22.3,0,1,0.2,,0.3,15100,67800,3396300,,1131955000,880090000,251865000,
52776.3,-497000,-8250530000,59371475000,84480.7,8488.6,0.2,17100,-81500,-1357270000,16.7,"2022-12-12T09:42:00.000Z",1670838120000,16.75,16.65,16.7,14.8,85.2,0,0.3,1.2,,5.8,98600,115700,3512000,,1928460000,285595000,1642865000,
52776.3,-557200,-9255645000,61632730000,84480.7,8488.6,0.4,37600,-60200,-1005115000,16.75,"2022-12-12T09:44:00.000Z",1670838240000,16.75,16.65,16.7,27.8,72.2,0,0.7,1.2,,2.6,97800,135400,3647400,,2261255000,628070000,1633185000,
52776.3,-553400,-9191460000,62901255000,84480.7,8488.6,1.1,31400,3800,64185000,16.7,"2022-12-12T09:46:00.000Z",1670838360000,16.75,16.65,16.75,41.3,36.3,22.4,0.6,0.3,2,0.9,27600,76000,3723400,17000,1268525000,524405000,460220000,283900000
52776.3,-508500,-8441070000,64024605000,84480.7,8488.6,5,56100,44900,750390000,16.7,"2022-12-12T09:48:00.000Z",1670838480000,16.7,16.65,16.7,83.4,16.6,0,1.1,0.1,,0.2,11200,67300,3790700,,1123350000,936870000,186479999.99999997,
52776.3,-440700,-7306025000,65560090000,84480.7,8488.6,6.7,79800,67800,1135045000,16.75,"2022-12-12T09:50:00.000Z",1670838600000,16.75,16.65,16.7,86.9,13.1,0,1.5,0.1,,0.2,12000,91800,3882500,,1535485000,1335265000,200220000,
52776.3,-543200,-9017580000,67402295000,84480.7,8488.6,0,3900,-102500,-1711555000,16.7,"2022-12-12T09:52:00.000Z",1670838720000,16.75,16.7,16.7,3.5,96.5,0,0.1,1.3,,27.3,106400,110300,3992800,,1842205000,65325000,1776880000,
52776.3,-571400,-9486715000,69107580000,84480.7,8488.6,0.6,36900,-28200,-469135000,16.75,"2022-12-12T09:54:00.000Z",1670838840000,16.75,16.7,16.7,36.2,63.8,0,0.7,0.8,,1.8,65100,102000,4094800,,1705285000,618075000,1087210000,
52776.3,-522200,-8658320000,71936895000,84480.7,8488.6,1.8,108900,49200,828395000,16.8,"2022-12-12T09:56:00.000Z",1670838960000,16.8,16.7,16.75,64.6,35.4,0,2.1,0.7,,0.5,59700,168600,4263400,,2829315000,1828855000,1000460000,
52776.3,-505700,-8376875000,74638340000,84480.7,8488.6,1.2,88700,16500,281445000,16.75,"2022-12-12T09:58:00.000Z",1670839080000,16.85,16.7,16.85,55.1,44.9,0,1.7,0.9,,0.8,72200,160900,4424300,,2701445000,1491445000,1210000000,
52776.3,-499700,-8276170000,74875985000,84480.7,8488.6,2.5,10100,6000,100705000,16.7,"2022-12-12T10:00:00.000Z",1670839200000,16.75,16.7,16.75,71.1,28.9,0,0.2,0,,0.4,4100,14200,4438500,,237645000,169175000,68470000,
52776.3,-619900,-10283355000,76987020000,84480.7,8488.6,0,3100,-120200,-2007185000,16.7,"2022-12-12T10:02:00.000Z",1670839320000,16.75,16.7,16.7,2.5,97.5,0,0.1,1.5,,39.8,123300,126400,4564900,,2111035000,51925000,2059110000,
52776.3,-669800,-11116610000,77836975000,84480.7,8488.6,0,500,-49900,-833255000,16.65,"2022-12-12T10:04:00.000Z",1670839440000,16.7,16.65,16.7,1,99,0,0,0.6,,100.8,50400,50900,4615800,,849955000,8350000,841605000,
52776.3,-730900,-12133200000,79480235000,84480.7,8488.6,0.2,18800,-61100,-1016590000,16.7,"2022-12-12T10:06:00.000Z",1670839560000,16.7,16.6,16.7,19,81,0,0.4,0.9,,4.3,79900,98700,4714500,,1643260000,313335000,1329925000,
52776.3,-915200,-15199790000,83177595000,84480.7,8488.6,0.1,13500,-184300,-3066590000,16.6,"2022-12-12T10:08:00.000Z",1670839680000,16.75,16.6,16.65,6.1,89.1,4.9,0.3,2.3,1.3,14.7,197800,222100,4936600,10800,3697360000,225475000,3292065000,179820000
52776.3,-911700,-15141325000,83349590000,84480.7,8488.6,2,6900,3500,58465000,16.7,"2022-12-12T10:10:00.000Z",1670839800000,16.7,16.65,16.7,67,33,0,0.1,0,,0.5,3400,10300,4946900,,171995000,115230000,56765000,
52776.3,-859200,-14264365000,84366410000,84480.7,8488.6,13.5,56700,52500,876960000,16.7,"2022-12-12T10:12:00.000Z",1670839920000,16.7,16.65,16.65,93.1,6.9,0,1.1,0,,0.1,4200,60900,5007800,,1016820000,946890000,69930000,
52776.3,-870100,-14446270000,84849165000,84480.7,8488.6,0.5,9000,-10900,-181905000,16.7,"2022-12-12T10:14:00.000Z",1670840040000,16.75,16.7,16.7,31.1,68.9,0,0.2,0.2,,2.2,19900,28900,5036700,,482755000,150425000,332330000,
52776.3,-864700,-14356065000,84956020000,84480.7,8488.6,11.8,5900,5400,90205000,16.65,"2022-12-12T10:16:00.000Z",1670840160000,16.7,16.65,16.7,92.2,7.8,0,0.1,0,,0.1,500,6400,5043100,,106855000,98530000,8324999.999999999,
52776.3,-936100,-15544645000,86298240000,84480.7,8488.6,0.1,4600,-71400,-1188580000,16.65,"2022-12-12T10:18:00.000Z",1670840280000,16.7,16.65,16.7,5.7,94.3,0,0.1,0.9,,16.5,76000,80600,5123700,,1342220000,76820000,1265400000,
52776.3,-976200,-16212070000,87159285000,84480.7,8488.6,0.1,5800,-40100,-667425000,16.65,"2022-12-12T10:20:00.000Z",1670840400000,16.7,16.65,16.65,11.2,88.8,0,0.1,0.5,,7.9,45900,51700,5175400,,861045000,96810000,764235000,
52776.3,-975500,-16200415000,88612830000,84480.7,8488.6,1,44000,700,11655000,16.65,"2022-12-12T10:22:00.000Z",1670840520000,16.65,16.65,16.65,50.4,49.6,0,0.8,0.5,,1,43300,87300,5262700,,1453545000,732600000,720945000,
52776.3,-998700,-16586545000,90927330000,84480.7,8488.6,0.7,57900,-23200,-386130000,16.65,"2022-12-12T10:24:00.000Z",1670840640000,16.7,16.65,16.65,41.7,58.3,0,1.1,1,,1.4,81100,139000,5401700,,2314500000,964185000,1350315000,
52776.3,-981900,-16305290000,91704755000,84480.7,8488.6,2.1,31700,16800,281255000,16.7,"2022-12-12T10:26:00.000Z",1670840760000,16.7,16.65,16.65,68,32,0,0.6,0.2,,0.5,14900,46600,5448300,,777425000,529340000,248085000,
52776.3,-962200,-15972785000,95487330000,84480.7,8488.6,1.2,123200,19700,332505000,16.7,"2022-12-12T10:28:00.000Z",1670840880000,16.75,16.65,16.7,54.3,45.7,0,2.3,1.2,,0.8,103500,226700,5675000,,3782575000,2057540000,1725035000,
52776.3,-1005500,-16695895000,98104220000,84480.7,8488.6,0.6,56700,-43300,-723110000,16.7,"2022-12-12T10:30:00.000Z",1670841000000,16.7,16.7,16.7,36.2,63.8,0,1.1,1.2,,1.8,100000,156700,5831700,,2616890000,946890000,1670000000,
52776.3,-1069100,-17758015000,99166340000,84480.7,8488.6,0,,-63600,-1062120000,16.7,"2022-12-12T10:32:00.000Z",1670841120000,16.7,16.7,16.7,0,100,0,,0.8,,Infinity,63600,63600,5895300,,1062120000,,1062120000,
52776.3,-906800,-15039055000,102005540000,84480.7,8488.6,46.1,165900,162300,2718960000,16.8,"2022-12-12T10:34:00.000Z",1670841240000,16.8,16.7,16.75,97.9,2.1,0,3.1,0,,0,3600,169500,6064800,,2839200000,2779080000,60120000,
52776.3,-787600,-13030465000,104444570000,84480.7,8488.6,10.3,132000,119200,2008590000,16.9,"2022-12-12T10:36:00.000Z",1670841360000,16.9,16.8,16.8,91.2,8.8,0,2.5,0.2,,0.1,12800,144800,6209600,,2439030000,2223810000,215220000,
52776.3,-724200,-11958475000,105722230000,84480.7,8488.6,11.4,69500,63400,1071990000,16.95,"2022-12-12T10:38:00.000Z",1670841480000,16.95,16.85,16.9,91.9,8.1,0,1.3,0.1,,0.1,6100,75600,6285200,,1277660000,1174825000,102835000,
52776.3,-651300,-10722170000,107269995000,84480.7,8488.6,8.9,82100,72900,1236305000,16.95,"2022-12-12T10:40:00.000Z",1670841600000,17,16.9,16.95,89.9,10.1,0,1.6,0.1,,0.1,9200,91300,6376500,,1547765000,1392035000,155730000,
52776.3,-660700,-10881500000,108588705000,84480.7,8488.6,0.8,34200,-9400,-159330000,16.95,"2022-12-12T10:42:00.000Z",1670841720000,16.95,16.95,16.95,44,56,0,0.6,0.5,,1.3,43600,77800,6454300,,1318710000,579690000,739020000,
52776.3,-692700,-11421905000,109471280000,84480.7,8488.6,0.2,10100,-32000,-540405000,16.95,"2022-12-12T10:44:00.000Z",1670841840000,16.95,16.9,16.9,19.3,80.7,0,0.2,0.5,,4.2,42100,52200,6506500,,882575000,171085000,711490000,
52776.3,-688700,-11353920000,110085945000,84480.7,8488.6,1.2,20200,4000,67985000,16.9,"2022-12-12T10:46:00.000Z",1670841960000,16.9,16.85,16.9,55.5,44.5,0,0.4,0.2,,0.8,16200,36400,6542900,,614665000,341325000,273340000,
52776.3,-750600,-12393830000,111152735000,84480.7,8488.6,0,800,-61900,-1039910000,16.8,"2022-12-12T10:48:00.000Z",1670842080000,16.85,16.75,16.85,1.3,98.7,0,0,0.7,,78.4,62700,63500,6606400,,1066790000,13440000,1053350000,
52776.3,-757800,-12514305000,111357210000,84480.7,8488.6,0.3,2500,-7200,-120475000,16.8,"2022-12-12T10:50:00.000Z",1670842200000,16.8,16.75,16.75,20.5,79.5,0,0,0.1,,3.9,9700,12200,6618600,,204475000,42000000,162475000,
52776.3,-804300,-13292470000,112659395000,84480.7,8488.6,0.3,15600,-46500,-778165000,16.75,"2022-12-12T10:52:00.000Z",1670842320000,16.8,16.75,16.8,20.1,79.9,0,0.3,0.7,,4,62100,77700,6696300,,1302185000,262010000,1040175000,
52776.3,-786200,-12988685000,113274730000,84480.7,8488.6,2.9,27400,18100,303785000,16.8,"2022-12-12T10:54:00.000Z",1670842440000,16.8,16.75,16.75,74.7,25.3,0,0.5,0.1,,0.3,9300,36700,6733000,,615335000,459560000,155775000,
52776.3,-246300,-3915715000,122919400000,84480.7,8488.6,32.8,556900,539900,9072970000,16.9,"2022-12-12T10:56:00.000Z",1670842560000,16.9,16.8,16.8,97,3,0,10.6,0.2,,0,17000,573900,7306900,,9644670000,9358820000,285850000,
52776.3,-247600,-3936830000,123474555000,84480.7,8488.6,0.9,15800,-1300,-21115000,16.9,"2022-12-12T10:58:00.000Z",1670842680000,16.9,16.85,16.9,48,52,0,0.3,0.2,,1.1,17100,32900,7339800,,555155000,267020000,288135000,
52776.3,-247500,-3933575000,124650570000,84480.7,8488.6,1,34900,100,3255000,16.9,"2022-12-12T11:00:00.000Z",1670842800000,16.9,16.85,16.9,50.1,49.9,0,0.7,0.4,,1,34800,69700,7409500,,1176015000,589635000,586380000,
52776.3,-245900,-3906515000,124852770000,84480.7,8488.6,1.3,6800,1600,27060000.000000015,16.85,"2022-12-12T11:02:00.000Z",1670842920000,16.9,16.8,16.85,56.7,43.3,0,0.1,0.1,,0.8,5200,12000,7421500,,202200000,114630000.00000001,87570000,
52776.3,-244500,-3882500000,125162385000,84480.7,8488.6,1.2,9900,1400,24015000,16.8,"2022-12-12T11:04:00.000Z",1670843040000,16.85,16.8,16.85,53.8,46.2,0,0.2,0.1,,0.9,8500,18400,7439900,,309615000,166815000,142800000,
52776.3,-280200,-4482235000,125778970000,84480.7,8488.6,0,500,-35700,-599735000,16.8,"2022-12-12T11:06:00.000Z",1670843160000,16.85,16.8,16.8,1.4,98.6,0,0,0.4,,72.4,36200,36700,7476600,,616585000,8425000,608160000,
52776.3,-278500,-4453365000,126488240000,84480.7,8488.6,1.1,21700,1700,28870000,16.85,"2022-12-12T11:08:00.000Z",1670843280000,16.85,16.8,16.8,51.4,47.4,1.2,0.4,0.2,0.1,0.9,20000,42200,7518800,500,709270000,364870000,336000000,8400000
52776.3,-279600,-4471590000,126678335000,84480.7,8488.6,0.8,5100,-1100,-18225000,16.8,"2022-12-12T11:10:00.000Z",1670843400000,16.85,16.8,16.85,45.1,54.9,0,0.1,0.1,,1.2,6200,11300,7530100,,190095000,85935000,104160000,
52776.3,-255900,-4073380000,127308285000,84480.7,8488.6,4.4,30600,23700,398210000,16.8,"2022-12-12T11:12:00.000Z",1670843520000,16.8,16.75,16.8,81.6,18.4,0,0.6,0.1,,0.2,6900,37500,7567600,,629950000,514080000,115870000,
52776.3,-263100,-4194255000,127654400000,84480.7,8488.6,0.5,6700,-7200,-120875000,16.8,"2022-12-12T11:14:00.000Z",1670843640000,16.85,16.75,16.8,32.5,67.5,0,0.1,0.2,,2.1,13900,20600,7588200,,346115000,112620000,233495000,
52776.3,-256400,-4080695000,128437960000,84480.7,8488.6,1.3,26700,6700,113560000,16.75,"2022-12-12T11:16:00.000Z",1670843760000,16.8,16.75,16.75,57.2,42.8,0,0.5,0.2,,0.7,20000,46700,7634900,,783560000,448560000,335000000,
52776.3,-301500,-4835970000,129294035000,84480.7,8488.6,0.1,3000,-45100,-755275000,16.75,"2022-12-12T11:18:00.000Z",1670843880000,16.8,16.75,16.8,5.9,94.1,0,0.1,0.6,,16,48100,51100,7686000,,856075000,50400000,805675000,
52776.3,-311400,-5001580000,130092805000,84480.7,8488.6,0.7,18900,-9900,-165610000,16.7,"2022-12-12T11:20:00.000Z",1670844000000,16.8,16.7,16.75,39.6,60.4,0,0.4,0.3,,1.5,28800,47700,7733700,,798770000,316580000,482190000,
52776.3,-529700,-8647190000,133738415000,84480.7,8488.6,0,,-218300,-3645610000,16.7,"2022-12-12T11:22:00.000Z",1670844120000,16.7,16.7,16.7,0,100,0,,2.6,,Infinity,218300,218300,7952000,,3645610000,,3645610000,
52776.3,-556300,-9088300000,135599025000,84480.7,8488.6,0.6,42500,-26600,-441110000,16.7,"2022-12-12T11:24:00.000Z",1670844240000,16.7,16.65,16.7,38.1,61.9,0,0.8,0.8,,1.6,69100,111600,8063600,,1860610000,709750000,1150860000,
52776.3,-557100,-9101595000,135739240000,84480.7,8488.6,0.8,3800,-800,-13295000,16.7,"2022-12-12T11:26:00.000Z",1670844360000,16.7,16.65,16.65,45.2,54.8,0,0.1,0.1,,1.2,4600,8400,8072000,,140215000,63460000,76755000,
52776.3,-561700,-9178415000,135959680000,84480.7,8488.6,0.5,4300,-4600,-76820000,16.7,"2022-12-12T11:28:00.000Z",1670844480000,16.7,16.7,16.7,32.6,67.4,0,0.1,0.1,,2.1,8900,13200,8085200,,220440000,71810000,148630000,
52776.3,-535500,-8737575000,138438600000,84480.7,8488.6,1.4,86200,26200,440840000,16.7,"2022-12-12T13:00:00.000Z",1670850000000,16.75,16.65,16.75,58,40.4,1.6,1.6,0.7,0.3,0.7,60000,148600,8233800,2400,2478920000,1439840000,999000000,40080000
52776.3,-518100,-8446415000,139236360000,84480.7,8488.6,2.1,32600,17400,291160000,16.7,"2022-12-12T13:02:00.000Z",1670850120000,16.75,16.65,16.7,68.2,31.8,0,0.6,0.2,,0.5,15200,47800,8281600,,797760000,544460000,253300000,
52776.3,-473900,-7707040000,140052545000,84480.7,8488.6,20.2,46500,44200,739375000,16.75,"2022-12-12T13:04:00.000Z",1670850240000,16.75,16.65,16.7,95.3,4.7,0,0.9,0,,0,2300,48800,8330400,,816185000,777780000,38405000,
52776.3,-413400,-6692030000,141582955000,84480.7,8488.6,4.9,75900,60500,1015010000,16.8,"2022-12-12T13:06:00.000Z",1670850360000,16.8,16.7,16.75,83.1,16.9,0,1.4,0.2,,0.2,15400,91300,8421700,,1530410000,1272710000,257700000,
52776.3,-305800,-4878855000,145484890000,84480.7,8488.6,2.7,169500,107600,1813175000,16.9,"2022-12-12T13:08:00.000Z",1670850480000,16.95,16.8,16.8,73.2,26.8,0,3.2,0.7,,0.4,61900,231400,8653100,,3901935000,2857555000,1044380000,
52776.3,-365800,-5885835000,147075190000,84480.7,8488.6,0.2,17300,-60000,-1006980000,16.8,"2022-12-12T13:10:00.000Z",1670850600000,16.9,16.8,16.9,18.3,81.7,0,0.3,0.9,,4.5,77300,94600,8747700,,1590300000,291660000,1298640000,
52776.3,-577100,-9435140000,150964835000,84480.7,8488.6,0,10100,-211300,-3549305000,16.8,"2022-12-12T13:12:00.000Z",1670850720000,16.85,16.75,16.8,4.4,95.6,0,0.2,2.6,,21.9,221400,231500,8979200,,3889645000,170170000,3719475000,
52776.3,-606000,-9919375000,153067680000,84480.7,8488.6,0.6,48400,-28900,-484235000,16.65,"2022-12-12T13:14:00.000Z",1670850840000,16.8,16.65,16.8,38.5,61.5,0,0.9,0.9,,1.6,77300,125700,9104900,,2102845000,809305000,1293540000,
52776.3,-864900,-14227535000,157839980000,84480.7,8488.6,0.1,13900,-258900,-4308160000,16.6,"2022-12-12T13:16:00.000Z",1670850960000,16.7,16.6,16.65,4.8,95.2,0,0.3,3.2,,19.6,272800,286700,9391600,,4772300000,232070000,4540230000,
52776.3,-861300,-14164325000,159871740000,84480.7,8488.6,1.1,62800,3600,63210000,16.7,"2022-12-12T13:18:00.000Z",1670851080000,16.75,16.6,16.6,51.5,48.5,0,1.2,0.7,,0.9,59200,122000,9513600,,2031760000,1047485000,984275000,
52776.3,-752900,-12335570000,164950645000,84480.7,8488.6,5,135300,108400,1828755000,16.85,"2022-12-12T13:20:00.000Z",1670851200000,16.95,16.75,16.75,44.9,8.9,46.2,2.6,0.3,16.4,0.2,26900,301300,9814900,139100,5078905000,2279405000,450650000,2348850000
52776.3,-734200,-12019190000,165533245000,84480.7,8488.6,3.4,26600,18700,316380000,16.9,"2022-12-12T13:22:00.000Z",1670851320000,16.9,16.8,16.9,77.1,22.9,0,0.5,0.1,,0.3,7900,34500,9849400,,582600000,449490000,133110000,
52776.3,-764600,-12531030000,166586775000,84480.7,8488.6,0.3,16100,-30400,-511840000,16.8,"2022-12-12T13:24:00.000Z",1670851440000,16.9,16.75,16.9,25.7,74.3,0,0.3,0.6,,2.9,46500,62600,9912000,,1053530000,270845000,782685000,
52776.3,-744600,-12193955000,167644100000,84480.7,8488.6,1.9,41500,20000,337075000,16.75,"2022-12-12T13:26:00.000Z",1670851560000,16.8,16.75,16.8,65.9,34.1,0,0.8,0.3,,0.5,21500,63000,9975000,,1057325000,697200000,360125000,
52776.3,-781900,-12817510000,169087495000,84480.7,8488.6,0.4,24400,-37300,-623555000,16.75,"2022-12-12T13:28:00.000Z",1670851680000,16.8,16.75,16.75,28.3,71.7,0,0.5,0.7,,2.5,61700,86100,10061100,,1443395000,409920000,1033475000,
52776.3,-834500,-13698535000,170025520000,84480.7,8488.6,0,1700,-52600,-881025000,16.75,"2022-12-12T13:30:00.000Z",1670851800000,16.8,16.75,16.8,3,97,0,0,0.6,,31.9,54300,56000,10117100,,938025000,28500000,909525000,
52776.3,-849700,-13949245000,172373330000,84480.7,8488.6,0.8,62600,-15200,-250710000,16.75,"2022-12-12T13:32:00.000Z",1670851920000,16.75,16.7,16.75,44.6,55.4,0,1.2,0.9,,1.2,77800,140400,10257500,,2347810000,1048550000,1299260000,
52776.3,-852200,-13990990000,173333055000,84480.7,8488.6,0.9,27400,-2500,-41745000,16.75,"2022-12-12T13:34:00.000Z",1670852040000,16.8,16.7,16.75,47.8,52.2,0,0.5,0.4,,1.1,29900,57300,10314800,,959725000,458990000,500735000,
52776.3,-847200,-13907090000,173892455000,84480.7,8488.6,1.4,19200,5000,83900000,16.8,"2022-12-12T13:36:00.000Z",1670852160000,16.8,16.7,16.75,57.5,42.5,0,0.4,0.2,,0.7,14200,33400,10348200,,559400000,321650000,237750000,
52776.3,-768200,-12577895000,176558300000,84480.7,8488.6,3,118900,79000,1329195000,16.8,"2022-12-12T13:38:00.000Z",1670852280000,16.8,16.75,16.8,74.9,25.1,0,2.3,0.5,,0.3,39900,158800,10507000,,2665845000,1997520000,668325000,
52776.3,-789800,-12938650000,177621295000,84480.7,8488.6,0.5,20900,-21600,-360755000,16.8,"2022-12-12T13:40:00.000Z",1670852400000,16.8,16.75,16.8,33,67,0,0.4,0.5,,2,42500,63400,10570400,,1062995000,351120000,711875000,
52776.3,-745700,-12197430000,178590315000,84480.7,8488.6,7.5,50900,44100,741220000,16.75,"2022-12-12T13:42:00.000Z",1670852520000,16.8,16.75,16.8,88.2,11.8,0,1,0.1,,0.1,6800,57700,10628100,,969020000,855120000,113900000,
52776.3,-790900,-12953965000,180355670000,84480.7,8488.6,0.4,29600,-45200,-756535000,16.8,"2022-12-12T13:44:00.000Z",1670852640000,16.8,16.7,16.75,28.1,71,0.9,0.6,0.9,0.1,2.5,74800,105400,10733500,1000,1765355000,496035000,1252570000,16750000
52776.3,-806600,-13216770000,180732715000,84480.7,8488.6,0.2,3400,-15700,-262805000,16.8,"2022-12-12T13:46:00.000Z",1670852760000,16.8,16.75,16.8,15.1,84.9,0,0.1,0.2,,5.6,19100,22500,10756000,,377045000,57120000,319925000,
52776.3,-811900,-13304225000,181707210000,84480.7,8488.6,0.8,26400,-5300,-87455000,16.75,"2022-12-12T13:48:00.000Z",1670852880000,16.8,16.75,16.8,45.4,54.6,0,0.5,0.4,,1.2,31700,58100,10814100,,974495000,443520000,530975000,
52776.3,-905400,-14870115000,183373770000,84480.7,8488.6,0,3000,-93500,-1565890000,16.75,"2022-12-12T13:50:00.000Z",1670853000000,16.8,16.7,16.75,3,97,0,0.1,1.1,,32.2,96500,99500,10913600,,1666560000,50335000,1616225000,
52776.3,-1045800,-17212405000,187317360000,84480.7,8488.6,0.3,47800,-140400,-2342290000,16.7,"2022-12-12T13:52:00.000Z",1670853120000,16.75,16.7,16.7,20.3,79.7,0,0.9,2.2,,3.9,188200,236000,11149600,,3943590000,800650000,3142940000,
52776.3,-1017500,-16737295000,188517250000,84480.7,8488.6,2.3,50000,28300,475110000,16.75,"2022-12-12T13:54:00.000Z",1670853240000,16.75,16.7,16.7,69.7,30.3,0,0.9,0.3,,0.4,21700,71700,11221300,,1199890000,837500000,362390000,
52776.3,-1016400,-16718265000,188940420000,84480.7,8488.6,1.1,13200,1100,19030000,16.75,"2022-12-12T13:56:00.000Z",1670853360000,16.75,16.7,16.7,52.2,47.8,0,0.3,0.1,,0.9,12100,25300,11246600,,423170000,221100000,202070000,
52776.3,-1132500,-18648725000,194324850000,84480.7,8488.6,0.5,103100,-116100,-1930460000,16.75,"2022-12-12T13:58:00.000Z",1670853480000,16.8,16.65,16.75,32,68,0,2,2.6,,2.1,219200,322300,11568900,,5384430000,1726985000,3657445000,
52776.3,-1138800,-18753930000,194645095000,84480.7,8488.6,0.5,6400,-6300,-105205000,16.75,"2022-12-12T14:00:00.000Z",1670853600000,16.8,16.75,16.75,33.5,66.5,0,0.1,0.2,,2,12700,19100,11588000,,320245000,107520000,212725000,
52776.3,-1174600,-19350975000,197082550000,84480.7,8488.6,0.6,54800,-35800,-597045000,16.75,"2022-12-12T14:02:00.000Z",1670853720000,16.8,16.7,16.8,37.7,62.3,0,1,1.1,,1.7,90600,145400,11733400,,2437455000,920205000,1517250000,
52776.3,-1204800,-19852045000,199774520000,84480.7,8488.6,0.7,65400,-30200,-501070000,16.75,"2022-12-12T14:04:00.000Z",1670853840000,16.75,16.7,16.75,40.6,59.4,0,1.2,1.1,,1.5,95600,161000,11894400,,2691970000,1095450000,1596520000,
52776.3,-1374300,-22679265000,204840470000,84480.7,8488.6,0.3,66900,-169500,-2827220000,16.7,"2022-12-12T14:06:00.000Z",1670853960000,16.75,16.65,16.7,22.1,77.9,0,1.3,2.8,0,3.5,236400,303400,12197800,100,5065950000,1118530000,3945750000,1670000
52776.3,-1275300,-21022935000,207385960000,84480.7,8488.6,4.7,125700,99000,1656330000,16.65,"2022-12-12T14:08:00.000Z",1670854080000,16.75,16.65,16.65,82.5,17.5,0,2.4,0.3,,0.2,26700,152400,12350200,,2545490000,2100910000,444580000,
52776.3,-1228800,-20241875000,211858720000,84480.7,8488.6,1.4,157300,46500,781060000,16.7,"2022-12-12T14:10:00.000Z",1670854200000,16.7,16.65,16.7,58.7,41.3,0,3,1.3,,0.7,110800,268100,12618300,,4472760000,2626910000,1845850000,
52776.3,-1251900,-20626895000,212746240000,84480.7,8488.6,0.4,15000,-23100,-385020000,16.7,"2022-12-12T14:12:00.000Z",1670854320000,16.75,16.7,16.7,28.2,71.8,0,0.3,0.5,,2.5,38100,53100,12671400,,887520000,251250000,636270000,
52776.3,-1269300,-20913580000,215673305000,84480.7,8488.6,0.8,78900,-17400,-286685000,16.65,"2022-12-12T14:14:00.000Z",1670854440000,16.75,16.65,16.7,45,55,0,1.5,1.1,,1.2,96300,175200,12846600,,2927065000,1320190000,1606875000,
52776.3,-1329100,-21906370000,218589935000,84480.7,8488.6,0.5,57600,-59800,-992790000,16.65,"2022-12-12T14:16:00.000Z",1670854560000,16.7,16.65,16.65,32.9,67.1,0,1.1,1.4,,2,117400,175000,13021600,,2916630000,961920000,1954710000,
52776.3,-1984600,-32744040000,236591245000,84480.7,8488.6,0.1,68600,-655500,-10837670000,16.1,"2022-12-12T14:18:00.000Z",1670854680000,16.7,16.1,16.65,6.3,66.6,27.1,1.3,8.6,34.7,10.6,724100,1087200,14108800,294500,18001310000,1136965000,11974635000,4889710000
52776.3,-2141400,-35234755000,241029580000,84480.7,8488.6,0.3,60500,-156800,-2490715000,16,"2022-12-12T14:20:00.000Z",1670854800000,16.1,15.75,16.1,21.7,77.8,0.5,1.1,2.6,0.2,3.6,217300,279300,14388100,1500,4438335000,961960000,3452675000,23700000
52776.3,-2170500,-35699035000,243324640000,84480.7,8488.6,0.7,55500,-29100,-464280000,16.05,"2022-12-12T14:22:00.000Z",1670854920000,16.1,16,16.05,38.8,59.1,2.1,1.1,1,0.4,1.5,84600,143100,14531200,3000,2295060000,891315000,1355595000,48150000
52776.3,-2299000,-37740040000,246571265000,84480.7,8488.6,0.2,33800,-128500,-2041005000,15.8,"2022-12-12T14:24:00.000Z",1670855040000,16.05,15.8,16,16.5,79.4,4,0.6,1.9,1,4.8,162300,204300,14735500,8200,3246625000,537825000,2578830000,129970000
52776.3,-2309700,-37896770000,251468255000,84480.7,8488.6,0.9,150000,-10700,-156730000,15.75,"2022-12-12T14:26:00.000Z",1670855160000,15.9,15.65,15.8,48.3,51.7,0,2.8,1.9,,1.1,160700,310700,15046200,,4896990000,2370130000,2526860000,
52776.3,-2270600,-37266365000,255026830000,84480.7,8488.6,1.4,131500,39100,630405000,16.15,"2022-12-12T14:28:00.000Z",1670855280000,16.15,15.7,15.75,58.4,41,0.5,2.5,1.1,0.1,0.7,92400,225100,15271300,1200,3558575000,2085040000,1454635000,18900000
52776.3,-3614300,-58093715000,275854180000,84480.7,8488.6,0,,-1343700,-20827350000,15.5,"2022-12-12T14:44:00.000Z",1670856240000,15.5,15.5,15.5,0,100,0,,15.9,,Infinity,1343700,1343700,16615000,,20827350000,,20827350000,
