"abu","acum_busd","acum_busd_val","acum_val_bu","acum_val_sd","acum_val","avg_val_bu","avg_val_sd","rbusd","asd","auk","bs","bu","bu-sd","bu-sd_val","c","date","datetime","h","l","o","pbu","psd","puk","rbu","rsd","ruk","sb","sd","sum_vol","total_vol","uk","val","val_bu","val_sd","val_uk"
1494.4,300,1020000,1020000,0,1020000,4787222.2,35515555.6,0,11258.3,0,Infinity,300,300,1020000,3.4,"2022-12-12T09:00:00.000Z",1670835600000,3.4,3.4,3.4,100,0,0,0.2,,,0,,300,300,,1020000,1020000,,
1494.4,-13900,-44420000,8380000,52800000,61180000,4787222.2,35515555.6,1.5,11258.3,0,0.1,2300,-14200,-45440000,3.2,"2022-12-12T09:15:00.000Z",1670836500000,3.2,3.2,3.2,12.2,87.8,0,1.5,1.5,,7.2,16500,18800,19100,,60160000,7360000,52800000,
1494.4,1400,4540000,67580000,63040000,130620000,4787222.2,35515555.6,-1.6,11258.3,0,5.8,18500,15300,48960000,3.2,"2022-12-12T09:20:00.000Z",1670836800000,3.2,3.2,3.2,85.3,14.7,0,12.4,0.3,,0.2,3200,21700,40800,,69440000,59200000,10240000,
1494.4,-59000,-188740000,67580000,256320000,323900000,4787222.2,35515555.6,6.3,11258.3,0,0,,-60400,-193280000,3.2,"2022-12-12T09:25:00.000Z",1670837100000,3.2,3.2,3.2,0,100,0,,5.4,,Infinity,60400,60400,101200,,193280000,,193280000,
1494.4,-150800,-478000000,77510000,555510000,633020000,4787222.2,35515555.6,9.4,11258.3,0,0,3100,-91800,-289260000,3.2,"2022-12-12T09:30:00.000Z",1670837400000,3.3,3.1,3.2,3.2,96.8,0,2.1,8.4,,30.6,94900,98000,199200,,309120000,9930000,299190000,
1494.4,-212000,-667670000,79110000,746780000,825890000,4787222.2,35515555.6,6.2,11258.3,0,0,500,-61200,-189670000,3.1,"2022-12-12T09:35:00.000Z",1670837700000,3.2,3.1,3.2,0.8,99.2,0,0.3,5.5,,123.4,61700,62200,261400,,192870000,1600000,191270000,
1494.4,-205400,-646550000,100230000,746780000,847010000,4787222.2,35515555.6,-0.7,11258.3,0,Infinity,6600,6600,21120000,3.2,"2022-12-12T09:40:00.000Z",1670838000000,3.2,3.2,3.2,100,0,0,4.4,,,0,,6600,268000,,21120000,21120000,,
1494.4,-202700,-637910000,110470000,748380000,858850000,4787222.2,35515555.6,-0.3,11258.3,0,6.4,3200,2700,8640000,3.2,"2022-12-12T09:45:00.000Z",1670838300000,3.2,3.2,3.2,86.5,13.5,0,2.1,0,,0.2,500,3700,271700,,11840000,10240000,1600000,
1494.4,-203700,-641110000,110470000,751580000,862050000,4787222.2,35515555.6,0.1,11258.3,0,0,,-1000,-3200000,3.2,"2022-12-12T10:05:00.000Z",1670839500000,3.2,3.2,3.2,0,100,0,,0.1,,Infinity,1000,1000,272700,,3200000,,3200000,
1494.4,-204100,-642380000,110800000,753180000,863980000,4787222.2,35515555.6,0,11258.3,0,0.2,100,-400,-1270000,3.2,"2022-12-12T10:30:00.000Z",1670841000000,3.3,3.2,3.3,16.7,83.3,0,0.1,0,,5,500,600,273300,,1930000,330000,1600000,
1494.4,-209100,-658380000,110800000,769180000,879980000,4787222.2,35515555.6,0.5,11258.3,0,0,,-5000,-16000000,3.2,"2022-12-12T10:35:00.000Z",1670841300000,3.2,3.2,3.2,0,100,0,,0.4,,Infinity,5000,5000,278300,,16000000,,16000000,
1494.4,-208200,-655410000,113770000,769180000,882950000,4787222.2,35515555.6,-0.1,11258.3,0,Infinity,900,900,2970000,3.3,"2022-12-12T10:45:00.000Z",1670841900000,3.3,3.3,3.3,100,0,0,0.6,,,0,,900,279200,,2970000,2970000,,
1494.4,-208300,-655730000,113770000,769500000,883270000,4787222.2,35515555.6,0,11258.3,0,0,,-100,-320000,3.2,"2022-12-12T10:50:00.000Z",1670842200000,3.2,3.2,3.2,0,100,0,,0,,Infinity,100,100,279300,,320000,,320000,
1494.4,-208800,-657330000,113770000,771100000,884870000,4787222.2,35515555.6,0.1,11258.3,0,0,,-500,-1600000,3.2,"2022-12-12T11:10:00.000Z",1670843400000,3.2,3.2,3.2,0,100,0,,0,,Infinity,500,500,279800,,1600000,,1600000,
1494.4,-209500,-659570000,113770000,773340000,887110000,4787222.2,35515555.6,0.1,11258.3,0,0,,-700,-2240000,3.2,"2022-12-12T11:15:00.000Z",1670843700000,3.2,3.2,3.2,0,100,0,,0.1,,Infinity,700,700,280500,,2240000,,2240000,
1494.4,-210400,-662450000,113770000,776220000,889990000,4787222.2,35515555.6,0.1,11258.3,0,0,,-900,-2880000,3.2,"2022-12-12T11:20:00.000Z",1670844000000,3.2,3.2,3.2,0,100,0,,0.1,,Infinity,900,900,281400,,2880000,,2880000,
1494.4,-212900,-670450000,113770000,784220000,897990000,4787222.2,35515555.6,0.3,11258.3,0,0,,-2500,-8000000,3.2,"2022-12-12T13:00:00.000Z",1670850000000,3.2,3.2,3.2,0,100,0,,0.2,,Infinity,2500,2500,283900,,8000000,,8000000,
1494.4,-214100,-674290000,113770000,788060000,901830000,4787222.2,35515555.6,0.1,11258.3,0,0,,-1200,-3840000,3.2,"2022-12-12T13:10:00.000Z",1670850600000,3.2,3.2,3.2,0,100,0,,0.1,,Infinity,1200,1200,285100,,3840000,,3840000,
1494.4,-220900,-696050000,113770000,809820000,923590000,4787222.2,35515555.6,0.7,11258.3,0,0,,-6800,-21760000,3.2,"2022-12-12T13:15:00.000Z",1670850900000,3.2,3.2,3.2,0,100,0,,0.6,,Infinity,6800,6800,291900,,21760000,,21760000,
1494.4,-257300,-812530000,113770000,926300000,1040070000,4787222.2,35515555.6,3.8,11258.3,0,0,,-36400,-116480000,3.2,"2022-12-12T13:20:00.000Z",1670851200000,3.2,3.2,3.2,0,100,0,,3.2,,Infinity,36400,36400,328300,,116480000,,116480000,
1494.4,-258900,-817650000,113770000,931420000,1045190000,4787222.2,35515555.6,0.2,11258.3,0,0,,-1600,-5120000,3.2,"2022-12-12T13:25:00.000Z",1670851500000,3.2,3.2,3.2,0,100,0,,0.1,,Infinity,1600,1600,329900,,5120000,,5120000,
1494.4,-260900,-824050000,113770000,937820000,1051590000,4787222.2,35515555.6,0.2,11258.3,0,0,,-2000,-6400000,3.2,"2022-12-12T13:30:00.000Z",1670851800000,3.2,3.2,3.2,0,100,0,,0.2,,Infinity,2000,2000,331900,,6400000,,6400000,
1494.4,-270900,-856050000,113770000,969820000,1083590000,4787222.2,35515555.6,1,11258.3,0,0,,-10000,-32000000,3.2,"2022-12-12T13:35:00.000Z",1670852100000,3.2,3.2,3.2,0,100,0,,0.9,,Infinity,10000,10000,341900,,32000000,,32000000,
1494.4,-292300,-924520000,114100000,1038620000,1152720000,4787222.2,35515555.6,2.2,11258.3,0,0,100,-21400,-68470000,3.2,"2022-12-12T13:40:00.000Z",1670852400000,3.3,3.2,3.3,0.5,99.5,0,0.1,1.9,,215,21500,21600,363500,,69130000,330000,68800000,
1494.4,-286800,-906920000,131700000,1038620000,1170320000,4787222.2,35515555.6,-0.6,11258.3,0,Infinity,5500,5500,17600000,3.2,"2022-12-12T13:50:00.000Z",1670853000000,3.2,3.2,3.2,100,0,0,3.7,,,0,,5500,369000,,17600000,17600000,,
1494.4,-286400,-905640000,132980000,1038620000,1171600000,4787222.2,35515555.6,0,11258.3,0,Infinity,400,400,1280000,3.2,"2022-12-12T14:00:00.000Z",1670853600000,3.2,3.2,3.2,100,0,0,0.3,,,0,,400,369400,,1280000,1280000,,
1494.4,-319800,-1009160000,133620000,1142780000,1276400000,4787222.2,35515555.6,3.4,11258.3,0,0,200,-33400,-103520000,3.1,"2022-12-12T14:05:00.000Z",1670853900000,3.2,3.1,3.2,0.6,99.4,0,0.1,3,,168,33600,33800,403200,,104800000,640000,104160000,
1494.4,-325100,-1025340000,141620000,1166960000,1308580000,4787222.2,35515555.6,0.5,11258.3,0,0.3,2500,-5300,-16180000,3.2,"2022-12-12T14:10:00.000Z",1670854200000,3.2,3.1,3.1,24.3,75.7,0,1.7,0.7,,3.1,7800,10300,413500,,32180000,8000000,24180000,
1494.4,-323100,-1018940000,148020000,1166960000,1314980000,4787222.2,35515555.6,-0.2,11258.3,0,Infinity,2000,2000,6400000,3.2,"2022-12-12T14:15:00.000Z",1670854500000,3.2,3.2,3.2,100,0,0,1.3,,,0,,2000,415500,,6400000,6400000,,
1494.4,-323200,-1019250000,148020000,1167270000,1315290000,4787222.2,35515555.6,0,11258.3,0,0,,-100,-310000,3.1,"2022-12-12T14:20:00.000Z",1670854800000,3.1,3.1,3.1,0,100,0,,0,,Infinity,100,100,415600,,310000,,310000,
1494.4,-347500,-1094580000,148020000,1242600000,1390620000,4787222.2,35515555.6,2.5,11258.3,0,0,,-24300,-75330000,3.1,"2022-12-12T14:25:00.000Z",1670855100000,3.1,3.1,3.1,0,100,0,,2.2,,Infinity,24300,24300,439900,,75330000,,75330000,
1494.4,-354000,-1114730000,148020000,1262750000,1410770000,4787222.2,35515555.6,0.7,11258.3,0,0,,-6500,-20150000,3.1,"2022-12-12T14:30:00.000Z",1670855400000,3.1,3.1,3.1,0,100,0,,0.6,,Infinity,6500,6500,446400,,20150000,,20150000,
1494.4,-356100,-1121240000,148020000,1269260000,1417280000,4787222.2,35515555.6,0.2,11258.3,0,0,,-2100,-6510000,3.1,"2022-12-12T14:40:00.000Z",1670856000000,3.1,3.1,3.1,0,100,0,,0.2,,Infinity,2100,2100,448500,,6510000,,6510000,
1494.4,-358100,-1127440000,148020000,1275460000,1423480000,4787222.2,35515555.6,0.2,11258.3,0,0,,-2000,-6200000,3.1,"2022-12-12T14:45:00.000Z",1670856300000,3.1,3.1,3.1,0,100,0,,0.2,,Infinity,2000,2000,450500,,6200000,,6200000,
1494.4,-359100,-1130540000,148020000,1278560000,1426580000,4787222.2,35515555.6,0.1,11258.3,0,0,,-1000,-3100000,3.1,"2022-12-12T14:50:00.000Z",1670856600000,3.1,3.1,3.1,0,100,0,,0.1,,Infinity,1000,1000,451500,,3100000,,3100000,
1494.4,-351500,-1106220000,172340000,1278560000,1450900000,4787222.2,35515555.6,-0.8,11258.3,0,Infinity,7600,7600,24320000,3.2,"2022-12-12T14:55:00.000Z",1670856900000,3.2,3.2,3.2,100,0,0,5.1,,,0,,7600,459100,,24320000,24320000,,
