"abu","acum_busd","acum_busd_val","acum_val","asd","auk","bs","bu","bu-sd","bu-sd_val","c","date","datetime","h","l","o","pbu","psd","puk","rbu","rsd","ruk","sb","sd","sum_vol","total_vol","uk","val","val_bu","val_sd","val_uk"
691.7,100,2080000,2080000,2008.3,16.7,Infinity,100,100,2080000,20.8,"2022-12-12T10:10:00.000Z",1670839800000,20.8,20.8,20.8,100,0,0,0.1,,,0,,100,100,,2080000,2080000,,
691.7,200,4140000,4140000,2008.3,16.7,Infinity,100,100,2060000,20.6,"2022-12-12T11:15:00.000Z",1670843700000,20.6,20.6,20.6,100,0,0,0.1,,,0,,100,200,,2060000,2060000,,
691.7,-100,-1860000,10140000,2008.3,16.7,0,,-300,-6000000,20,"2022-12-12T11:20:00.000Z",1670844000000,20,20,20,0,100,0,,0.1,,Infinity,300,300,500,,6000000,,6000000,
691.7,-1600,-32160000,40440000,2008.3,16.7,0,,-1500,-30300000,20.2,"2022-12-12T13:00:00.000Z",1670850000000,20.2,20.2,20.2,0,100,0,,0.7,,Infinity,1500,1500,2000,,30300000,,30300000,
691.7,-4400,-89840000,98120000,2008.3,16.7,0,,-2800,-57680000.00000001,20.6,"2022-12-12T13:05:00.000Z",1670850300000,20.6,20.6,20.6,0,100,0,,1.4,,Infinity,2800,2800,4800,,57680000.00000001,,57680000.00000001,
691.7,-4400,-89840000,102240000,2008.3,16.7,NaN,,0,0,20.6,"2022-12-12T13:15:00.000Z",1670850900000,20.6,20.6,20.6,0,0,100,,,12,NaN,,200,5000,200,4120000,,,4120000
691.7,-5900,-120490000,132890000,2008.3,16.7,0,,-1500,-30650000,20.5,"2022-12-12T13:50:00.000Z",1670853000000,20.5,20.3,20.3,0,100,0,,0.7,,Infinity,1500,1500,6500,,30650000,,30650000,
691.7,-4900,-99890000,153490000,2008.3,16.7,Infinity,1000,1000,20600000,20.6,"2022-12-12T13:55:00.000Z",1670853300000,20.6,20.6,20.6,100,0,0,1.4,,,0,,1000,7500,,20600000,20600000,,
691.7,-4500,-91650000,161730000,2008.3,16.7,Infinity,400,400,8240000,20.6,"2022-12-12T14:00:00.000Z",1670853600000,20.6,20.6,20.6,100,0,0,0.6,,,0,,400,7900,,8240000,8240000,,
691.7,-22500,-457050000,527130000,2008.3,16.7,0,,-18000,-365400000,20.3,"2022-12-12T14:05:00.000Z",1670853900000,20.3,20.3,20.3,0,100,0,,9,,Infinity,18000,18000,25900,,365400000,,365400000,
691.7,-17600,-357580000,626600000,2008.3,16.7,Infinity,4900,4900,99470000,20.3,"2022-12-12T14:15:00.000Z",1670854500000,20.3,20.3,20.3,100,0,0,7.1,,,0,,4900,30800,,99470000,99470000,,
691.7,-15800,-321040000,663140000,2008.3,16.7,Infinity,1800,1800,36540000,20.3,"2022-12-12T14:45:00.000Z",1670856300000,20.3,20.3,20.3,100,0,0,2.6,,,0,,1800,32600,,36540000,36540000,,