"abu","acum_busd","acum_busd_val","acum_val","asd","auk","bs","bu","bu-sd","bu-sd_val","c","date","datetime","h","l","o","pbu","psd","puk","rbu","rsd","ruk","sb","sd","sum_vol","total_vol","uk","val","val_bu","val_sd","val_uk"
836.4,200,3379999.9999999995,3379999.9999999995,640,100,Infinity,200,200,3379999.9999999995,16.9,"2022-12-12T09:14:00.000Z",1670836440000,16.9,16.9,16.9,100,0,0,0.2,,,0,,200,200,,3379999.9999999995,3379999.9999999995,,
836.4,-400,-6760000,13520000,640,100,0,,-600,-10140000,16.9,"2022-12-12T09:18:00.000Z",1670836680000,16.9,16.9,16.9,0,100,0,,0.9,,Infinity,600,600,800,,10140000,,10140000,
836.4,-2800,-46670000,53430000,640,100,0,,-2400,-39910000,16.55,"2022-12-12T09:20:00.000Z",1670836800000,16.9,16.55,16.9,0,100,0,,3.8,,Infinity,2400,2400,2900,,39910000,,39910000,
836.4,-4400,-73090000,79850000,640,100,0,,-1600,-26420000,16.4,"2022-12-12T09:22:00.000Z",1670836920000,16.55,16.4,16.55,0,100,0,,2.5,,Infinity,1600,1600,4800,,26420000,,26420000,
836.4,-4600,-76410000,83170000,640,100,0,,-200,-3320000.0000000005,16.6,"2022-12-12T09:36:00.000Z",1670837760000,16.6,16.6,16.6,0,100,0,,0.3,,Infinity,200,200,5000,,3320000.0000000005,,3320000.0000000005,
836.4,-5900,-97990000,104750000,640,100,0,,-1300,-21580000,16.6,"2022-12-12T09:38:00.000Z",1670837880000,16.6,16.6,16.6,0,100,0,,2,,Infinity,1300,1300,6300,,21580000,,21580000,
836.4,-6100,-101310000,108070000,640,100,0,,-200,-3320000.0000000005,16.6,"2022-12-12T09:44:00.000Z",1670838240000,16.6,16.6,16.6,0,100,0,,0.3,,Infinity,200,200,6500,,3320000.0000000005,,3320000.0000000005,
836.4,-5100,-84410000,124970000,640,100,Infinity,1000,1000,16900000,16.9,"2022-12-12T09:48:00.000Z",1670838480000,16.9,16.9,16.9,100,0,0,1.2,,,0,,1000,7500,,16900000,16900000,,
836.4,-5000,-82645000,160475000,640,100,1.1,1100,100,1765000,16.6,"2022-12-12T09:50:00.000Z",1670838600000,16.95,16.6,16.9,52.4,47.6,0,1.3,1.6,,0.9,1000,2100,9600,,35505000,18635000,16870000,
836.4,-3900,-64000000,179120000,640,100,Infinity,1100,1100,18645000,16.95,"2022-12-12T09:52:00.000Z",1670838720000,16.95,16.95,16.95,100,0,0,1.3,,,0,,1100,10700,,18645000,18645000,,
836.4,-2800,-45355000,197765000,640,100,Infinity,1100,1100,18645000,16.95,"2022-12-12T09:54:00.000Z",1670838840000,16.95,16.95,16.95,100,0,0,1.3,,,0,,1100,11800,,18645000,18645000,,
836.4,-2700,-43665000,207905000,640,100,Infinity,100,100,1689999.9999999998,16.9,"2022-12-12T09:56:00.000Z",1670838960000,16.9,16.9,16.9,16.7,0,83.3,0.1,,5,0,,600,12400,500,10140000,1689999.9999999998,,8450000
836.4,-3200,-52115000,223115000,640,100,0.3,200,-500,-8449999.999999998,16.9,"2022-12-12T09:58:00.000Z",1670839080000,16.9,16.9,16.9,22.2,77.8,0,0.2,1.1,,3.5,700,900,13300,,15209999.999999998,3379999.9999999995,11829999.999999998,
836.4,-700,-9740000,265490000,640,100,Infinity,2500,2500,42375000,16.95,"2022-12-12T10:00:00.000Z",1670839200000,16.95,16.95,16.95,100,0,0,3,,,0,,2500,15800,,42375000,42375000,,
836.4,-700,-9720000,268850000,640,100,1,100,0,19999.999999999767,16.9,"2022-12-12T10:04:00.000Z",1670839440000,16.9,16.7,16.7,50,50,0,0.1,0.2,,1,100,200,16000,,3360000,1689999.9999999998,1670000,
836.4,-600,-8030000,270540000,640,100,Infinity,100,100,1689999.9999999998,16.9,"2022-12-12T10:06:00.000Z",1670839560000,16.9,16.9,16.9,100,0,0,0.1,,,0,,100,16100,,1689999.9999999998,1689999.9999999998,,
836.4,11400,195835000,474405000,640,100,Infinity,12000,12000,203865000,17,"2022-12-12T10:08:00.000Z",1670839680000,17,16.95,16.95,100,0,0,14.3,,,0,,12000,28100,,203865000,203865000,,
836.4,14200,243535000,522105000,640,100,Infinity,2800,2800,47700000,17.05,"2022-12-12T10:10:00.000Z",1670839800000,17.05,17,17,100,0,0,3.3,,,0,,2800,30900,,47700000,47700000,,
836.4,13700,235010000,530630000,640,100,0,,-500,-8525000,17.05,"2022-12-12T10:12:00.000Z",1670839920000,17.05,17.05,17.05,0,100,0,,0.8,,Infinity,500,500,31400,,8525000,,8525000,
836.4,15100,258950000,554570000,640,100,Infinity,1400,1400,23940000,17.1,"2022-12-12T10:14:00.000Z",1670840040000,17.1,17.1,17.1,100,0,0,1.7,,,0,,1400,32800,,23940000,23940000,,
836.4,15000,257240000,556280000,640,100,0,,-100,-1710000.0000000002,17.1,"2022-12-12T10:16:00.000Z",1670840160000,17.1,17.1,17.1,0,100,0,,0.2,,Infinity,100,100,32900,,1710000.0000000002,,1710000.0000000002,
836.4,14500,248690000,564830000,640,100,0,,-500,-8550000,17.1,"2022-12-12T10:18:00.000Z",1670840280000,17.1,17.1,17.1,0,100,0,,0.8,,Infinity,500,500,33400,,8550000,,8550000,
836.4,14400,246990000,566530000,640,100,0,,-100,-1700000,17,"2022-12-12T10:20:00.000Z",1670840400000,17,17,17,0,100,0,,0.2,,Infinity,100,100,33500,,1700000,,1700000,
836.4,14500,248710000,568250000,640,100,Infinity,100,100,1720000,17.2,"2022-12-12T10:30:00.000Z",1670841000000,17.2,17.2,17.2,100,0,0,0.1,,,0,,100,33600,,1720000,1720000,,
836.4,16600,284830000,604370000,640,100,Infinity,2100,2100,36120000,17.2,"2022-12-12T10:32:00.000Z",1670841120000,17.2,17.2,17.2,100,0,0,2.5,,,0,,2100,35700,,36120000,36120000,,
836.4,17600,302130000,621670000,640,100,Infinity,1000,1000,17300000,17.3,"2022-12-12T10:34:00.000Z",1670841240000,17.3,17.3,17.3,100,0,0,1.2,,,0,,1000,36700,,17300000,17300000,,
836.4,19300,331540000,661400000,640,100,6.7,2000,1700,29410000,17.3,"2022-12-12T10:36:00.000Z",1670841360000,17.3,17.2,17.2,87,13,0,2.4,0.5,,0.2,300,2300,39000,,39730000,34570000,5160000,
836.4,22900,393820000,723680000,640,100,Infinity,3600,3600,62280000,17.3,"2022-12-12T10:38:00.000Z",1670841480000,17.3,17.3,17.3,100,0,0,4.3,,,0,,3600,42600,,62280000,62280000,,
836.4,23200,399010000,728870000,640,100,Infinity,300,300,5190000,17.3,"2022-12-12T10:42:00.000Z",1670841720000,17.3,17.3,17.3,100,0,0,0.4,,,0,,300,42900,,5190000,5190000,,
836.4,22900,393865000,734015000,640,100,0,,-300,-5145000,17.15,"2022-12-12T10:48:00.000Z",1670842080000,17.15,17.15,17.15,0,100,0,,0.5,,Infinity,300,300,43200,,5145000,,5145000,
836.4,22800,392155000,735725000,640,100,0,,-100,-1710000.0000000002,17.1,"2022-12-12T10:50:00.000Z",1670842200000,17.1,17.1,17.1,0,100,0,,0.2,,Infinity,100,100,43300,,1710000.0000000002,,1710000.0000000002,
836.4,26000,447035000,790605000,640,100,Infinity,3200,3200,54879999.99999999,17.15,"2022-12-12T10:54:00.000Z",1670842440000,17.15,17.15,17.15,100,0,0,3.8,,,0,,3200,46500,,54879999.99999999,54879999.99999999,,
836.4,25000,429920000,807720000,640,100,0,,-1000,-17115000,17.1,"2022-12-12T11:04:00.000Z",1670843040000,17.15,17.1,17.15,0,100,0,,1.6,,Infinity,1000,1000,47500,,17115000,,17115000,
836.4,24900,428210000,809430000,640,100,0,,-100,-1710000.0000000002,17.1,"2022-12-12T11:06:00.000Z",1670843160000,17.1,17.1,17.1,0,100,0,,0.2,,Infinity,100,100,47600,,1710000.0000000002,,1710000.0000000002,
836.4,24700,424790000,812850000,640,100,0,,-200,-3420000.0000000005,17.1,"2022-12-12T11:12:00.000Z",1670843520000,17.1,17.1,17.1,0,100,0,,0.3,,Infinity,200,200,47800,,3420000.0000000005,,3420000.0000000005,
836.4,28400,488615000,880085000,640,100,38,3800,3700,63825000,17.25,"2022-12-12T11:20:00.000Z",1670844000000,17.25,17.05,17.05,97.4,2.6,0,4.5,0.2,,0,100,3900,51700,,67235000,65530000,1705000,
836.4,22200,383210000,985490000,640,100,0,,-6200,-105405000,17,"2022-12-12T13:02:00.000Z",1670850120000,17.05,17,17.05,0,100,0,,9.7,,Infinity,6200,6200,57900,,105405000,,105405000,
836.4,22200,383210000,1070490000,640,100,NaN,,0,0,17,"2022-12-12T13:04:00.000Z",1670850240000,17,17,17,0,0,100,,,50,NaN,,5000,62900,5000,85000000,,,85000000
836.4,22100,381540000,1072160000,640,100,0,,-100,-1670000,16.7,"2022-12-12T13:06:00.000Z",1670850360000,16.7,16.7,16.7,0,100,0,,0.2,,Infinity,100,100,63000,,1670000,,1670000,
836.4,20100,348080000,1105620000,640,100,0,,-2000,-33460000,16.65,"2022-12-12T13:16:00.000Z",1670850960000,16.8,16.65,16.8,0,100,0,,3.1,,Infinity,2000,2000,65000,,33460000,,33460000,
836.4,18100,314795000,1138905000,640,100,0,,-2000,-33285000,16.6,"2022-12-12T13:18:00.000Z",1670851080000,16.7,16.6,16.7,0,100,0,,3.1,,Infinity,2000,2000,67000,,33285000,,33285000,
836.4,18000,313135000,1140565000,640,100,0,,-100,-1660000.0000000002,16.6,"2022-12-12T13:20:00.000Z",1670851200000,16.6,16.6,16.6,0,100,0,,0.2,,Infinity,100,100,67100,,1660000.0000000002,,1660000.0000000002,
836.4,17900,311470000,1142230000,640,100,0,,-100,-1664999.9999999998,16.65,"2022-12-12T13:36:00.000Z",1670852160000,16.65,16.65,16.65,0,100,0,,0.2,,Infinity,100,100,67200,,1664999.9999999998,,1664999.9999999998,
836.4,17700,308135000,1145565000,640,100,0,,-200,-3335000,16.65,"2022-12-12T13:50:00.000Z",1670853000000,16.7,16.65,16.7,0,100,0,,0.3,,Infinity,200,200,67400,,3335000,,3335000,
836.4,18100,314935000,1152365000,640,100,Infinity,400,400,6800000,17,"2022-12-12T13:56:00.000Z",1670853360000,17,17,17,100,0,0,0.5,,,0,,400,67800,,6800000,6800000,,
836.4,14600,256710000,1210590000,640,100,0,,-3500,-58225000,16.6,"2022-12-12T14:04:00.000Z",1670853840000,16.7,16.6,16.7,0,100,0,,5.5,,Infinity,3500,3500,71300,,58225000,,58225000,
836.4,13000,230150000,1237150000,640,100,0,,-1600,-26560000.000000004,16.6,"2022-12-12T14:06:00.000Z",1670853960000,16.6,16.6,16.6,0,100,0,,2.5,,Infinity,1600,1600,72900,,26560000.000000004,,26560000.000000004,
836.4,11000,196950000,1270350000,640,100,0,,-2000,-33200000,16.6,"2022-12-12T14:10:00.000Z",1670854200000,16.6,16.6,16.6,0,100,0,,3.1,,Infinity,2000,2000,74900,,33200000,,33200000,
836.4,9700,175370000,1291930000,640,100,0,,-1300,-21580000,16.6,"2022-12-12T14:16:00.000Z",1670854560000,16.6,16.6,16.6,0,100,0,,2,,Infinity,1300,1300,76200,,21580000,,21580000,
836.4,6600,123910000,1343390000,640,100,0,,-3100,-51460000.00000001,16.6,"2022-12-12T14:20:00.000Z",1670854800000,16.6,16.6,16.6,0,100,0,,4.8,,Infinity,3100,3100,79300,,51460000.00000001,,51460000.00000001,
836.4,6500,122250000,1345050000,640,100,0,,-100,-1660000.0000000002,16.6,"2022-12-12T14:22:00.000Z",1670854920000,16.6,16.6,16.6,0,100,0,,0.2,,Infinity,100,100,79400,,1660000.0000000002,,1660000.0000000002,
836.4,6400,120595000,1346705000,640,100,0,,-100,-1655000,16.55,"2022-12-12T14:24:00.000Z",1670855040000,16.55,16.55,16.55,0,100,0,,0.2,,Infinity,100,100,79500,,1655000,,1655000,
836.4,5000,97425000,1369875000,640,100,0,,-1400,-23170000,16.55,"2022-12-12T14:26:00.000Z",1670855160000,16.55,16.55,16.55,0,100,0,,2.2,,Infinity,1400,1400,80900,,23170000,,23170000,
836.4,8800,160395000,1432845000,640,100,Infinity,3800,3800,62970000,16.95,"2022-12-12T14:28:00.000Z",1670855280000,16.95,16.55,16.55,100,0,0,4.5,,,0,,3800,84700,,62970000,62970000,,
836.4,10800,193495000,1465945000,640,100,Infinity,2000,2000,33100000,16.55,"2022-12-12T14:44:00.000Z",1670856240000,16.55,16.55,16.55,100,0,0,2.4,,,0,,2000,86700,,33100000,33100000,,
