"abu","acum_busd","acum_busd_val","acum_val_bu","acum_val_sd","acum_val","avg_val_bu","avg_val_sd","rbusd","asd","auk","bs","bu","bu-sd","bu-sd_val","c","date","datetime","h","l","o","pbu","psd","puk","rbu","rsd","ruk","sb","sd","sum_vol","total_vol","uk","val","val_bu","val_sd","val_uk"
837,0,0,0,0,1010000,8610869.6,7092826.1,0,697.8,37,NaN,,0,0,10.1,"2022-12-14T09:00:00.000Z",1671008400000,10.1,10.1,10.1,0,0,100,,,2.7,NaN,,100,100,100,1010000,,,1010000
837,2200,22660000,22660000,0,23670000,8610869.6,7092826.1,14.9,697.8,37,Infinity,2200,2200,22660000,10.3,"2022-12-14T09:16:00.000Z",1671009360000,10.3,10.3,10.3,100,0,0,2.6,,,0,,2200,2300,,22660000,22660000,,
837,2700,27810000,27810000,0,28820000,8610869.6,7092826.1,3.4,697.8,37,Infinity,500,500,5150000,10.3,"2022-12-14T09:18:00.000Z",1671009480000,10.3,10.3,10.3,100,0,0,0.6,,,0,,500,2800,,5150000,5150000,,
837,2800,28840000,28840000,0,29850000,8610869.6,7092826.1,0.7,697.8,37,Infinity,100,100,1030000,10.3,"2022-12-14T09:24:00.000Z",1671009840000,10.3,10.3,10.3,100,0,0,0.1,,,0,,100,2900,,1030000,1030000,,
837,3800,39140000,39140000,0,40150000,8610869.6,7092826.1,6.8,697.8,37,Infinity,1000,1000,10300000,10.3,"2022-12-14T09:28:00.000Z",1671010080000,10.3,10.3,10.3,100,0,0,1.2,,,0,,1000,3900,,10300000,10300000,,
837,4200,43260000,43260000,0,44270000,8610869.6,7092826.1,2.7,697.8,37,Infinity,400,400,4120000,10.3,"2022-12-14T09:40:00.000Z",1671010800000,10.3,10.3,10.3,100,0,0,0.5,,,0,,400,4300,,4120000,4120000,,
837,3600,37140000,43260000,6120000,50390000,8610869.6,7092826.1,4,697.8,37,0,,-600,-6120000,10.2,"2022-12-14T09:58:00.000Z",1671011880000,10.2,10.2,10.2,0,100,0,,0.9,,Infinity,600,600,4900,,6120000,,6120000,
837,3500,36120000,43260000,7140000,51410000,8610869.6,7092826.1,0.7,697.8,37,0,,-100,-1019999.9999999999,10.2,"2022-12-14T10:02:00.000Z",1671012120000,10.2,10.2,10.2,0,100,0,,0.1,,Infinity,100,100,5000,,1019999.9999999999,,1019999.9999999999,
837,2000,20970000,43260000,22290000,66560000,8610869.6,7092826.1,10,697.8,37,0,,-1500,-15150000,10.1,"2022-12-14T10:06:00.000Z",1671012360000,10.1,10.1,10.1,0,100,0,,2.1,,Infinity,1500,1500,6500,,15150000,,15150000,
837,2500,26020000,48310000,22290000,71610000,8610869.6,7092826.1,3.3,697.8,37,Infinity,500,500,5050000,10.1,"2022-12-14T10:18:00.000Z",1671013080000,10.1,10.1,10.1,100,0,0,0.6,,,0,,500,7000,,5050000,5050000,,
837,2400,25000000,60550000,35550000,97110000,8610869.6,7092826.1,0.7,697.8,37,0.9,1200,-100,-1019999.9999999981,10.2,"2022-12-14T10:20:00.000Z",1671013200000,10.2,10.2,10.2,48,52,0,1.4,1.9,,1.1,1300,2500,9500,,25500000,12240000,13259999.999999998,
837,2100,21940000,60550000,38610000,100170000,8610869.6,7092826.1,2,697.8,37,0,,-300,-3059999.9999999995,10.2,"2022-12-14T10:26:00.000Z",1671013560000,10.2,10.2,10.2,0,100,0,,0.4,,Infinity,300,300,9800,,3059999.9999999995,,3059999.9999999995,
837,1200,12760000,60550000,47790000,109350000,8610869.6,7092826.1,6,697.8,37,0,,-900,-9180000,10.2,"2022-12-14T10:28:00.000Z",1671013680000,10.2,10.2,10.2,0,100,0,,1.3,,Infinity,900,900,10700,,9180000,,9180000,
837,-5000,-51100000.00000001,60550000,111650000,173210000,8610869.6,7092826.1,42.1,697.8,37,0,,-6200,-63860000.00000001,10.3,"2022-12-14T10:30:00.000Z",1671013800000,10.3,10.3,10.3,0,100,0,,8.9,,Infinity,6200,6200,16900,,63860000.00000001,,63860000.00000001,
837,-5100,-52130000.00000001,60550000,112680000,174240000,8610869.6,7092826.1,0.7,697.8,37,0,,-100,-1030000,10.3,"2022-12-14T10:32:00.000Z",1671013920000,10.3,10.3,10.3,0,100,0,,0.1,,Infinity,100,100,17000,,1030000,,1030000,
837,-4600,-46980000.00000001,65700000,112680000,179390000,8610869.6,7092826.1,3.4,697.8,37,Infinity,500,500,5150000,10.3,"2022-12-14T11:08:00.000Z",1671016080000,10.3,10.3,10.3,100,0,0,0.6,,,0,,500,17500,,5150000,5150000,,
837,3400,36219999.99999999,148900000,112680000,262590000,8610869.6,7092826.1,54.8,697.8,37,Infinity,8000,8000,83200000,10.4,"2022-12-14T11:14:00.000Z",1671016440000,10.4,10.4,10.4,100,0,0,9.6,,,0,,8000,25500,,83200000,83200000,,
837,4400,46619999.99999999,164500000,117880000,283390000,8610869.6,7092826.1,6.9,697.8,37,3,1500,1000,10400000,10.4,"2022-12-14T11:16:00.000Z",1671016560000,10.4,10.4,10.4,75,25,0,1.8,0.7,,0.3,500,2000,27500,,20800000,15600000,5200000,
837,9500,98640000,216520000,117880000,335410000,8610869.6,7092826.1,34.3,697.8,37,Infinity,5100,5100,52020000,10.2,"2022-12-14T11:26:00.000Z",1671017160000,10.2,10.2,10.2,100,0,0,6.1,,,0,,5100,32600,,52020000,52020000,,
837,6900,72380000,216520000,144140000,361670000,8610869.6,7092826.1,17.3,697.8,37,0,,-2600,-26260000,10.1,"2022-12-14T11:28:00.000Z",1671017280000,10.1,10.1,10.1,0,100,0,,3.7,,Infinity,2600,2600,35200,,26260000,,26260000,
837,3900,42080000,231670000,189590000,422270000,8610869.6,7092826.1,20,697.8,37,0.3,1500,-3000,-30300000,10.1,"2022-12-14T13:00:00.000Z",1671022800000,10.1,10.1,10.1,25,75,0,1.8,6.4,,3,4500,6000,41200,,60600000,15150000,45450000,
837,4000,43090000,232680000,189590000,423280000,8610869.6,7092826.1,0.7,697.8,37,Infinity,100,100,1010000,10.1,"2022-12-14T13:02:00.000Z",1671022920000,10.1,10.1,10.1,100,0,0,0.1,,,0,,100,41300,,1010000,1010000,,
837,4000,43090000,232680000,189590000,433380000,8610869.6,7092826.1,0,697.8,37,NaN,,0,0,10.1,"2022-12-14T13:06:00.000Z",1671023160000,10.1,10.1,10.1,0,0,100,,,27,NaN,,1000,42300,1000,10100000,,,10100000
837,4200,45110000,234700000,189590000,435400000,8610869.6,7092826.1,1.3,697.8,37,Infinity,200,200,2020000,10.1,"2022-12-14T13:08:00.000Z",1671023280000,10.1,10.1,10.1,100,0,0,0.2,,,0,,200,42500,,2020000,2020000,,
837,4900,52320000,241910000,189590000,442610000,8610869.6,7092826.1,4.7,697.8,37,Infinity,700,700,7210000.000000001,10.3,"2022-12-14T13:12:00.000Z",1671023520000,10.3,10.3,10.3,100,0,0,0.8,,,0,,700,43200,,7210000.000000001,7210000.000000001,,
837,4000,43140000,241910000,198770000,451790000,8610869.6,7092826.1,6,697.8,37,0,,-900,-9180000,10.2,"2022-12-14T13:28:00.000Z",1671024480000,10.2,10.2,10.2,0,100,0,,1.3,,Infinity,900,900,44100,,9180000,,9180000,
837,3900,42120000,241910000,199790000,452810000,8610869.6,7092826.1,0.7,697.8,37,0,,-100,-1019999.9999999999,10.2,"2022-12-14T13:30:00.000Z",1671024600000,10.2,10.2,10.2,0,100,0,,0.1,,Infinity,100,100,44200,,1019999.9999999999,,1019999.9999999999,
837,4400,47220000,247010000,199790000,457910000,8610869.6,7092826.1,3.4,697.8,37,Infinity,500,500,5100000,10.2,"2022-12-14T13:32:00.000Z",1671024720000,10.2,10.2,10.2,100,0,0,0.6,,,0,,500,44700,,5100000,5100000,,
837,4600,49260000,249050000,199790000,459950000,8610869.6,7092826.1,1.3,697.8,37,Infinity,200,200,2039999.9999999998,10.2,"2022-12-14T13:34:00.000Z",1671024840000,10.2,10.2,10.2,100,0,0,0.2,,,0,,200,44900,,2039999.9999999998,2039999.9999999998,,
837,4300,46230000,249050000,202820000,462980000,8610869.6,7092826.1,2,697.8,37,0,,-300,-3030000,10.1,"2022-12-14T13:40:00.000Z",1671025200000,10.1,10.1,10.1,0,100,0,,0.4,,Infinity,300,300,45200,,3030000,,3030000,
837,-5700,-54770000,249050000,303820000,563980000,8610869.6,7092826.1,66.5,697.8,37,0,,-10000,-101000000,10.1,"2022-12-14T13:48:00.000Z",1671025680000,10.1,10.1,10.1,0,100,0,,14.3,,Infinity,10000,10000,55200,,101000000,,101000000,
837,-6200,-59820000,249050000,308870000,569030000,8610869.6,7092826.1,3.3,697.8,37,0,,-500,-5050000,10.1,"2022-12-14T13:54:00.000Z",1671026040000,10.1,10.1,10.1,0,100,0,,0.7,,Infinity,500,500,55700,,5050000,,5050000,
837,-6400,-61840000,249050000,310890000,571050000,8610869.6,7092826.1,1.3,697.8,37,0,,-200,-2020000,10.1,"2022-12-14T13:56:00.000Z",1671026160000,10.1,10.1,10.1,0,100,0,,0.3,,Infinity,200,200,55900,,2020000,,2020000,
837,-6700,-64870000,249050000,313920000,574080000,8610869.6,7092826.1,2,697.8,37,0,,-300,-3030000,10.1,"2022-12-14T14:02:00.000Z",1671026520000,10.1,10.1,10.1,0,100,0,,0.4,,Infinity,300,300,56200,,3030000,,3030000,
837,-6700,-64870000,249050000,313920000,580140000,8610869.6,7092826.1,0,697.8,37,NaN,,0,0,10.1,"2022-12-14T14:08:00.000Z",1671026880000,10.1,10.1,10.1,0,0,100,,,16.2,NaN,,600,56800,600,6060000,,,6060000
837,2200,26800000,340720000,313920000,671810000,8610869.6,7092826.1,60.4,697.8,37,Infinity,8900,8900,91670000,10.3,"2022-12-14T14:10:00.000Z",1671027000000,10.3,10.3,10.3,100,0,0,10.6,,,0,,8900,65700,,91670000,91670000,,
837,1100,15470000,340720000,325250000,683140000,8610869.6,7092826.1,7.5,697.8,37,0,,-1100,-11330000,10.3,"2022-12-14T14:12:00.000Z",1671027120000,10.3,10.3,10.3,0,100,0,,1.6,,Infinity,1100,1100,66800,,11330000,,11330000,
837,1500,19590000,344840000,325250000,687260000,8610869.6,7092826.1,2.7,697.8,37,Infinity,400,400,4120000,10.3,"2022-12-14T14:20:00.000Z",1671027600000,10.3,10.3,10.3,100,0,0,0.5,,,0,,400,67200,,4120000,4120000,,
837,1900,23710000,348960000,325250000,691380000,8610869.6,7092826.1,2.7,697.8,37,Infinity,400,400,4120000,10.3,"2022-12-14T14:22:00.000Z",1671027720000,10.3,10.3,10.3,100,0,0,0.5,,,0,,400,67600,,4120000,4120000,,
837,2900,34010000,359260000,325250000,701680000,8610869.6,7092826.1,6.8,697.8,37,Infinity,1000,1000,10300000,10.3,"2022-12-14T14:28:00.000Z",1671028080000,10.3,10.3,10.3,100,0,0,1.2,,,0,,1000,68600,,10300000,10300000,,
837,3400,39110000,364360000,325250000,706780000,8610869.6,7092826.1,3.4,697.8,37,Infinity,500,500,5100000,10.2,"2022-12-14T14:30:00.000Z",1671028200000,10.2,10.2,10.2,100,0,0,0.6,,,0,,500,69100,,5100000,5100000,,
837,3300,38090000,364360000,326270000,707800000,8610869.6,7092826.1,0.7,697.8,37,0,,-100,-1019999.9999999999,10.2,"2022-12-14T14:36:00.000Z",1671028560000,10.2,10.2,10.2,0,100,0,,0.1,,Infinity,100,100,69200,,1019999.9999999999,,1019999.9999999999,
837,4300,48290000,374560000,326270000,718000000,8610869.6,7092826.1,6.7,697.8,37,Infinity,1000,1000,10200000,10.2,"2022-12-14T14:46:00.000Z",1671029160000,10.2,10.2,10.2,100,0,0,1.2,,,0,,1000,70200,,10200000,10200000,,
837,5200,57470000,383740000,326270000,727180000,8610869.6,7092826.1,6,697.8,37,Infinity,900,900,9180000,10.2,"2022-12-14T14:48:00.000Z",1671029280000,10.2,10.2,10.2,100,0,0,1.1,,,0,,900,71100,,9180000,9180000,,
837,6200,67770000,394040000,326270000,737480000,8610869.6,7092826.1,6.8,697.8,37,Infinity,1000,1000,10300000,10.3,"2022-12-14T14:50:00.000Z",1671029400000,10.3,10.3,10.3,100,0,0,1.2,,,0,,1000,72100,,10300000,10300000,,
837,6400,69830000,396100000,326270000,739540000,8610869.6,7092826.1,1.4,697.8,37,Infinity,200,200,2060000,10.3,"2022-12-14T14:52:00.000Z",1671029520000,10.3,10.3,10.3,100,0,0,0.2,,,0,,200,72300,,2060000,2060000,,
