"abu","acum_busd","acum_busd_val","acum_val_bu","acum_val_sd","acum_val","avg_val_bu","avg_val_sd","rbusd","asd","auk","bs","bu","bu-sd","bu-sd_val","c","date","datetime","h","l","o","pbu","psd","puk","rbu","rsd","ruk","sb","sd","sum_vol","total_vol","uk","val","val_bu","val_sd","val_uk"
134.6,500,12680000,12680000,0,12680000,2696173.1,4005576.9,9.7,165.4,826.9,Infinity,500,500,12680000,25.4,"2023-01-13T09:24:00.000Z",1673601840000,25.4,25.35,25.35,100,0,0,3.7,,,0,,500,500,,12680000,12680000,,
134.6,700,17755000,17755000,0,17755000,2696173.1,4005576.9,3.9,165.4,826.9,Infinity,200,200,5075000,25.4,"2023-01-13T09:38:00.000Z",1673602680000,25.4,25.35,25.35,100,0,0,1.5,,,0,,200,700,,5075000,5075000,,
134.6,800,20300000,20300000,0,20300000,2696173.1,4005576.9,1.9,165.4,826.9,Infinity,100,100,2545000,25.45,"2023-01-13T09:50:00.000Z",1673603400000,25.45,25.45,25.45,100,0,0,0.7,,,0,,100,800,,2545000,2545000,,
134.6,900,22860000,22860000,0,22860000,2696173.1,4005576.9,2,165.4,826.9,Infinity,100,100,2560000,25.6,"2023-01-13T10:04:00.000Z",1673604240000,25.6,25.6,25.6,100,0,0,0.7,,,0,,100,900,,2560000,2560000,,
134.6,2100,51707600,51707600,0,51707600,2696173.1,4005576.9,22,165.4,826.9,Infinity,1200,1200,28847600,26.6,"2023-01-13T10:48:00.000Z",1673606880000,26.6,25.6,25.6,100,0,0,8.9,,,0,,1200,2100,,28847600,28847600,,
134.6,1600,38957600,51707600,12750000,64457600,2696173.1,4005576.9,9.7,165.4,826.9,0,,-500,-12750000,25.5,"2023-01-13T13:12:00.000Z",1673615520000,25.5,25.5,25.5,0,100,0,,3,,Infinity,500,500,2600,,12750000,,12750000,
134.6,1100,26007600,51707600,25700000,77407600,2696173.1,4005576.9,9.9,165.4,826.9,0,,-500,-12950000,25.9,"2023-01-13T13:14:00.000Z",1673615640000,25.9,25.9,25.9,0,100,0,,3,,Infinity,500,500,3100,,12950000,,12950000,
134.6,1000,23457600,51707600,28250000,79957600,2696173.1,4005576.9,1.9,165.4,826.9,0,,-100,-2550000,25.5,"2023-01-13T13:22:00.000Z",1673616120000,25.5,25.5,25.5,0,100,0,,0.6,,Infinity,100,100,3200,,2550000,,2550000,
134.6,900,20907600,51707600,30800000,82507600,2696173.1,4005576.9,1.9,165.4,826.9,0,,-100,-2550000,25.5,"2023-01-13T13:24:00.000Z",1673616240000,25.5,25.5,25.5,0,100,0,,0.6,,Infinity,100,100,3300,,2550000,,2550000,
134.6,600,13257600,51707600,38450000,90157600,2696173.1,4005576.9,5.8,165.4,826.9,0,,-300,-7650000,25.5,"2023-01-13T13:26:00.000Z",1673616360000,25.5,25.5,25.5,0,100,0,,1.8,,Infinity,300,300,3600,,7650000,,7650000,
134.6,300,5607600,51707600,46100000,97807600,2696173.1,4005576.9,5.8,165.4,826.9,0,,-300,-7650000,25.5,"2023-01-13T13:28:00.000Z",1673616480000,25.5,25.5,25.5,0,100,0,,1.8,,Infinity,300,300,3900,,7650000,,7650000,
134.6,200,3062600,51707600,48645000,100352600,2696173.1,4005576.9,1.9,165.4,826.9,0,,-100,-2545000,25.45,"2023-01-13T13:36:00.000Z",1673616960000,25.45,25.45,25.45,0,100,0,,0.6,,Infinity,100,100,4000,,2545000,,2545000,
134.6,100,517600,51707600,51190000,102897600,2696173.1,4005576.9,1.9,165.4,826.9,0,,-100,-2545000,25.45,"2023-01-13T13:40:00.000Z",1673617200000,25.45,25.45,25.45,0,100,0,,0.6,,Infinity,100,100,4100,,2545000,,2545000,
134.6,0,-2027400,51707600,53735000,105442600,2696173.1,4005576.9,1.9,165.4,826.9,0,,-100,-2545000,25.45,"2023-01-13T13:42:00.000Z",1673617320000,25.45,25.45,25.45,0,100,0,,0.6,,Infinity,100,100,4200,,2545000,,2545000,
134.6,-100,-4572400,51707600,56280000,107987600,2696173.1,4005576.9,1.9,165.4,826.9,0,,-100,-2545000,25.45,"2023-01-13T13:44:00.000Z",1673617440000,25.45,25.45,25.45,0,100,0,,0.6,,Infinity,100,100,4300,,2545000,,2545000,
134.6,-200,-7117400,51707600,58825000,110532600,2696173.1,4005576.9,1.9,165.4,826.9,0,,-100,-2545000,25.45,"2023-01-13T13:46:00.000Z",1673617560000,25.45,25.45,25.45,0,100,0,,0.6,,Infinity,100,100,4400,,2545000,,2545000,
134.6,-300,-9662400,51707600,61370000,113077600,2696173.1,4005576.9,1.9,165.4,826.9,0,,-100,-2545000,25.45,"2023-01-13T13:48:00.000Z",1673617680000,25.45,25.45,25.45,0,100,0,,0.6,,Infinity,100,100,4500,,2545000,,2545000,
134.6,-600,-17297400,51707600,69005000,120712600,2696173.1,4005576.9,5.8,165.4,826.9,0,,-300,-7635000,25.45,"2023-01-13T13:50:00.000Z",1673617800000,25.45,25.45,25.45,0,100,0,,1.8,,Infinity,300,300,4800,,7635000,,7635000,
134.6,-800,-22377400,51707600,74085000,125792600,2696173.1,4005576.9,3.9,165.4,826.9,0,,-200,-5080000,25.4,"2023-01-13T14:00:00.000Z",1673618400000,25.4,25.4,25.4,0,100,0,,1.2,,Infinity,200,200,5000,,5080000,,5080000,
134.6,-1400,-32482400,51707600,84190000,135897600,2696173.1,4005576.9,7.7,165.4,826.9,0,,-600,-10105000,25,"2023-01-13T14:18:00.000Z",1673619480000,25.25,25,25.25,0,100,0,,3.6,,Infinity,600,600,5600,,10105000,,10105000,
134.6,-1600,-37472400,51707600,89180000,140887600,2696173.1,4005576.9,3.8,165.4,826.9,0,,-200,-4990000,24.95,"2023-01-13T14:20:00.000Z",1673619600000,24.95,24.95,24.95,0,100,0,,1.2,,Infinity,200,200,5800,,4990000,,4990000,
134.6,-2100,-49947400,51707600,101655000,153362600,2696173.1,4005576.9,9.5,165.4,826.9,0,,-500,-12475000,24.95,"2023-01-13T14:22:00.000Z",1673619720000,24.95,24.95,24.95,0,100,0,,3,,Infinity,500,500,6300,,12475000,,12475000,
134.6,-1800,-49939900,51715100,101655000,153370100,2696173.1,4005576.9,0,165.4,826.9,Infinity,300,300,7500,25,"2023-01-13T14:24:00.000Z",1673619840000,25,25,25,100,0,0,2.2,,,0,,300,6600,,7500,7500,,
134.6,-1900,-52429900,51715100,104145000,155860100,2696173.1,4005576.9,1.9,165.4,826.9,0,,-100,-2490000,24.9,"2023-01-13T14:26:00.000Z",1673619960000,24.9,24.9,24.9,0,100,0,,0.6,,Infinity,100,100,6700,,2490000,,2490000,
134.6,-800,-34044500,70100500,104145000,174245500,2696173.1,4005576.9,14,165.4,826.9,Infinity,1100,1100,18385400,26.4,"2023-01-13T14:28:00.000Z",1673620080000,26.4,26,26,100,0,0,8.2,,,0,,1100,7800,,18385400,18385400,,
134.6,-800,-34044500,70100500,104145000,759045500,2696173.1,4005576.9,0,165.4,826.9,NaN,,0,0,27.2,"2023-01-13T14:44:00.000Z",1673621040000,27.2,27.2,27.2,0,0,100,,,26,NaN,,21500,29300,21500,584800000,,,584800000
