"abu","acum_busd","acum_busd_val","acum_val","asd","auk","bs","bu","bu-sd","bu-sd_val","c","date","datetime","h","l","o","pbu","psd","puk","rbu","rsd","ruk","sb","sd","sum_vol","total_vol","uk","val","val_bu","val_sd","val_uk"
2852.7,3600,29880000,29880000,2468.9,1074.3,Infinity,3600,3600,29880000,8.3,"2023-01-13T09:00:00.000Z",1673600400000,8.3,8.3,8.3,100,0,0,1.3,,,0,,3600,3600,,29880000,29880000,,
2852.7,9300,77190000,77190000,2468.9,1074.3,Infinity,5700,5700,47310000.00000001,8.3,"2023-01-13T09:02:00.000Z",1673600520000,8.3,8.3,8.3,100,0,0,2,,,0,,5700,9300,,47310000.00000001,47310000.00000001,,
2852.7,14200,117860000,117860000,2468.9,1074.3,Infinity,4900,4900,40670000,8.3,"2023-01-13T09:04:00.000Z",1673600640000,8.3,8.3,8.3,100,0,0,1.7,,,0,,4900,14200,,40670000,40670000,,
2852.7,14200,117860000,118690000,2468.9,1074.3,NaN,,0,0,8.3,"2023-01-13T09:06:00.000Z",1673600760000,8.3,8.3,8.3,0,0,100,,,0.1,NaN,,100,14300,100,830000.0000000001,,,830000.0000000001
2852.7,19100,158530000,159360000,2468.9,1074.3,Infinity,4900,4900,40670000,8.3,"2023-01-13T09:08:00.000Z",1673600880000,8.3,8.3,8.3,100,0,0,1.7,,,0,,4900,19200,,40670000,40670000,,
2852.7,19600,162680000,163510000,2468.9,1074.3,Infinity,500,500,4150000,8.3,"2023-01-13T09:10:00.000Z",1673601000000,8.3,8.3,8.3,100,0,0,0.2,,,0,,500,19700,,4150000,4150000,,
2852.7,22600,187580000,188410000,2468.9,1074.3,Infinity,3000,3000,24900000.000000004,8.3,"2023-01-13T09:12:00.000Z",1673601120000,8.3,8.3,8.3,100,0,0,1.1,,,0,,3000,22700,,24900000.000000004,24900000.000000004,,
2852.7,25200,209160000,209990000,2468.9,1074.3,Infinity,2600,2600,21580000,8.3,"2023-01-13T09:14:00.000Z",1673601240000,8.3,8.3,8.3,100,0,0,0.9,,,0,,2600,25300,,21580000,21580000,,
2852.7,36200,301560000,302390000,2468.9,1074.3,Infinity,11000,11000,92400000,8.4,"2023-01-13T09:18:00.000Z",1673601480000,8.4,8.4,8.4,100,0,0,3.9,,,0,,11000,36300,,92400000,92400000,,
2852.7,33000,275300000,379050000,2468.9,1074.3,0.5,3000,-3200,-26260000.000000007,8.3,"2023-01-13T09:24:00.000Z",1673601840000,8.4,8.3,8.4,32.6,67.4,0,1.1,2.5,,2.1,6200,9200,45500,,76660000,25200000,51460000.00000001,
2852.7,77000,640500000,744250000,2468.9,1074.3,Infinity,44000,44000,365200000.00000006,8.3,"2023-01-13T09:26:00.000Z",1673601960000,8.3,8.3,8.3,100,0,0,15.4,,,0,,44000,89500,,365200000.00000006,365200000.00000006,,
2852.7,79000,657100000,760850000,2468.9,1074.3,Infinity,2000,2000,16600000,8.3,"2023-01-13T09:30:00.000Z",1673602200000,8.3,8.3,8.3,100,0,0,0.7,,,0,,2000,91500,,16600000,16600000,,
2852.7,78900,656280000,761670000,2468.9,1074.3,0,,-100,-819999.9999999999,8.2,"2023-01-13T09:32:00.000Z",1673602320000,8.2,8.2,8.2,0,100,0,,0,,Infinity,100,100,91600,,819999.9999999999,,819999.9999999999,
2852.7,99900,830580000,935970000,2468.9,1074.3,Infinity,21000,21000,174300000,8.3,"2023-01-13T09:34:00.000Z",1673602440000,8.3,8.3,8.3,100,0,0,7.4,,,0,,21000,112600,,174300000,174300000,,
2852.7,107600,894490000,999880000,2468.9,1074.3,Infinity,7700,7700,63910000.00000001,8.3,"2023-01-13T09:38:00.000Z",1673602680000,8.3,8.3,8.3,100,0,0,2.7,,,0,,7700,120300,,63910000.00000001,63910000.00000001,,
2852.7,108100,898640000,1004030000,2468.9,1074.3,Infinity,500,500,4150000,8.3,"2023-01-13T09:40:00.000Z",1673602800000,8.3,8.3,8.3,100,0,0,0.2,,,0,,500,120800,,4150000,4150000,,
2852.7,108900,905280000,1010670000,2468.9,1074.3,Infinity,800,800,6640000,8.3,"2023-01-13T09:42:00.000Z",1673602920000,8.3,8.3,8.3,100,0,0,0.3,,,0,,800,121600,,6640000,6640000,,
2852.7,110100,915240000,1020630000,2468.9,1074.3,Infinity,1200,1200,9960000,8.3,"2023-01-13T09:52:00.000Z",1673603520000,8.3,8.3,8.3,100,0,0,0.4,,,0,,1200,122800,,9960000,9960000,,
2852.7,110300,916900000,1022290000,2468.9,1074.3,Infinity,200,200,1660000.0000000002,8.3,"2023-01-13T09:56:00.000Z",1673603760000,8.3,8.3,8.3,100,0,0,0.1,,,0,,200,123000,,1660000.0000000002,1660000.0000000002,,
2852.7,110800,921050000,1026440000,2468.9,1074.3,Infinity,500,500,4150000.000000001,8.3,"2023-01-13T09:58:00.000Z",1673603880000,8.3,8.3,8.3,100,0,0,0.2,,,0,,500,123500,,4150000.000000001,4150000.000000001,,
2852.7,102000,848890000,1098600000,2468.9,1074.3,0,,-8800,-72160000,8.2,"2023-01-13T10:02:00.000Z",1673604120000,8.2,8.2,8.2,0,100,0,,3.6,,Infinity,8800,8800,132300,,72160000,,72160000,
2852.7,101000,840690000,1106800000,2468.9,1074.3,0,,-1000,-8200000,8.2,"2023-01-13T10:06:00.000Z",1673604360000,8.2,8.2,8.2,0,100,0,,0.4,,Infinity,1000,1000,133300,,8200000,,8200000,
2852.7,104800,872230000,1138340000,2468.9,1074.3,Infinity,3800,3800,31540000.000000004,8.3,"2023-01-13T10:12:00.000Z",1673604720000,8.3,8.3,8.3,100,0,0,1.3,,,0,,3800,137100,,31540000.000000004,31540000.000000004,,
2852.7,92800,773830000,1236740000,2468.9,1074.3,0,,-12000,-98400000,8.2,"2023-01-13T10:14:00.000Z",1673604840000,8.2,8.2,8.2,0,100,0,,4.9,,Infinity,12000,12000,149100,,98400000,,98400000,
2852.7,87800,732830000,1277740000,2468.9,1074.3,0,,-5000,-41000000,8.2,"2023-01-13T10:16:00.000Z",1673604960000,8.2,8.2,8.2,0,100,0,,2,,Infinity,5000,5000,154100,,41000000,,41000000,
2852.7,87700,732010000,1278560000,2468.9,1074.3,0,,-100,-819999.9999999999,8.2,"2023-01-13T10:18:00.000Z",1673605080000,8.2,8.2,8.2,0,100,0,,0,,Infinity,100,100,154200,,819999.9999999999,,819999.9999999999,
2852.7,87800,732840000,1279390000,2468.9,1074.3,Infinity,100,100,830000.0000000001,8.3,"2023-01-13T10:22:00.000Z",1673605320000,8.3,8.3,8.3,100,0,0,0,,,0,,100,154300,,830000.0000000001,830000.0000000001,,
2852.7,49400,414119999.99999994,1647910000,2468.9,1074.3,0.1,3000,-38400,-318720000.00000006,8.3,"2023-01-13T10:24:00.000Z",1673605440000,8.3,8.3,8.3,6.8,93.2,0,1.1,16.8,,13.8,41400,44400,198700,,368520000.00000006,24900000.000000004,343620000.00000006,
2852.7,46800,392539999.99999994,1669490000,2468.9,1074.3,0,,-2600,-21580000,8.3,"2023-01-13T10:26:00.000Z",1673605560000,8.3,8.3,8.3,0,100,0,,1.1,,Infinity,2600,2600,201300,,21580000,,21580000,
2852.7,46900,393369999.99999994,1670320000,2468.9,1074.3,Infinity,100,100,830000.0000000001,8.3,"2023-01-13T10:30:00.000Z",1673605800000,8.3,8.3,8.3,100,0,0,0,,,0,,100,201400,,830000.0000000001,830000.0000000001,,
2852.7,47200,395859999.99999994,1672810000,2468.9,1074.3,Infinity,300,300,2490000,8.3,"2023-01-13T10:42:00.000Z",1673606520000,8.3,8.3,8.3,100,0,0,0.1,,,0,,300,201700,,2490000,2490000,,
2852.7,37400,315519999.99999994,1801570000,2468.9,1074.3,0,200,-9800,-80340000,8.3,"2023-01-13T10:48:00.000Z",1673606880000,8.3,8.2,8.2,1.3,63.7,35,0.1,4.1,5.1,50,10000,15700,217400,5500,128760000,1660000.0000000002,82000000,45099999.99999999
2852.7,43000,361439999.99999994,1849130000,2468.9,1074.3,57,5700,5600,45920000,8.2,"2023-01-13T10:58:00.000Z",1673607480000,8.2,8.2,8.2,98.3,1.7,0,2,0,,0,100,5800,223200,,47560000,46740000,819999.9999999999,
2852.7,45000,377839999.99999994,1865530000,2468.9,1074.3,Infinity,2000,2000,16399999.999999998,8.2,"2023-01-13T11:00:00.000Z",1673607600000,8.2,8.2,8.2,100,0,0,0.7,,,0,,2000,225200,,16399999.999999998,16399999.999999998,,
2852.7,47000,394239999.99999994,1881930000,2468.9,1074.3,Infinity,2000,2000,16400000,8.2,"2023-01-13T11:02:00.000Z",1673607720000,8.2,8.2,8.2,100,0,0,0.7,,,0,,2000,227200,,16400000,16400000,,
2852.7,47600,399189999.99999994,1888520000,2468.9,1074.3,Infinity,600,600,4950000,8.3,"2023-01-13T11:04:00.000Z",1673607840000,8.3,8.2,8.2,75,0,25,0.2,,0.2,0,,800,228000,200,6590000,4950000,,1639999.9999999998
2852.7,47800,400849999.99999994,1890180000,2468.9,1074.3,Infinity,200,200,1660000.0000000002,8.3,"2023-01-13T11:08:00.000Z",1673608080000,8.3,8.3,8.3,100,0,0,0.1,,,0,,200,228200,,1660000.0000000002,1660000.0000000002,,
2852.7,47900,401679999.99999994,1891010000,2468.9,1074.3,Infinity,100,100,830000.0000000001,8.3,"2023-01-13T11:24:00.000Z",1673609040000,8.3,8.3,8.3,100,0,0,0,,,0,,100,228300,,830000.0000000001,830000.0000000001,,
2852.7,47700,400039999.99999994,1892650000,2468.9,1074.3,0,,-200,-1639999.9999999998,8.2,"2023-01-13T11:26:00.000Z",1673609160000,8.2,8.2,8.2,0,100,0,,0.1,,Infinity,200,200,228500,,1639999.9999999998,,1639999.9999999998,
2852.7,47100,395119999.99999994,1897570000,2468.9,1074.3,0,,-600,-4920000,8.2,"2023-01-13T11:28:00.000Z",1673609280000,8.2,8.2,8.2,0,100,0,,0.2,,Infinity,600,600,229100,,4920000,,4920000,
2852.7,46600,391019999.99999994,1929550000,2468.9,1074.3,0,,-500,-4100000,8.2,"2023-01-13T13:00:00.000Z",1673614800000,8.2,8.2,8.2,0,12.8,87.2,,0.2,3.2,Infinity,500,3900,233000,3400,31979999.999999996,,4100000,27879999.999999996
2852.7,46600,391019999.99999994,1930370000,2468.9,1074.3,NaN,,0,0,8.2,"2023-01-13T13:06:00.000Z",1673615160000,8.2,8.2,8.2,0,0,100,,,0.1,NaN,,100,233100,100,819999.9999999999,,,819999.9999999999
2852.7,42600,358219999.99999994,1963170000,2468.9,1074.3,0,,-4000,-32800000,8.2,"2023-01-13T13:08:00.000Z",1673615280000,8.2,8.2,8.2,0,100,0,,1.6,,Infinity,4000,4000,237100,,32800000,,32800000,
2852.7,43000,361499999.99999994,1966450000,2468.9,1074.3,Infinity,400,400,3279999.9999999995,8.2,"2023-01-13T13:10:00.000Z",1673615400000,8.2,8.2,8.2,100,0,0,0.1,,,0,,400,237500,,3279999.9999999995,3279999.9999999995,,
2852.7,43100,362319999.99999994,1967270000,2468.9,1074.3,Infinity,100,100,819999.9999999999,8.2,"2023-01-13T13:12:00.000Z",1673615520000,8.2,8.2,8.2,100,0,0,0,,,0,,100,237600,,819999.9999999999,819999.9999999999,,
2852.7,43800,368059999.99999994,1973010000,2468.9,1074.3,Infinity,700,700,5740000,8.2,"2023-01-13T13:16:00.000Z",1673615760000,8.2,8.2,8.2,100,0,0,0.2,,,0,,700,238300,,5740000,5740000,,
2852.7,44800,376259999.99999994,1981210000,2468.9,1074.3,Infinity,1000,1000,8200000,8.2,"2023-01-13T13:20:00.000Z",1673616000000,8.2,8.2,8.2,100,0,0,0.4,,,0,,1000,239300,,8200000,8200000,,
2852.7,44900,377079999.99999994,1982030000,2468.9,1074.3,Infinity,100,100,819999.9999999999,8.2,"2023-01-13T13:22:00.000Z",1673616120000,8.2,8.2,8.2,100,0,0,0,,,0,,100,239400,,819999.9999999999,819999.9999999999,,
2852.7,49300,413159999.99999994,2018110000,2468.9,1074.3,Infinity,4400,4400,36080000,8.2,"2023-01-13T13:24:00.000Z",1673616240000,8.2,8.2,8.2,100,0,0,1.5,,,0,,4400,243800,,36080000,36080000,,
2852.7,51700,432839999.99999994,2037790000,2468.9,1074.3,Infinity,2400,2400,19680000,8.2,"2023-01-13T13:26:00.000Z",1673616360000,8.2,8.2,8.2,100,0,0,0.8,,,0,,2400,246200,,19680000,19680000,,
2852.7,51400,430399999.99999994,2043550000,2468.9,1074.3,0.4,200,-300,-2440000,8.2,"2023-01-13T13:28:00.000Z",1673616480000,8.3,8.2,8.3,28.6,71.4,0,0.1,0.2,,2.5,500,700,246900,,5760000,1660000.0000000002,4100000,
2852.7,51300,429579999.99999994,2044370000,2468.9,1074.3,0,,-100,-819999.9999999999,8.2,"2023-01-13T13:32:00.000Z",1673616720000,8.2,8.2,8.2,0,100,0,,0,,Infinity,100,100,247000,,819999.9999999999,,819999.9999999999,
2852.7,51800,433679999.99999994,2048470000,2468.9,1074.3,Infinity,500,500,4100000,8.2,"2023-01-13T13:34:00.000Z",1673616840000,8.2,8.2,8.2,100,0,0,0.2,,,0,,500,247500,,4100000,4100000,,
2852.7,54700,457599999.99999994,2100130000,2468.9,1074.3,2.7,4600,2900,23920000,8.2,"2023-01-13T13:36:00.000Z",1673616960000,8.3,8.1,8.2,73,27,0,1.6,0.7,,0.4,1700,6300,253800,,51660000,37790000,13870000,
2852.7,65000,542060000,2199350000,2468.9,1074.3,12.4,11200,10300,84460000,8.2,"2023-01-13T13:40:00.000Z",1673617200000,8.2,8.2,8.2,92.6,7.4,0,3.9,0.4,,0.1,900,12100,265900,,99220000,91840000,7379999.999999999,
2852.7,66700,556020000,2213310000,2468.9,1074.3,Infinity,1700,1700,13959999.999999998,8.3,"2023-01-13T13:42:00.000Z",1673617320000,8.3,8.2,8.2,100,0,0,0.6,,,0,,1700,267600,,13959999.999999998,13959999.999999998,,
2852.7,67000,558510000,2215800000,2468.9,1074.3,Infinity,300,300,2490000.0000000005,8.3,"2023-01-13T13:44:00.000Z",1673617440000,8.3,8.3,8.3,100,0,0,0.1,,,0,,300,267900,,2490000.0000000005,2490000.0000000005,,
2852.7,55000,460110000,2314200000,2468.9,1074.3,0,,-12000,-98400000,8.2,"2023-01-13T13:46:00.000Z",1673617560000,8.2,8.2,8.2,0,100,0,,4.9,,Infinity,12000,12000,279900,,98400000,,98400000,
2852.7,55100,460930000,2315020000,2468.9,1074.3,Infinity,100,100,819999.9999999999,8.2,"2023-01-13T13:48:00.000Z",1673617680000,8.2,8.2,8.2,100,0,0,0,,,0,,100,280000,,819999.9999999999,819999.9999999999,,
2852.7,56200,469950000,2324040000,2468.9,1074.3,Infinity,1100,1100,9020000,8.2,"2023-01-13T13:50:00.000Z",1673617800000,8.2,8.2,8.2,100,0,0,0.4,,,0,,1100,281100,,9020000,9020000,,
2852.7,57200,478150000,2332240000,2468.9,1074.3,Infinity,1000,1000,8200000,8.2,"2023-01-13T13:52:00.000Z",1673617920000,8.2,8.2,8.2,100,0,0,0.4,,,0,,1000,282100,,8200000,8200000,,
2852.7,59900,500290000,2354380000,2468.9,1074.3,Infinity,2700,2700,22140000,8.2,"2023-01-13T14:00:00.000Z",1673618400000,8.2,8.2,8.2,100,0,0,0.9,,,0,,2700,284800,,22140000,22140000,,
2852.7,64900,541290000,2395380000,2468.9,1074.3,Infinity,5000,5000,40999999.99999999,8.2,"2023-01-13T14:02:00.000Z",1673618520000,8.2,8.2,8.2,100,0,0,1.8,,,0,,5000,289800,,40999999.99999999,40999999.99999999,,
2852.7,65000,542110000,2396200000,2468.9,1074.3,Infinity,100,100,819999.9999999999,8.2,"2023-01-13T14:04:00.000Z",1673618640000,8.2,8.2,8.2,100,0,0,0,,,0,,100,289900,,819999.9999999999,819999.9999999999,,
2852.7,66200,551950000,2406040000,2468.9,1074.3,Infinity,1200,1200,9840000,8.2,"2023-01-13T14:06:00.000Z",1673618760000,8.2,8.2,8.2,100,0,0,0.4,,,0,,1200,291100,,9840000,9840000,,
2852.7,53200,446850000,2543940000,2468.9,1074.3,0.1,2000,-13000,-105100000,8.2,"2023-01-13T14:12:00.000Z",1673619120000,8.2,8.1,8.1,11.8,88.2,0,0.7,6.1,,7.5,15000,17000,308100,,137900000,16400000,121500000,
2852.7,34800,298010000,2725580000,2468.9,1074.3,0.1,2000,-18400,-148840000,8.2,"2023-01-13T14:14:00.000Z",1673619240000,8.2,8.1,8.1,8.9,91.1,0,0.7,8.3,,10.2,20400,22400,330500,,181640000,16400000,165240000,
2852.7,37800,322610000,2750180000,2468.9,1074.3,Infinity,3000,3000,24599999.999999996,8.2,"2023-01-13T14:18:00.000Z",1673619480000,8.2,8.2,8.2,100,0,0,1.1,,,0,,3000,333500,,24599999.999999996,24599999.999999996,,
2852.7,22800,201110000,2871680000,2468.9,1074.3,0,,-15000,-121500000,8.1,"2023-01-13T14:20:00.000Z",1673619600000,8.1,8.1,8.1,0,100,0,,6.1,,Infinity,15000,15000,348500,,121500000,,121500000,
2852.7,3200,42680000,3084230000,2468.9,1074.3,0.1,3300,-19600,-158430000,8.2,"2023-01-13T14:22:00.000Z",1673619720000,8.2,8.1,8.1,12.6,87.4,0,1.2,9.3,,6.9,22900,26200,374700,,212550000,27060000,185490000,
2852.7,2800,39470000,3092360000,2468.9,1074.3,0.4,300,-400,-3210000.0000000005,8.2,"2023-01-13T14:24:00.000Z",1673619840000,8.2,8.1,8.2,30,70,0,0.1,0.3,,2.3,700,1000,375700,,8130000,2459999.9999999995,5670000,
2852.7,2000,32990000,3098840000,2468.9,1074.3,0,,-800,-6480000,8.1,"2023-01-13T14:26:00.000Z",1673619960000,8.1,8.1,8.1,0,100,0,,0.3,,Infinity,800,800,376500,,6480000,,6480000,
2852.7,28400,249670000,3317160000,2468.9,1074.3,265,26500,26400,216680000,8.3,"2023-01-13T14:28:00.000Z",1673620080000,8.3,8.2,8.2,99.6,0.4,0,9.3,0,,0,100,26600,403100,,218320000,217500000,819999.9999999999,
2852.7,28400,249670000,3892800000,2468.9,1074.3,NaN,,0,0,8.2,"2023-01-13T14:44:00.000Z",1673621040000,8.2,8.2,8.2,0,0,100,,,65.3,NaN,,70200,473300,70200,575640000,,,575640000
