"abu","acum_busd","acum_busd_val","acum_val","asd","auk","bs","bu","bu-sd","bu-sd_val","c","date","datetime","h","l","o","pbu","psd","puk","rbu","rsd","ruk","sb","sd","sum_vol","total_vol","uk","val","val_bu","val_sd","val_uk"
93.3,-100,-965000,965000,153.3,33.3,0,,-100,-965000,9.65,"2022-12-28T09:18:00.000Z",1672219080000,9.65,9.65,9.65,0,100,0,,0.7,,Infinity,100,100,100,,965000,,965000,
93.3,100,965000,2895000,153.3,33.3,Infinity,200,200,1930000,9.65,"2022-12-28T09:22:00.000Z",1672219320000,9.65,9.65,9.65,100,0,0,2.1,,,0,,200,300,,1930000,1930000,,
93.3,200,1930000,3860000,153.3,33.3,Infinity,100,100,965000,9.65,"2022-12-28T09:24:00.000Z",1672219440000,9.65,9.65,9.65,100,0,0,1.1,,,0,,100,400,,965000,965000,,
93.3,-600,-5725000,11515000,153.3,33.3,0,,-800,-7655000,9.55,"2022-12-28T09:54:00.000Z",1672221240000,9.6,9.55,9.6,0,100,0,,5.2,,Infinity,800,800,1200,,7655000,,7655000,
93.3,-900,-8590000,14380000,153.3,33.3,0,,-300,-2865000,9.55,"2022-12-28T10:02:00.000Z",1672221720000,9.55,9.55,9.55,0,100,0,,2,,Infinity,300,300,1500,,2865000,,2865000,
93.3,-1900,-18015000,23805000,153.3,33.3,0,,-1000,-9425000,9.4,"2022-12-28T10:04:00.000Z",1672221840000,9.45,9.4,9.45,0,100,0,,6.5,,Infinity,1000,1000,2500,,9425000,,9425000,
93.3,-1900,-18015000,25685000,153.3,33.3,NaN,,0,0,9.4,"2022-12-28T10:06:00.000Z",1672221960000,9.4,9.4,9.4,0,0,100,,,6,NaN,,200,2700,200,1880000,,,1880000
93.3,-1800,-17060000,26640000,153.3,33.3,Infinity,100,100,955000.0000000001,9.55,"2022-12-28T10:16:00.000Z",1672222560000,9.55,9.55,9.55,100,0,0,1.1,,,0,,100,2800,,955000.0000000001,955000.0000000001,,
93.3,-1700,-16105000,27595000,153.3,33.3,Infinity,100,100,955000.0000000001,9.55,"2022-12-28T11:28:00.000Z",1672226880000,9.55,9.55,9.55,100,0,0,1.1,,,0,,100,2900,,955000.0000000001,955000.0000000001,,
93.3,-1600,-15145000,28555000,153.3,33.3,Infinity,100,100,960000,9.6,"2022-12-28T13:00:00.000Z",1672232400000,9.6,9.6,9.6,100,0,0,1.1,,,0,,100,3000,,960000,960000,,
93.3,-1000,-9385000,34315000,153.3,33.3,Infinity,600,600,5760000,9.6,"2022-12-28T14:04:00.000Z",1672236240000,9.6,9.6,9.6,100,0,0,6.4,,,0,,600,3600,,5760000,5760000,,
93.3,-900,-8420000,35280000,153.3,33.3,Infinity,100,100,965000,9.65,"2022-12-28T14:14:00.000Z",1672236840000,9.65,9.65,9.65,100,0,0,1.1,,,0,,100,3700,,965000,965000,,
93.3,-1000,-9371000,36231000,153.3,33.3,0,,-100,-951000,9.51,"2022-12-28T14:22:00.000Z",1672237320000,9.51,9.51,9.51,0,100,0,,0.7,,Infinity,100,100,3800,,951000,,951000,
93.3,-900,-8406000,37196000,153.3,33.3,Infinity,100,100,965000,9.65,"2022-12-28T14:24:00.000Z",1672237440000,9.65,9.65,9.65,100,0,0,1.1,,,0,,100,3900,,965000,965000,,
93.3,-900,-8406000,40088000,153.3,33.3,NaN,,0,0,9.64,"2022-12-28T14:44:00.000Z",1672238640000,9.64,9.64,9.64,0,0,100,,,9,NaN,,300,4200,300,2892000,,,2892000
