"abu","acum_busd","acum_busd_val","acum_val_bu","acum_val_sd","acum_val","avg_val_bu","avg_val_sd","rbusd","asd","auk","bs","bu","bu-sd","bu-sd_val","c","date","datetime","h","l","o","pbu","psd","puk","rbu","rsd","ruk","sb","sd","sum_vol","total_vol","uk","val","val_bu","val_sd","val_uk"
2235,1300,8190000,8190000,0,8190000,14373000,3255500,0.7,515,400,Infinity,1300,1300,8190000,6.3,"2022-12-28T09:20:00.000Z",1672219200000,6.3,6.3,6.3,100,0,0,0.6,,,0,,1300,1300,,8190000,8190000,,
2235,1200,7560000,8190000,630000,8820000,14373000,3255500,-0.1,515,400,0,,-100,-630000,6.3,"2022-12-28T09:25:00.000Z",1672219500000,6.3,6.3,6.3,0,100,0,,0.2,,Infinity,100,100,1400,,630000,,630000,
2235,900,5670000,8190000,2520000,10710000,14373000,3255500,-0.2,515,400,0,,-300,-1890000,6.3,"2022-12-28T09:40:00.000Z",1672220400000,6.3,6.3,6.3,0,100,0,,0.6,,Infinity,300,300,1700,,1890000,,1890000,
2235,7700,48510000,51030000,2520000,53550000,14373000,3255500,3.9,515,400,Infinity,6800,6800,42840000,6.3,"2022-12-28T09:50:00.000Z",1672221000000,6.3,6.3,6.3,100,0,0,3,,,0,,6800,8500,,42840000,42840000,,
2235,8900,56070000,58590000,2520000,61110000,14373000,3255500,0.7,515,400,Infinity,1200,1200,7560000,6.3,"2022-12-28T10:20:00.000Z",1672222800000,6.3,6.3,6.3,100,0,0,0.5,,,0,,1200,9700,,7560000,7560000,,
2235,12000,75910000,78430000,2520000,80950000,14373000,3255500,1.8,515,400,Infinity,3100,3100,19840000,6.4,"2022-12-28T10:25:00.000Z",1672223100000,6.4,6.4,6.4,100,0,0,1.4,,,0,,3100,12800,,19840000,19840000,,
2235,19400,124010000,126530000,2520000,129050000,14373000,3255500,4.3,515,400,Infinity,7400,7400,48100000,6.5,"2022-12-28T10:30:00.000Z",1672223400000,6.5,6.5,6.5,100,0,0,3.3,,,0,,7400,20200,,48100000,48100000,,
2235,17400,111210000,126530000,15320000,160750000,14373000,3255500,-1.2,515,400,0,,-2000,-12800000,6.3,"2022-12-28T10:35:00.000Z",1672223700000,6.4,6.3,6.4,0,40,60,,3.9,7.5,Infinity,2000,5000,25200,3000,31700000,,12800000,18900000
2235,12200,78970000,126530000,47560000,192990000,14373000,3255500,-2.9,515,400,0,,-5200,-32240000,6.2,"2022-12-28T11:05:00.000Z",1672225500000,6.2,6.2,6.2,0,100,0,,10.1,,Infinity,5200,5200,30400,,32240000,,32240000,
2235,14000,90490000,138050000,47560000,204510000,14373000,3255500,1,515,400,Infinity,1800,1800,11520000,6.4,"2022-12-28T11:15:00.000Z",1672226100000,6.4,6.4,6.4,100,0,0,0.8,,,0,,1800,32200,,11520000,11520000,,
2235,21400,137850000,185410000,47560000,251870000,14373000,3255500,4.3,515,400,Infinity,7400,7400,47360000,6.4,"2022-12-28T13:10:00.000Z",1672233000000,6.4,6.4,6.4,100,0,0,3.3,,,0,,7400,39600,,47360000,47360000,,
2235,26400,170350000,217910000,47560000,284370000,14373000,3255500,2.9,515,400,Infinity,5000,5000,32500000,6.5,"2022-12-28T13:20:00.000Z",1672233600000,6.5,6.5,6.5,100,0,0,2.2,,,0,,5000,44600,,32500000,32500000,,
2235,28400,183350000,234160000,50810000,303870000,14373000,3255500,1.2,515,400,5,2500,2000,13000000,6.5,"2022-12-28T13:25:00.000Z",1672233900000,6.5,6.5,6.5,83.3,16.7,0,1.1,1,,0.2,500,3000,47600,,19500000,16250000,3250000,
2235,31200,201550000,253010000,51460000,323370000,14373000,3255500,1.6,515,400,29,2900,2800,18200000,6.5,"2022-12-28T13:40:00.000Z",1672234800000,6.5,6.5,6.5,96.7,3.3,0,1.3,0.2,,0,100,3000,50600,,19500000,18850000,650000,
2235,31000,200250000,253010000,52760000,324670000,14373000,3255500,-0.1,515,400,0,,-200,-1300000,6.5,"2022-12-28T13:50:00.000Z",1672235400000,6.5,6.5,6.5,0,100,0,,0.4,,Infinity,200,200,50800,,1300000,,1300000,
2235,31100,200900000,253660000,52760000,325320000,14373000,3255500,0.1,515,400,Infinity,100,100,650000,6.5,"2022-12-28T13:55:00.000Z",1672235700000,6.5,6.5,6.5,100,0,0,0,,,0,,100,50900,,650000,650000,,
2235,32000,206750000,259510000,52760000,331170000,14373000,3255500,0.5,515,400,Infinity,900,900,5850000,6.5,"2022-12-28T14:10:00.000Z",1672236600000,6.5,6.5,6.5,100,0,0,0.4,,,0,,900,51800,,5850000,5850000,,
2235,31600,204150000,259510000,55360000,333770000,14373000,3255500,-0.2,515,400,0,,-400,-2600000,6.5,"2022-12-28T14:15:00.000Z",1672236900000,6.5,6.5,6.5,0,100,0,,0.8,,Infinity,400,400,52200,,2600000,,2600000,
2235,30100,194400000,259510000,65110000,376020000,14373000,3255500,-0.9,515,400,0,,-1500,-9750000,6.5,"2022-12-28T14:20:00.000Z",1672237200000,6.5,6.5,6.5,0,23.1,76.9,,2.9,12.5,Infinity,1500,6500,58700,5000,42250000,,9750000,32500000
2235,34400,222350000,287460000,65110000,403970000,14373000,3255500,2.5,515,400,Infinity,4300,4300,27950000,6.5,"2022-12-28T14:25:00.000Z",1672237500000,6.5,6.5,6.5,100,0,0,1.9,,,0,,4300,63000,,27950000,27950000,,
