"abu","acum_busd","acum_busd_val","acum_val_bu","acum_val_sd","acum_val","avg_val_bu","avg_val_sd","rbusd","asd","auk","bs","bu","bu-sd","bu-sd_val","c","date","datetime","h","l","o","pbu","psd","puk","rbu","rsd","ruk","sb","sd","sum_vol","total_vol","uk","val","val_bu","val_sd","val_uk"
98847.8,13700,169205000,448615000,279410000,728025000,1194621956.5,883999347.8,0.5,73484.8,7073.9,1.6,36800,13700,169205000,12150,"2023-03-07T09:15:00.000Z",1678180500000,12200,12050,12200,61.4,38.6,0,0.4,0.3,,0.6,23100,59900,59900,,728025000,448615000,279410000,
98847.8,-21600,-255130000,720150000,975280000,1696635000,1194621956.5,883999347.8,-1.4,73484.8,7073.9,0.4,22400,-35300,-424335000,12050,"2023-03-07T09:20:00.000Z",1678180800000,12150,12050,12150,27.9,71.9,0.1,0.2,0.8,0,2.6,57700,80200,140100,100,968610000,271535000,695870000,1205000
98847.8,-171500,-2051880000,887655000,2939535000,3828395000,1194621956.5,883999347.8,-5.8,73484.8,7073.9,0.1,13900,-149900,-1796750000,11900,"2023-03-07T09:25:00.000Z",1678181100000,12100,11900,12050,7.8,92.2,0,0.1,2.2,,11.8,163800,177700,317800,,2131760000,167505000,1964255000,
98847.8,-176100,-2106490000,1093505000,3199995000,4294705000,1194621956.5,883999347.8,-0.2,73484.8,7073.9,0.8,17200,-4600,-54610000,12000,"2023-03-07T09:30:00.000Z",1678181400000,12000,11900,11950,44.1,55.9,0,0.2,0.3,,1.3,21800,39000,356800,,466310000,205850000,260460000,
98847.8,-84000,-1001060000,2315105000,3316165000,5632475000,1194621956.5,883999347.8,3.6,73484.8,7073.9,10.5,101800,92100,1105430000,12000,"2023-03-07T09:35:00.000Z",1678181700000,12000,11950,12000,91.3,8.7,0,1,0.1,,0.1,9700,111500,468300,,1337770000,1221600000,116170000,
98847.8,49600,613075000,4313670000,3700595000,8015470000,1194621956.5,883999347.8,5.2,73484.8,7073.9,5.2,165500,133600,1614135000,12100,"2023-03-07T09:40:00.000Z",1678182000000,12100,12000,12050,83.8,16.2,0,1.7,0.4,,0.2,31900,197400,665700,,2382995000,1998565000,384430000,
98847.8,13500,177360000,4734105000,4556745000,9292055000,1194621956.5,883999347.8,-1.4,73484.8,7073.9,0.5,34700,-36100,-435715000,12050,"2023-03-07T09:45:00.000Z",1678182300000,12150,12050,12100,32.9,67.1,0,0.4,1,,2,70800,105500,771200,,1276585000,420435000,856150000,
98847.8,-28200,-324640000,5145355000,5469995000,10616555000,1194621956.5,883999347.8,-1.6,73484.8,7073.9,0.4,34100,-41700,-502000000,12000,"2023-03-07T09:50:00.000Z",1678182600000,12100,12000,12050,31,69,0,0.3,1,,2.2,75800,109900,881100,,1324500000,411250000,913250000,
98847.8,-4000,-33025000,5539390000,5572415000,11113010000,1194621956.5,883999347.8,0.9,73484.8,7073.9,3.8,32700,24200,291615000,12050,"2023-03-07T09:55:00.000Z",1678182900000,12050,12000,12050,79.4,20.6,0,0.3,0.1,,0.3,8500,41200,922300,,496455000,394035000,102420000,
98847.8,-43200,-503350000,5557465000,6060815000,11619485000,1194621956.5,883999347.8,-1.5,73484.8,7073.9,0,1500,-39200,-470325000,12000,"2023-03-07T10:00:00.000Z",1678183200000,12050,12000,12000,3.6,96.4,0,0,0.6,,27.1,40700,42200,964500,,506475000,18075000,488400000,
98847.8,-144700,-1721075000,5690675000,7411750000,13103630000,1194621956.5,883999347.8,-3.9,73484.8,7073.9,0.1,11100,-101500,-1217725000,12000,"2023-03-07T10:05:00.000Z",1678183500000,12050,11950,12050,9,91,0,0.1,1.5,,10.1,112600,123700,1088200,,1484145000,133210000,1350935000,
98847.8,-226300,-2696090000,6539125000,9235215000,15787495000,1194621956.5,883999347.8,-3.1,73484.8,7073.9,0.5,71000,-81600,-975015000,11950,"2023-03-07T10:10:00.000Z",1678183800000,11950,11900,11950,31.6,67.9,0.4,0.7,2.1,0.1,2.1,152600,224600,1312800,1000,2683865000,848450000,1823465000,11950000
98847.8,-229500,-2734175000,7163065000,9897240000,17073460000,1194621956.5,883999347.8,-0.1,73484.8,7073.9,0.9,52200,-3200,-38085000,11950,"2023-03-07T10:15:00.000Z",1678184100000,12000,11900,11950,48.5,51.5,0,0.5,0.8,,1.1,55400,107600,1420400,,1285965000,623940000,662025000,
98847.8,-242000,-2883170000,7254265000,10137435000,17404855000,1194621956.5,883999347.8,-0.5,73484.8,7073.9,0.4,7600,-12500,-148995000,12000,"2023-03-07T10:20:00.000Z",1678184400000,12000,11950,11950,27.4,72.6,0,0.1,0.3,,2.6,20100,27700,1448100,,331395000,91200000,240195000,
98847.8,-345200,-4115355000,7289005000,11404360000,18706520000,1194621956.5,883999347.8,-4,73484.8,7073.9,0,2900,-103200,-1232185000,11950,"2023-03-07T10:25:00.000Z",1678184700000,12000,11900,12000,2.7,97.3,0,0,1.4,,36.6,106100,109000,1557100,,1301665000,34740000,1266925000,
98847.8,-303700,-3618760000,7980910000,11599670000,19593735000,1194621956.5,883999347.8,1.6,73484.8,7073.9,3.5,57900,41500,496595000,11900,"2023-03-07T10:30:00.000Z",1678185000000,11950,11900,11950,77.9,22.1,0,0.6,0.2,,0.3,16400,74300,1631400,,887215000,691905000,195310000,
98847.8,-258700,-3080920000,8540170000,11621090000,20174415000,1194621956.5,883999347.8,1.7,73484.8,7073.9,26,46800,45000,537840000,11950,"2023-03-07T10:35:00.000Z",1678185300000,11950,11900,11900,96.3,3.7,0,0.5,0,,0,1800,48600,1680000,,580680000,559260000,21420000,
98847.8,-219500,-2612480000,9008610000,11621090000,20642855000,1194621956.5,883999347.8,1.5,73484.8,7073.9,Infinity,39200,39200,468440000,11950,"2023-03-07T10:40:00.000Z",1678185600000,11950,11950,11950,100,0,0,0.4,,,0,,39200,1719200,,468440000,468440000,,
98847.8,-157100,-1865940000,10122355000,11988295000,22123805000,1194621956.5,883999347.8,2.4,73484.8,7073.9,3,93200,62400,746540000,11950,"2023-03-07T10:45:00.000Z",1678185900000,12000,11900,11900,75.2,24.8,0,0.9,0.4,,0.3,30800,124000,1843200,,1480950000,1113745000,367205000,
98847.8,-95400,-1128625000,11268360000,12396985000,23678500000,1194621956.5,883999347.8,2.4,73484.8,7073.9,2.8,95900,61700,737315000,11950,"2023-03-07T10:50:00.000Z",1678186200000,11950,11950,11950,73.7,26.3,0,1,0.5,,0.4,34200,130100,1973300,,1554695000,1146005000,408690000,
98847.8,-95100,-1124275000,11956680000,13080955000,25050790000,1194621956.5,883999347.8,0,73484.8,7073.9,1,57600,300,4350000,11950,"2023-03-07T10:55:00.000Z",1678186500000,11950,11900,11950,50.1,49.9,0,0.6,0.8,,1,57300,114900,2088200,,1372290000,688320000,683970000,
98847.8,15300,201325000,13436535000,13235210000,26684900000,1194621956.5,883999347.8,4.3,73484.8,7073.9,9.6,123300,110400,1325600000,12050,"2023-03-07T11:00:00.000Z",1678186800000,12050,11950,11950,90.5,9.5,0,1.2,0.2,,0.1,12900,136200,2224400,,1634110000,1479855000,154255000,
98847.8,-19300,-213825000,13496585000,13710410000,27220150000,1194621956.5,883999347.8,-1.3,73484.8,7073.9,0.1,5000,-34600,-415150000,12000,"2023-03-07T11:05:00.000Z",1678187100000,12050,12000,12050,11.2,88.8,0,0.1,0.5,,7.9,39600,44600,2269000,,535250000,60050000,475200000,
98847.8,-16100,-175225000,13582985000,13758210000,27354350000,1194621956.5,883999347.8,0.1,73484.8,7073.9,1.8,7200,3200,38600000,12000,"2023-03-07T11:10:00.000Z",1678187400000,12000,11950,12000,64.3,35.7,0,0.1,0.1,,0.6,4000,11200,2280200,,134200000,86400000,47800000,
98847.8,-3800,-27625000,13730585000,13758210000,27501950000,1194621956.5,883999347.8,0.5,73484.8,7073.9,Infinity,12300,12300,147600000,12000,"2023-03-07T11:15:00.000Z",1678187700000,12000,12000,12000,100,0,0,0.1,,,0,,12300,2292500,,147600000,147600000,,
98847.8,-170700,-2016715000,14352325000,16369040000,30734520000,1194621956.5,883999347.8,-6.4,73484.8,7073.9,0.2,52000,-166900,-1989090000,11950,"2023-03-07T11:20:00.000Z",1678188000000,12000,11900,12000,19.2,80.8,0,0.5,3,,4.2,218900,270900,2563400,,3232570000,621740000,2610830000,
98847.8,-168100,-1985250000,14573400000,16558650000,31145205000,1194621956.5,883999347.8,0.1,73484.8,7073.9,1.2,18500,2600,31465000,11900,"2023-03-07T11:25:00.000Z",1678188300000,11950,11900,11950,53.8,46.2,0,0.2,0.2,,0.9,15900,34400,2597800,,410685000,221075000,189610000,
98847.8,-211900,-2500570000,16458470000,18959040000,35748395000,1194621956.5,883999347.8,-1.7,73484.8,7073.9,0.8,158400,-43800,-515320000,11900,"2023-03-07T13:00:00.000Z",1678194000000,11950,11850,11950,40.9,52.2,6.9,1.6,2.8,3.8,1.3,202200,387300,2985100,26700,4603190000,1885070000,2400390000,317730000
98847.8,-219900,-2594955000,18086005000,20680960000,39097850000,1194621956.5,883999347.8,-0.3,73484.8,7073.9,0.9,136700,-8000,-94385000,11900,"2023-03-07T13:05:00.000Z",1678194300000,11950,11850,11900,48.6,51.4,0,1.4,2,,1.1,144700,281400,3266500,,3349455000,1627535000,1721920000,
98847.8,-79800,-923410000,20122485000,21045895000,41527825000,1194621956.5,883999347.8,5.4,73484.8,7073.9,5.6,170800,140100,1671545000,12000,"2023-03-07T13:10:00.000Z",1678194600000,12000,11850,11900,83.8,15.1,1.2,1.7,0.4,0.3,0.2,30700,203900,3470400,2400,2429975000,2036480000,364935000,28560000
98847.8,-68400,-786595000,20262885000,21049480000,41671810000,1194621956.5,883999347.8,0.4,73484.8,7073.9,39,11700,11400,136815000,12000,"2023-03-07T13:15:00.000Z",1678194900000,12000,11950,11950,97.5,2.5,0,0.1,0,,0,300,12000,3482400,,143985000,140400000,3585000,
98847.8,-182200,-2145960000,20412805000,22558765000,43331015000,1194621956.5,883999347.8,-4.4,73484.8,7073.9,0.1,12500,-113800,-1359365000,11950,"2023-03-07T13:20:00.000Z",1678195200000,12000,11950,12000,9,91,0,0.1,1.7,,10.1,126300,138800,3621200,,1659205000,149920000,1509285000,
98847.8,337400,4127480000,27183545000,23056065000,50602700000,1194621956.5,883999347.8,20.2,73484.8,7073.9,13.6,561000,519600,6273440000,12150,"2023-03-07T13:25:00.000Z",1678195500000,12200,11950,11950,93.1,6.9,0,5.7,0.6,0,0.1,41400,602700,4223900,300,7271685000,6770740000,497300000,3645000
98847.8,181900,2245320000,27820515000,25575195000,53758800000,1194621956.5,883999347.8,-6.1,73484.8,7073.9,0.3,52900,-155500,-1882160000,12050,"2023-03-07T13:30:00.000Z",1678195800000,12200,12000,12150,20.2,79.8,0,0.5,2.8,,3.9,208400,261300,4485200,,3156100000,636970000,2519130000,
98847.8,145600,1807910000,28165145000,26357235000,54885470000,1194621956.5,883999347.8,-1.4,73484.8,7073.9,0.4,28600,-36300,-437410000,12050,"2023-03-07T13:35:00.000Z",1678196100000,12050,12000,12050,30.6,69.4,0,0.3,0.9,,2.3,64900,93500,4578700,,1126670000,344630000,782040000,
98847.8,50600,666780000,28582935000,27916155000,56862180000,1194621956.5,883999347.8,-3.7,73484.8,7073.9,0.3,34800,-95000,-1141130000,11950,"2023-03-07T13:40:00.000Z",1678196400000,12050,11950,12050,21.1,78.9,0,0.4,1.8,,3.7,129800,164600,4743300,,1976710000,417790000,1558920000,
98847.8,65300,843430000,29017335000,28173905000,57554330000,1194621956.5,883999347.8,0.6,73484.8,7073.9,1.7,36200,14700,176650000,11950,"2023-03-07T13:45:00.000Z",1678196700000,12000,11950,12000,62.7,37.3,0,0.4,0.3,,0.6,21500,57700,4801000,,692150000,434400000,257750000,
98847.8,235000,2883375000,31185285000,28301910000,59850285000,1194621956.5,883999347.8,6.6,73484.8,7073.9,16.9,180400,169700,2039945000,12050,"2023-03-07T13:50:00.000Z",1678197000000,12050,11950,11950,94.4,5.6,0,1.8,0.1,,0.1,10700,191100,4992100,,2295955000,2167950000,128005000,
98847.8,228100,2800615000,32046860000,29246245000,61656195000,1194621956.5,883999347.8,-0.3,73484.8,7073.9,0.9,71500,-6900,-82760000,12050,"2023-03-07T13:55:00.000Z",1678197300000,12050,12000,12050,47.7,52.3,0,0.7,1.1,,1.1,78400,149900,5142000,,1805910000,861575000,944335000,
98847.8,1109600,13567025000,44223500000,30656475000,75243065000,1194621956.5,883999347.8,34.7,73484.8,7073.9,8.7,996500,881500,10766410000,12250,"2023-03-07T14:00:00.000Z",1678197600000,12350,12050,12100,89.7,10.3,0,10.1,1.6,,0.1,115000,1111500,6253500,,13586870000,12176640000,1410230000,
98847.8,866500,10612990000,44474800000,33861810000,78699700000,1194621956.5,883999347.8,-9.5,73484.8,7073.9,0.1,20600,-243100,-2954035000,12100,"2023-03-07T14:05:00.000Z",1678197900000,12250,12100,12250,7.2,92.8,0,0.2,3.6,,12.8,263700,284300,6537800,,3456635000,251300000,3205335000,
98847.8,1099900,13461785000,47844425000,34382640000,82590155000,1194621956.5,883999347.8,9.2,73484.8,7073.9,6.4,276400,233400,2848795000,12250,"2023-03-07T14:10:00.000Z",1678198200000,12250,12100,12100,86.5,13.5,0,2.8,0.6,,0.2,43000,319400,6857200,,3890455000,3369625000,520830000,
98847.8,998300,12230215000,49698850000,37468635000,87530575000,1194621956.5,883999347.8,-4,73484.8,7073.9,0.6,151700,-101600,-1231570000,12150,"2023-03-07T14:15:00.000Z",1678198500000,12250,12150,12250,37.5,62.5,0,1.5,3.4,,1.7,253300,405000,7262200,,4940420000,1854425000,3085995000,
98847.8,988700,12118165000,50854415000,38736250000,89953755000,1194621956.5,883999347.8,-0.4,73484.8,7073.9,0.9,95100,-9600,-112050000,12100,"2023-03-07T14:20:00.000Z",1678198800000,12200,12100,12150,47.6,52.4,0,1,1.4,,1.1,104700,199800,7462000,,2423180000,1155565000,1267615000,
98847.8,1166700,14288640000,54952610000,40663970000,95979670000,1194621956.5,883999347.8,7,73484.8,7073.9,2.1,336900,178000,2170475000,12100,"2023-03-07T14:25:00.000Z",1678199100000,12200,12100,12100,68,32,0,3.4,2.2,,0.5,158900,495800,7957800,,6025915000,4098195000,1927720000,
98847.8,1166700,14288640000,54952610000,40663970000,99577450000,1194621956.5,883999347.8,0,73484.8,7073.9,NaN,,0,0,12200,"2023-03-07T14:45:00.000Z",1678200300000,12200,12200,12200,0,0,100,,,41.7,NaN,,294900,8252700,294900,3597780000,,,3597780000
