"abu","acum_busd","acum_busd_val","acum_val_bu","acum_val_sd","acum_val","avg_val_bu","avg_val_sd","rbusd","asd","auk","bs","bu","bu-sd","bu-sd_val","c","date","datetime","h","l","o","pbu","psd","puk","rbu","rsd","ruk","sb","sd","sum_vol","total_vol","uk","val","val_bu","val_sd","val_uk"
1114.7,300,1350000,1350000,0,1350000,4913529.4,11041764.7,-0.2,2517.6,317.6,Infinity,300,300,1350000,4500,"2023-03-07T09:00:00.000Z",1678179600000,4500,4500,4500,100,0,0,0.3,,,0,,300,300,,1350000,1350000,,
1114.7,7000,30830000,30830000,0,30830000,4913529.4,11041764.7,-4.8,2517.6,317.6,Infinity,6700,6700,29480000,4400,"2023-03-07T09:25:00.000Z",1678181100000,4400,4400,4400,100,0,0,6,,,0,,6700,7000,,29480000,29480000,,
1114.7,4000,17630000,30830000,13200000,44030000,4913529.4,11041764.7,2.2,2517.6,317.6,0,,-3000,-13200000,4400,"2023-03-07T09:30:00.000Z",1678181400000,4400,4400,4400,0,100,0,,1.2,,Infinity,3000,3000,10000,,13200000,,13200000,
1114.7,700,3110000,30830000,27720000,58550000,4913529.4,11041764.7,2.4,2517.6,317.6,0,,-3300,-14520000,4400,"2023-03-07T09:40:00.000Z",1678182000000,4400,4400,4400,0,100,0,,1.3,,Infinity,3300,3300,13300,,14520000,,14520000,
1114.7,-500,-2170000,30830000,33000000,63830000,4913529.4,11041764.7,0.9,2517.6,317.6,0,,-1200,-5280000,4400,"2023-03-07T09:50:00.000Z",1678182600000,4400,4400,4400,0,100,0,,0.5,,Infinity,1200,1200,14500,,5280000,,5280000,
1114.7,1500,6830000,39830000,33000000,72830000,4913529.4,11041764.7,-1.5,2517.6,317.6,Infinity,2000,2000,9000000,4500,"2023-03-07T10:00:00.000Z",1678183200000,4500,4500,4500,100,0,0,1.8,,,0,,2000,16500,,9000000,9000000,,
1114.7,-8000,-34970000,39830000,74800000,114630000,4913529.4,11041764.7,6.8,2517.6,317.6,0,,-9500,-41800000,4400,"2023-03-07T10:15:00.000Z",1678184100000,4400,4400,4400,0,100,0,,3.8,,Infinity,9500,9500,26000,,41800000,,41800000,
1114.7,-11000,-48170000,39830000,88000000,127830000,4913529.4,11041764.7,2.2,2517.6,317.6,0,,-3000,-13200000,4400,"2023-03-07T10:30:00.000Z",1678185000000,4400,4400,4400,0,100,0,,1.2,,Infinity,3000,3000,29000,,13200000,,13200000,
1114.7,-11100,-48610000,39830000,88440000,128270000,4913529.4,11041764.7,0.1,2517.6,317.6,0,,-100,-440000,4400,"2023-03-07T10:35:00.000Z",1678185300000,4400,4400,4400,0,100,0,,0,,Infinity,100,100,29100,,440000,,440000,
1114.7,-18700,-82050000,41590000,123640000,165230000,4913529.4,11041764.7,5.5,2517.6,317.6,0.1,400,-7600,-33440000,4400,"2023-03-07T10:45:00.000Z",1678185900000,4400,4400,4400,4.8,95.2,0,0.4,3.2,,20,8000,8400,37500,,36960000,1760000,35200000,
1114.7,-18700,-82040000,42030000,124070000,166100000,4913529.4,11041764.7,0,2517.6,317.6,1,100,0,10000,4300,"2023-03-07T10:50:00.000Z",1678186200000,4400,4300,4400,50,50,0,0.1,0,,1,100,200,37700,,870000,440000,430000,
1114.7,-16500,-72360000,51710000,124070000,175780000,4913529.4,11041764.7,-1.6,2517.6,317.6,Infinity,2200,2200,9680000,4400,"2023-03-07T10:55:00.000Z",1678186500000,4400,4400,4400,100,0,0,2,,,0,,2200,39900,,9680000,9680000,,
1114.7,-16000,-70110000,53960000,124070000,178030000,4913529.4,11041764.7,-0.4,2517.6,317.6,Infinity,500,500,2250000,4500,"2023-03-07T11:05:00.000Z",1678187100000,4500,4500,4500,100,0,0,0.4,,,0,,500,40400,,2250000,2250000,,
1114.7,-15900,-69660000,54410000,124070000,178480000,4913529.4,11041764.7,-0.1,2517.6,317.6,Infinity,100,100,450000,4500,"2023-03-07T11:10:00.000Z",1678187400000,4500,4500,4500,100,0,0,0.1,,,0,,100,40500,,450000,450000,,
1114.7,-15900,-69660000,54410000,124070000,226000000,4913529.4,11041764.7,0,2517.6,317.6,NaN,,0,0,4400,"2023-03-07T11:20:00.000Z",1678188000000,4400,4400,4400,0,0,100,,,34,NaN,,10800,51300,10800,47520000,,,47520000
1114.7,-16000,-70090000,54410000,124500000,226430000,4913529.4,11041764.7,0.1,2517.6,317.6,0,,-100,-430000,4300,"2023-03-07T11:25:00.000Z",1678188300000,4300,4300,4300,0,100,0,,0,,Infinity,100,100,51400,,430000,,430000,
1114.7,-15000,-65690000,58810000,124500000,230830000,4913529.4,11041764.7,-0.7,2517.6,317.6,Infinity,1000,1000,4400000,4400,"2023-03-07T13:00:00.000Z",1678194000000,4400,4400,4400,100,0,0,0.9,,,0,,1000,52400,,4400000,4400000,,
1114.7,-13800,-60410000,64090000,124500000,236110000,4913529.4,11041764.7,-0.9,2517.6,317.6,Infinity,1200,1200,5280000,4400,"2023-03-07T13:10:00.000Z",1678194600000,4400,4400,4400,100,0,0,1.1,,,0,,1200,53600,,5280000,5280000,,
1114.7,-10900,-47650000,76850000,124500000,248870000,4913529.4,11041764.7,-2.1,2517.6,317.6,Infinity,2900,2900,12760000,4400,"2023-03-07T13:20:00.000Z",1678195200000,4400,4400,4400,100,0,0,2.6,,,0,,2900,56500,,12760000,12760000,,
1114.7,-1900,-8050000,116450000,124500000,288470000,4913529.4,11041764.7,-6.5,2517.6,317.6,Infinity,9000,9000,39600000,4400,"2023-03-07T13:30:00.000Z",1678195800000,4400,4400,4400,100,0,0,8.1,,,0,,9000,65500,,39600000,39600000,,
1114.7,-7900,-34450000,116450000,150900000,314870000,4913529.4,11041764.7,4.3,2517.6,317.6,0,,-6000,-26400000,4400,"2023-03-07T13:35:00.000Z",1678196100000,4400,4400,4400,0,100,0,,2.4,,Infinity,6000,6000,71500,,26400000,,26400000,
1114.7,-8900,-38850000,116450000,155300000,319270000,4913529.4,11041764.7,0.7,2517.6,317.6,0,,-1000,-4400000,4400,"2023-03-07T13:40:00.000Z",1678196400000,4400,4400,4400,0,100,0,,0.4,,Infinity,1000,1000,72500,,4400000,,4400000,
1114.7,-13600,-59530000,119970000,179500000,346990000,4913529.4,11041764.7,3.4,2517.6,317.6,0.1,800,-4700,-20680000,4400,"2023-03-07T13:45:00.000Z",1678196700000,4400,4400,4400,12.7,87.3,0,0.7,2.2,,6.9,5500,6300,78800,,27720000,3520000,24200000,
1114.7,-14900,-65250000,119970000,185220000,352710000,4913529.4,11041764.7,0.9,2517.6,317.6,0,,-1300,-5720000,4400,"2023-03-07T13:50:00.000Z",1678197000000,4400,4400,4400,0,100,0,,0.5,,Infinity,1300,1300,80100,,5720000,,5720000,
1114.7,-14800,-64810000,120410000,185220000,353150000,4913529.4,11041764.7,-0.1,2517.6,317.6,Infinity,100,100,440000,4400,"2023-03-07T13:55:00.000Z",1678197300000,4400,4400,4400,100,0,0,0.1,,,0,,100,80200,,440000,440000,,
1114.7,-14300,-62610000,122610000,185220000,355350000,4913529.4,11041764.7,-0.4,2517.6,317.6,Infinity,500,500,2200000,4400,"2023-03-07T14:00:00.000Z",1678197600000,4400,4400,4400,100,0,0,0.4,,,0,,500,80700,,2200000,2200000,,
1114.7,-15600,-68330000,122610000,190940000,361070000,4913529.4,11041764.7,0.9,2517.6,317.6,0,,-1300,-5720000,4400,"2023-03-07T14:05:00.000Z",1678197900000,4400,4400,4400,0,100,0,,0.5,,Infinity,1300,1300,82000,,5720000,,5720000,
1114.7,-27600,-119930000,122610000,242540000,412670000,4913529.4,11041764.7,8.4,2517.6,317.6,0,,-12000,-51600000,4300,"2023-03-07T14:10:00.000Z",1678198200000,4300,4300,4300,0,100,0,,4.8,,Infinity,12000,12000,94000,,51600000,,51600000,
1114.7,-30500,-132690000,131850000,264540000,443910000,4913529.4,11041764.7,2.1,2517.6,317.6,0.4,2100,-2900,-12760000,4400,"2023-03-07T14:15:00.000Z",1678198500000,4400,4400,4400,29.6,70.4,0,1.9,2,,2.4,5000,7100,101100,,31240000,9240000,22000000,
1114.7,-23300,-101010000,163530000,264540000,475590000,4913529.4,11041764.7,-5.2,2517.6,317.6,Infinity,7200,7200,31680000,4400,"2023-03-07T14:20:00.000Z",1678198800000,4400,4400,4400,100,0,0,6.5,,,0,,7200,108300,,31680000,31680000,,
1114.7,-47600,-207930000,166610000,374540000,588670000,4913529.4,11041764.7,17.4,2517.6,317.6,0,700,-24300,-106920000,4400,"2023-03-07T14:25:00.000Z",1678199100000,4400,4400,4400,2.7,97.3,0,0.6,9.9,,35.7,25000,25700,134000,,113080000,3080000,110000000,
1114.7,-47500,-207480000,167060000,374540000,589120000,4913529.4,11041764.7,-0.1,2517.6,317.6,Infinity,100,100,450000,4500,"2023-03-07T14:40:00.000Z",1678200000000,4500,4500,4500,100,0,0,0.1,,,0,,100,134100,,450000,450000,,
1114.7,-47600,-207920000,167060000,374980000,589560000,4913529.4,11041764.7,0.1,2517.6,317.6,0,,-100,-440000,4400,"2023-03-07T14:50:00.000Z",1678200600000,4400,4400,4400,0,100,0,,0,,Infinity,100,100,134200,,440000,,440000,
1114.7,-47700,-208360000,167060000,375420000,590000000,4913529.4,11041764.7,0.1,2517.6,317.6,0,,-100,-440000,4400,"2023-03-07T14:55:00.000Z",1678200900000,4400,4400,4400,0,100,0,,0,,Infinity,100,100,134300,,440000,,440000,
