"abu","acum_busd","acum_busd_val","acum_val_bu","acum_val_sd","acum_val","avg_val_bu","avg_val_sd","rbusd","asd","auk","bs","bu","bu-sd","bu-sd_val","c","date","datetime","h","l","o","pbu","psd","puk","rbu","rsd","ruk","sb","sd","sum_vol","total_vol","uk","val","val_bu","val_sd","val_uk"
1747.8,13300,107225000,107225000,0,107225000,14119087,2699913,9.4,334.8,160.9,Infinity,13300,13300,107225000,8140,"2023-03-07T09:15:00.000Z",1678180500000,8140,8050,8050,100,0,0,7.6,,,0,,13300,13300,,107225000,107225000,,
1747.8,16900,136457000,136457000,0,136457000,14119087,2699913,2.6,334.8,160.9,Infinity,3600,3600,29232000,8120,"2023-03-07T09:20:00.000Z",1678180800000,8120,8120,8120,100,0,0,2.1,,,0,,3600,16900,,29232000,29232000,,
1747.8,20700,167281000,167281000,0,185934000,14119087,2699913,2.7,334.8,160.9,Infinity,3800,3800,30824000,8110,"2023-03-07T09:30:00.000Z",1678181400000,8120,8110,8120,62.3,0,37.7,2.2,,14.3,0,,6100,23000,2300,49477000,30824000,,18653000
1747.8,21700,175381000,175381000,0,194034000,14119087,2699913,0.7,334.8,160.9,Infinity,1000,1000,8100000,8100,"2023-03-07T10:00:00.000Z",1678183200000,8100,8100,8100,100,0,0,0.6,,,0,,1000,24000,,8100000,8100000,,
1747.8,23600,190771000,190771000,0,209424000,14119087,2699913,1.3,334.8,160.9,Infinity,1900,1900,15390000,8100,"2023-03-07T10:10:00.000Z",1678183800000,8100,8100,8100,100,0,0,1.1,,,0,,1900,25900,,15390000,15390000,,
1747.8,23700,191582000,191582000,0,210235000,14119087,2699913,0.1,334.8,160.9,Infinity,100,100,811000,8110,"2023-03-07T10:20:00.000Z",1678184400000,8110,8110,8110,100,0,0,0.1,,,0,,100,26000,,811000,811000,,
1747.8,22600,182641000,198881000,16240000,233774000,14119087,2699913,-0.8,334.8,160.9,0.5,900,-1100,-8941000,8120,"2023-03-07T10:25:00.000Z",1678184700000,8120,8110,8110,31,69,0,0.5,6,,2.2,2000,2900,28900,,23539000,7299000,16240000,
1747.8,22700,183454000,199694000,16240000,234587000,14119087,2699913,0.1,334.8,160.9,Infinity,100,100,813000,8130,"2023-03-07T10:30:00.000Z",1678185000000,8130,8130,8130,100,0,0,0.1,,,0,,100,29000,,813000,813000,,
1747.8,21800,176209000,199694000,23485000,241832000,14119087,2699913,-0.6,334.8,160.9,0,,-900,-7245000,8050,"2023-03-07T10:35:00.000Z",1678185300000,8050,8050,8050,0,100,0,,2.7,,Infinity,900,900,29900,,7245000,,7245000,
1747.8,21900,177014000,200499000,23485000,242637000,14119087,2699913,0.1,334.8,160.9,Infinity,100,100,805000,8050,"2023-03-07T10:40:00.000Z",1678185600000,8050,8050,8050,100,0,0,0.1,,,0,,100,30000,,805000,805000,,
1747.8,20200,163329000,200499000,37170000,256322000,14119087,2699913,-1.2,334.8,160.9,0,,-1700,-13685000,8050,"2023-03-07T10:45:00.000Z",1678185900000,8050,8050,8050,0,100,0,,5.1,,Infinity,1700,1700,31700,,13685000,,13685000,
1747.8,20700,167354000,204524000,37170000,260347000,14119087,2699913,0.4,334.8,160.9,Infinity,500,500,4025000,8050,"2023-03-07T10:50:00.000Z",1678186200000,8050,8050,8050,100,0,0,0.3,,,0,,500,32200,,4025000,4025000,,
1747.8,23900,193082000,242312000,49230000,310195000,14119087,2699913,2.3,334.8,160.9,3.1,4700,3200,25728000,8040,"2023-03-07T13:00:00.000Z",1678194000000,8040,8040,8040,75.8,24.2,0,2.7,4.5,,0.3,1500,6200,38400,,49848000,37788000,12060000,
1747.8,28300,228458000,277688000,49230000,345571000,14119087,2699913,3.1,334.8,160.9,Infinity,4400,4400,35376000,8040,"2023-03-07T13:20:00.000Z",1678195200000,8040,8040,8040,100,0,0,2.5,,,0,,4400,42800,,35376000,35376000,,
1747.8,28800,232478000,281708000,49230000,349591000,14119087,2699913,0.4,334.8,160.9,Infinity,500,500,4020000,8040,"2023-03-07T13:25:00.000Z",1678195500000,8040,8040,8040,100,0,0,0.3,,,0,,500,43300,,4020000,4020000,,
1747.8,28900,233282000,282512000,49230000,350395000,14119087,2699913,0.1,334.8,160.9,Infinity,100,100,804000,8040,"2023-03-07T13:35:00.000Z",1678196100000,8040,8040,8040,100,0,0,0.1,,,0,,100,43400,,804000,804000,,
1747.8,28800,232478000,282512000,50034000,351199000,14119087,2699913,-0.1,334.8,160.9,0,,-100,-804000,8040,"2023-03-07T13:40:00.000Z",1678196400000,8040,8040,8040,0,100,0,,0.3,,Infinity,100,100,43500,,804000,,804000,
1747.8,28900,233286000,283320000,50034000,352007000,14119087,2699913,0.1,334.8,160.9,Infinity,100,100,808000,8080,"2023-03-07T13:55:00.000Z",1678197300000,8080,8080,8080,100,0,0,0.1,,,0,,100,43600,,808000,808000,,
1747.8,27800,224442000,283320000,58878000,360851000,14119087,2699913,-0.8,334.8,160.9,0,,-1100,-8844000,8040,"2023-03-07T14:00:00.000Z",1678197600000,8040,8040,8040,0,100,0,,3.3,,Infinity,1100,1100,44700,,8844000,,8844000,
1747.8,27400,221222000,283320000,62098000,364071000,14119087,2699913,-0.3,334.8,160.9,0,,-400,-3220000,8050,"2023-03-07T14:15:00.000Z",1678198500000,8050,8050,8050,0,100,0,,1.2,,Infinity,400,400,45100,,3220000,,3220000,
1747.8,27500,222030000,284128000,62098000,364879000,14119087,2699913,0.1,334.8,160.9,Infinity,100,100,808000,8080,"2023-03-07T14:20:00.000Z",1678198800000,8080,8080,8080,100,0,0,0.1,,,0,,100,45200,,808000,808000,,
1747.8,32300,261015000,323113000,62098000,415246000,14119087,2699913,3.4,334.8,160.9,Infinity,4800,4800,38985000,8130,"2023-03-07T14:25:00.000Z",1678199100000,8140,8080,8080,77.4,0,22.6,2.7,,8.7,0,,6200,51400,1400,50367000,38985000,,11382000
1747.8,32500,262641000,324739000,62098000,416872000,14119087,2699913,0.1,334.8,160.9,Infinity,200,200,1626000,8130,"2023-03-07T14:45:00.000Z",1678200300000,8130,8130,8130,100,0,0,0.1,,,0,,200,51600,,1626000,1626000,,
