"abu","acum_busd","acum_busd_val","acum_val_bu","acum_val_sd","acum_val","avg_val_bu","avg_val_sd","rbusd","asd","auk","bs","bu","bu-sd","bu-sd_val","c","date","datetime","h","l","o","pbu","psd","puk","rbu","rsd","ruk","sb","sd","sum_vol","total_vol","uk","val","val_bu","val_sd","val_uk"
1246.7,100,348000,348000,0,348000,4257000,10377666.7,-0.1,3053.3,370,Infinity,100,100,348000,3480,"2023-03-07T09:20:00.000Z",1678180800000,3480,3480,3480,100,0,0,0.1,,,0,,100,100,,348000,348000,,
1246.7,-2900,-9912000,348000,10260000,10608000,4257000,10377666.7,1.7,3053.3,370,0,,-3000,-10260000,3420,"2023-03-07T09:30:00.000Z",1678181400000,3420,3420,3420,0,100,0,,1,,Infinity,3000,3000,3100,,10260000,,10260000,
1246.7,-300,-1031000,14329000,15360000,29689000,4257000,10377666.7,-1.5,3053.3,370,2.7,4100,2600,8881000,3410,"2023-03-07T09:35:00.000Z",1678181700000,3410,3400,3410,73.2,26.8,0,3.3,0.5,,0.4,1500,5600,8700,,19081000,13981000,5100000,
1246.7,-200,-689000,14671000,15360000,30031000,4257000,10377666.7,-0.1,3053.3,370,Infinity,100,100,342000,3420,"2023-03-07T09:40:00.000Z",1678182000000,3420,3420,3420,100,0,0,0.1,,,0,,100,8800,,342000,342000,,
1246.7,-900,-3083000,14671000,17754000,32425000,4257000,10377666.7,0.4,3053.3,370,0,,-700,-2394000,3420,"2023-03-07T09:50:00.000Z",1678182600000,3420,3420,3420,0,100,0,,0.2,,Infinity,700,700,9500,,2394000,,2394000,
1246.7,-4500,-15344000,19801000,35145000,54946000,4257000,10377666.7,2,3053.3,370,0.3,1500,-3600,-12261000,3410,"2023-03-07T10:00:00.000Z",1678183200000,3420,3410,3420,22.7,77.3,0,1.2,1.7,,3.4,5100,6600,16100,,22521000,5130000,17391000,
1246.7,-5900,-20118000,19801000,39919000,59720000,4257000,10377666.7,0.8,3053.3,370,0,,-1400,-4774000,3410,"2023-03-07T10:05:00.000Z",1678183500000,3410,3410,3410,0,100,0,,0.5,,Infinity,1400,1400,17500,,4774000,,4774000,
1246.7,-11800,-40178000,19801000,59979000,79780000,4257000,10377666.7,3.3,3053.3,370,0,,-5900,-20060000,3400,"2023-03-07T10:10:00.000Z",1678183800000,3400,3400,3400,0,100,0,,1.9,,Infinity,5900,5900,23400,,20060000,,20060000,
1246.7,-17800,-60578000,19801000,80379000,100180000,4257000,10377666.7,3.3,3053.3,370,0,,-6000,-20400000,3400,"2023-03-07T10:30:00.000Z",1678185000000,3400,3400,3400,0,100,0,,2,,Infinity,6000,6000,29400,,20400000,,20400000,
1246.7,-22800,-77578000,19801000,97379000,117180000,4257000,10377666.7,2.8,3053.3,370,0,,-5000,-17000000,3400,"2023-03-07T10:45:00.000Z",1678185900000,3400,3400,3400,0,100,0,,1.6,,Infinity,5000,5000,34400,,17000000,,17000000,
1246.7,-26000,-88458000,19801000,108259000,128060000,4257000,10377666.7,1.8,3053.3,370,0,,-3200,-10880000,3400,"2023-03-07T11:00:00.000Z",1678186800000,3400,3400,3400,0,100,0,,1,,Infinity,3200,3200,37600,,10880000,,10880000,
1246.7,-31000,-105458000,19801000,125259000,145060000,4257000,10377666.7,2.8,3053.3,370,0,,-5000,-17000000,3400,"2023-03-07T11:10:00.000Z",1678187400000,3400,3400,3400,0,100,0,,1.6,,Infinity,5000,5000,42600,,17000000,,17000000,
1246.7,-31600,-107498000,19801000,127299000,147100000,4257000,10377666.7,0.3,3053.3,370,0,,-600,-2040000,3400,"2023-03-07T11:15:00.000Z",1678187700000,3400,3400,3400,0,100,0,,0.2,,Infinity,600,600,43200,,2040000,,2040000,
1246.7,-33600,-114298000,19801000,134099000,153900000,4257000,10377666.7,1.1,3053.3,370,0,,-2000,-6800000,3400,"2023-03-07T11:20:00.000Z",1678188000000,3400,3400,3400,0,100,0,,0.7,,Infinity,2000,2000,45200,,6800000,,6800000,
1246.7,-33200,-112936000,23203000,136139000,159342000,4257000,10377666.7,-0.2,3053.3,370,1.7,1000,400,1362000,3410,"2023-03-07T13:00:00.000Z",1678194000000,3410,3400,3400,62.5,37.5,0,0.8,0.2,,0.6,600,1600,46800,,5442000,3402000,2040000,
1246.7,-12500,-42142000,93997000,136139000,230136000,4257000,10377666.7,-11.6,3053.3,370,Infinity,20700,20700,70794000,3420,"2023-03-07T13:05:00.000Z",1678194300000,3420,3420,3420,100,0,0,16.6,,,0,,20700,67500,,70794000,70794000,,
1246.7,-13500,-45572000,93997000,139569000,233566000,4257000,10377666.7,0.6,3053.3,370,0,,-1000,-3430000,3430,"2023-03-07T13:10:00.000Z",1678194600000,3430,3430,3430,0,100,0,,0.3,,Infinity,1000,1000,68500,,3430000,,3430000,
1246.7,-19600,-66434000,93997000,160431000,254428000,4257000,10377666.7,3.4,3053.3,370,0,,-6100,-20862000,3420,"2023-03-07T13:15:00.000Z",1678194900000,3420,3420,3420,0,100,0,,2,,Infinity,6100,6100,74600,,20862000,,20862000,
1246.7,-20600,-69844000,93997000,163841000,257838000,4257000,10377666.7,0.6,3053.3,370,0,,-1000,-3410000,3410,"2023-03-07T13:20:00.000Z",1678195200000,3410,3410,3410,0,100,0,,0.3,,Infinity,1000,1000,75600,,3410000,,3410000,
1246.7,-19000,-64388000,99453000,163841000,263294000,4257000,10377666.7,-0.9,3053.3,370,Infinity,1600,1600,5456000,3410,"2023-03-07T13:25:00.000Z",1678195500000,3410,3410,3410,100,0,0,1.3,,,0,,1600,77200,,5456000,5456000,,
1246.7,-17200,-58250000,105591000,163841000,269432000,4257000,10377666.7,-1,3053.3,370,Infinity,1800,1800,6138000,3410,"2023-03-07T13:40:00.000Z",1678196400000,3410,3410,3410,100,0,0,1.4,,,0,,1800,79000,,6138000,6138000,,
1246.7,-22200,-75250000,105591000,180841000,286432000,4257000,10377666.7,2.8,3053.3,370,0,,-5000,-17000000,3400,"2023-03-07T13:50:00.000Z",1678197000000,3400,3400,3400,0,100,0,,1.6,,Infinity,5000,5000,84000,,17000000,,17000000,
1246.7,-52200,-176861000,105591000,282452000,388043000,4257000,10377666.7,16.6,3053.3,370,0,,-30000,-101611000,3370,"2023-03-07T13:55:00.000Z",1678197300000,3400,3370,3400,0,100,0,,9.8,,Infinity,30000,30000,114000,,101611000,,101611000,
1246.7,-51100,-173110000,109342000,282452000,391794000,4257000,10377666.7,-0.6,3053.3,370,Infinity,1100,1100,3751000,3410,"2023-03-07T14:00:00.000Z",1678197600000,3410,3410,3410,100,0,0,0.9,,,0,,1100,115100,,3751000,3751000,,
1246.7,-50100,-169693000,112759000,282452000,395211000,4257000,10377666.7,-0.6,3053.3,370,Infinity,1000,1000,3417000,3420,"2023-03-07T14:05:00.000Z",1678197900000,3420,3410,3410,100,0,0,0.8,,,0,,1000,116100,,3417000,3417000,,
1246.7,-53700,-181933000,125679000,307612000,433291000,4257000,10377666.7,2,3053.3,370,0.5,3800,-3600,-12240000,3400,"2023-03-07T14:10:00.000Z",1678198200000,3400,3400,3400,33.9,66.1,0,3,2.4,,1.9,7400,11200,127300,,38080000,12920000,25160000,
1246.7,-53400,-180916000,126696000,307612000,434308000,4257000,10377666.7,-0.2,3053.3,370,Infinity,300,300,1017000,3390,"2023-03-07T14:15:00.000Z",1678198500000,3390,3390,3390,100,0,0,0.2,,,0,,300,127600,,1017000,1017000,,
1246.7,-53600,-181592000,127710000,309302000,437012000,4257000,10377666.7,0.1,3053.3,370,0.6,300,-200,-676000,3380,"2023-03-07T14:20:00.000Z",1678198800000,3380,3380,3380,37.5,62.5,0,0.2,0.2,,1.7,500,800,128400,,2704000,1014000,1690000,
1246.7,-54200,-183620000,127710000,311330000,439040000,4257000,10377666.7,0.3,3053.3,370,0,,-600,-2028000,3380,"2023-03-07T14:25:00.000Z",1678199100000,3380,3380,3380,0,100,0,,0.2,,Infinity,600,600,129000,,2028000,,2028000,
1246.7,-54200,-183620000,127710000,311330000,476780000,4257000,10377666.7,0,3053.3,370,NaN,,0,0,3400,"2023-03-07T14:45:00.000Z",1678200300000,3400,3400,3400,0,0,100,,,30,NaN,,11100,140100,11100,37740000,,,37740000
