"abu","acum_busd","acum_busd_val","acum_val_bu","acum_val_sd","acum_val","avg_val_bu","avg_val_sd","rbusd","asd","auk","bs","bu","bu-sd","bu-sd_val","c","date","datetime","h","l","o","pbu","psd","puk","rbu","rsd","ruk","sb","sd","sum_vol","total_vol","uk","val","val_bu","val_sd","val_uk"
2426.8,-5200,-18380000,32680000,51060000,83740000,9221951.2,16541707.3,2.5,4470.7,0,0.6,8600,-5200,-18380000,3700,"2023-03-22T09:00:00.000Z",1679475600000,3800,3700,3800,38.4,61.6,0,3.5,3.1,,1.6,13800,22400,22400,,83740000,32680000,51060000,
2426.8,-4200,-14580000,36480000,51060000,87540000,9221951.2,16541707.3,-0.5,4470.7,0,Infinity,1000,1000,3800000,3800,"2023-03-22T09:10:00.000Z",1679476200000,3800,3800,3800,100,0,0,0.4,,,0,,1000,23400,,3800000,3800000,,
2426.8,-2900,-9640000,41420000,51060000,92480000,9221951.2,16541707.3,-0.7,4470.7,0,Infinity,1300,1300,4940000,3800,"2023-03-22T09:15:00.000Z",1679476500000,3800,3800,3800,100,0,0,0.5,,,0,,1300,24700,,4940000,4940000,,
2426.8,-2400,-7730000,43700000,51430000,95130000,9221951.2,16541707.3,-0.3,4470.7,0,6,600,500,1910000,3800,"2023-03-22T09:20:00.000Z",1679476800000,3800,3700,3800,85.7,14.3,0,0.2,0,,0.2,100,700,25400,,2650000,2280000,370000,
2426.8,-1200,-3170000,48260000,51430000,99690000,9221951.2,16541707.3,-0.6,4470.7,0,Infinity,1200,1200,4560000,3800,"2023-03-22T09:25:00.000Z",1679477100000,3800,3800,3800,100,0,0,0.5,,,0,,1200,26600,,4560000,4560000,,
2426.8,-200,630000,52060000,51430000,103490000,9221951.2,16541707.3,-0.5,4470.7,0,Infinity,1000,1000,3800000,3800,"2023-03-22T09:30:00.000Z",1679477400000,3800,3800,3800,100,0,0,0.4,,,0,,1000,27600,,3800000,3800000,,
2426.8,-700,-1220000,52060000,53280000,105340000,9221951.2,16541707.3,0.3,4470.7,0,0,,-500,-1850000,3700,"2023-03-22T09:35:00.000Z",1679477700000,3700,3700,3700,0,100,0,,0.1,,Infinity,500,500,28100,,1850000,,1850000,
2426.8,-1700,-4920000,52060000,56980000,109040000,9221951.2,16541707.3,0.5,4470.7,0,0,,-1000,-3700000,3700,"2023-03-22T09:40:00.000Z",1679478000000,3700,3700,3700,0,100,0,,0.2,,Infinity,1000,1000,29100,,3700000,,3700000,
2426.8,-1500,-4080000,55860000,59940000,115800000,9221951.2,16541707.3,-0.1,4470.7,0,1.3,1000,200,840000,3800,"2023-03-22T10:00:00.000Z",1679479200000,3800,3700,3700,55.6,44.4,0,0.4,0.2,,0.8,800,1800,30900,,6760000,3800000,2960000,
2426.8,-1700,-4790000,57000000,61790000,118790000,9221951.2,16541707.3,0.1,4470.7,0,0.6,300,-200,-710000,3700,"2023-03-22T10:05:00.000Z",1679479500000,3800,3700,3800,37.5,62.5,0,0.1,0.1,,1.7,500,800,31700,,2990000,1140000,1850000,
2426.8,1300,6660000,70300000,63640000,133940000,9221951.2,16541707.3,-1.6,4470.7,0,7,3500,3000,11450000,3700,"2023-03-22T10:10:00.000Z",1679479800000,3800,3700,3800,87.5,12.5,0,1.4,0.1,,0.1,500,4000,35700,,15150000,13300000,1850000,
2426.8,1600,7800000,71440000,63640000,135080000,9221951.2,16541707.3,-0.2,4470.7,0,Infinity,300,300,1140000,3800,"2023-03-22T10:15:00.000Z",1679480100000,3800,3800,3800,100,0,0,0.1,,,0,,300,36000,,1140000,1140000,,
2426.8,2000,9320000,72960000,63640000,136600000,9221951.2,16541707.3,-0.2,4470.7,0,Infinity,400,400,1520000,3800,"2023-03-22T10:20:00.000Z",1679480400000,3800,3800,3800,100,0,0,0.2,,,0,,400,36400,,1520000,1520000,,
2426.8,17000,66320000,129960000,63640000,193600000,9221951.2,16541707.3,-7.8,4470.7,0,Infinity,15000,15000,57000000,3800,"2023-03-22T10:25:00.000Z",1679480700000,3800,3800,3800,100,0,0,6.2,,,0,,15000,51400,,57000000,57000000,,
2426.8,32300,124460000,188100000,63640000,251740000,9221951.2,16541707.3,-7.9,4470.7,0,Infinity,15300,15300,58140000,3800,"2023-03-22T10:30:00.000Z",1679481000000,3800,3800,3800,100,0,0,6.3,,,0,,15300,66700,,58140000,58140000,,
2426.8,47000,180620000,255360000,74740000,330100000,9221951.2,16541707.3,-7.7,4470.7,0,5.9,17700,14700,56160000,3800,"2023-03-22T10:35:00.000Z",1679481300000,3800,3700,3800,85.5,14.5,0,7.3,0.7,,0.2,3000,20700,87400,,78360000,67260000,11100000,
2426.8,45200,174080000,259920000,85840000,345760000,9221951.2,16541707.3,0.9,4470.7,0,0.4,1200,-1800,-6540000,3700,"2023-03-22T10:40:00.000Z",1679481600000,3800,3700,3700,28.6,71.4,0,0.5,0.7,,2.5,3000,4200,91600,,15660000,4560000,11100000,
2426.8,44700,172430000,267520000,95090000,362610000,9221951.2,16541707.3,0.2,4470.7,0,0.8,2000,-500,-1650000,3700,"2023-03-22T10:45:00.000Z",1679481900000,3800,3700,3800,44.4,55.6,0,0.8,0.6,,1.3,2500,4500,96100,,16850000,7600000,9250000,
2426.8,44800,172810000,267900000,95090000,362990000,9221951.2,16541707.3,-0.1,4470.7,0,Infinity,100,100,380000,3800,"2023-03-22T10:50:00.000Z",1679482200000,3800,3800,3800,100,0,0,0,,,0,,100,96200,,380000,380000,,
2426.8,44900,173190000,268280000,95090000,363370000,9221951.2,16541707.3,-0.1,4470.7,0,Infinity,100,100,380000,3800,"2023-03-22T11:10:00.000Z",1679483400000,3800,3800,3800,100,0,0,0,,,0,,100,96300,,380000,380000,,
2426.8,31900,125090000,268280000,143190000,411470000,9221951.2,16541707.3,6.6,4470.7,0,0,,-13000,-48100000,3700,"2023-03-22T11:15:00.000Z",1679483700000,3700,3700,3700,0,100,0,,2.9,,Infinity,13000,13000,109300,,48100000,,48100000,
2426.8,31500,123610000,268280000,144670000,412950000,9221951.2,16541707.3,0.2,4470.7,0,0,,-400,-1480000,3700,"2023-03-22T11:20:00.000Z",1679484000000,3700,3700,3700,0,100,0,,0.1,,Infinity,400,400,109700,,1480000,,1480000,
2426.8,31600,123990000,268660000,144670000,413330000,9221951.2,16541707.3,-0.1,4470.7,0,Infinity,100,100,380000,3800,"2023-03-22T11:25:00.000Z",1679484300000,3800,3800,3800,100,0,0,0,,,0,,100,109800,,380000,380000,,
2426.8,26700,106170000,280440000,174270000,454710000,9221951.2,16541707.3,2.4,4470.7,0,0.4,3100,-4900,-17820000,3800,"2023-03-22T13:00:00.000Z",1679490000000,3800,3700,3700,27.9,72.1,0,1.3,1.8,,2.6,8000,11100,120900,,41380000,11780000,29600000,
2426.8,29300,116500000,307420000,190920000,498340000,9221951.2,16541707.3,-1.4,4470.7,0,1.6,7100,2600,10330000,3800,"2023-03-22T13:05:00.000Z",1679490300000,3800,3700,3800,61.2,38.8,0,2.9,1,,0.6,4500,11600,132500,,43630000,26980000,16650000,
2426.8,36300,143130000,335160000,192030000,527190000,9221951.2,16541707.3,-3.6,4470.7,0,24.3,7300,7000,26630000,3800,"2023-03-22T13:10:00.000Z",1679490600000,3800,3700,3700,96.1,3.9,0,3,0.1,,0,300,7600,140100,,28850000,27740000,1110000,
2426.8,34400,136100000,335160000,199060000,534220000,9221951.2,16541707.3,1,4470.7,0,0,,-1900,-7030000,3700,"2023-03-22T13:20:00.000Z",1679491200000,3700,3700,3700,0,100,0,,0.4,,Infinity,1900,1900,142000,,7030000,,7030000,
2426.8,34500,136480000,335540000,199060000,534600000,9221951.2,16541707.3,-0.1,4470.7,0,Infinity,100,100,380000,3800,"2023-03-22T13:25:00.000Z",1679491500000,3800,3800,3800,100,0,0,0,,,0,,100,142100,,380000,380000,,
2426.8,33500,132780000,335540000,202760000,538300000,9221951.2,16541707.3,0.5,4470.7,0,0,,-1000,-3700000,3700,"2023-03-22T13:30:00.000Z",1679491800000,3700,3700,3700,0,100,0,,0.2,,Infinity,1000,1000,143100,,3700000,,3700000,
2426.8,22600,92450000,335540000,243090000,578630000,9221951.2,16541707.3,5.5,4470.7,0,0,,-10900,-40330000,3700,"2023-03-22T13:35:00.000Z",1679492100000,3700,3700,3700,0,100,0,,2.4,,Infinity,10900,10900,154000,,40330000,,40330000,
2426.8,14800,63660000,338200000,274540000,612740000,9221951.2,16541707.3,3.9,4470.7,0,0.1,700,-7800,-28790000,3800,"2023-03-22T13:40:00.000Z",1679492400000,3800,3700,3700,7.6,92.4,0,0.3,1.9,,12.1,8500,9200,163200,,34110000,2660000,31450000,
2426.8,15900,67930000,345800000,277870000,623670000,9221951.2,16541707.3,-0.6,4470.7,0,2.2,2000,1100,4270000,3800,"2023-03-22T13:45:00.000Z",1679492700000,3800,3700,3700,69,31,0,0.8,0.2,,0.5,900,2900,166100,,10930000,7600000,3330000,
2426.8,13900,60530000,345800000,285270000,631070000,9221951.2,16541707.3,1,4470.7,0,0,,-2000,-7400000,3700,"2023-03-22T13:50:00.000Z",1679493000000,3700,3700,3700,0,100,0,,0.4,,Infinity,2000,2000,168100,,7400000,,7400000,
2426.8,12900,56930000,349600000,292670000,642270000,9221951.2,16541707.3,0.5,4470.7,0,0.5,1000,-1000,-3600000,3800,"2023-03-22T13:55:00.000Z",1679493300000,3800,3700,3700,33.3,66.7,0,0.4,0.4,,2,2000,3000,171100,,11200000,3800000,7400000,
2426.8,9500,44360000,349980000,305620000,655600000,9221951.2,16541707.3,1.7,4470.7,0,0,100,-3400,-12570000,3700,"2023-03-22T14:00:00.000Z",1679493600000,3800,3700,3700,2.8,97.2,0,0,0.8,,35,3500,3600,174700,,13330000,380000,12950000,
2426.8,-1500,3660000,349980000,346320000,696300000,9221951.2,16541707.3,5.6,4470.7,0,0,,-11000,-40700000,3700,"2023-03-22T14:05:00.000Z",1679493900000,3700,3700,3700,0,100,0,,2.5,,Infinity,11000,11000,185700,,40700000,,40700000,
2426.8,-1300,4440000,351500000,347060000,698560000,9221951.2,16541707.3,-0.1,4470.7,0,2,400,200,780000,3700,"2023-03-22T14:10:00.000Z",1679494200000,3800,3700,3800,66.7,33.3,0,0.2,0,,0.5,200,600,186300,,2260000,1520000,740000,
2426.8,-800,6540000,361000000,354460000,715460000,9221951.2,16541707.3,-0.3,4470.7,0,1.3,2500,500,2100000,3800,"2023-03-22T14:15:00.000Z",1679494500000,3800,3700,3800,55.6,44.4,0,1,0.4,,0.8,2000,4500,190800,,16900000,9500000,7400000,
2426.8,700,12240000,366700000,354460000,721160000,9221951.2,16541707.3,-0.8,4470.7,0,Infinity,1500,1500,5700000,3800,"2023-03-22T14:20:00.000Z",1679494800000,3800,3800,3800,100,0,0,0.6,,,0,,1500,192300,,5700000,5700000,,
2426.8,3100,21420000,378100000,356680000,734780000,9221951.2,16541707.3,-1.3,4470.7,0,5,3000,2400,9180000,3800,"2023-03-22T14:25:00.000Z",1679495100000,3800,3700,3800,83.3,16.7,0,1.2,0.1,,0.2,600,3600,195900,,13620000,11400000,2220000,
2426.8,-83800,-300110000,378100000,678210000,1056310000,9221951.2,16541707.3,43.9,4470.7,0,0,,-86900,-321530000,3700,"2023-03-22T14:45:00.000Z",1679496300000,3700,3700,3700,0,100,0,,19.4,,Infinity,86900,86900,282800,,321530000,,321530000,
