"abu","acum_busd","acum_busd_val","acum_val_bu","acum_val_sd","acum_val","avg_val_bu","avg_val_sd","rbusd","asd","auk","bs","bu","bu-sd","bu-sd_val","c","date","datetime","h","l","o","pbu","psd","puk","rbu","rsd","ruk","sb","sd","sum_vol","total_vol","uk","val","val_bu","val_sd","val_uk"
525.6,100,6750000,6750000,0,87270000,35242307.7,82955384.6,-0.1,1238.5,41,Infinity,100,100,6750000,67500,"2023-03-22T09:15:00.000Z",1679476500000,67500,67100,67100,7.7,0,92.3,0.2,,29.3,0,,1300,1300,1200,87270000,6750000,,80520000
525.6,-100,-6570000,47190000,53760000,181470000,35242307.7,82955384.6,0.3,1238.5,41,0.8,600,-200,-13320000,67400,"2023-03-22T09:20:00.000Z",1679476800000,67400,67200,67400,42.9,57.1,0,1.1,0.6,,1.3,800,1400,2700,,94200000,40440000,53760000,
525.6,0,170000,53930000,53760000,188210000,35242307.7,82955384.6,-0.1,1238.5,41,Infinity,100,100,6740000,67400,"2023-03-22T09:25:00.000Z",1679477100000,67400,67400,67400,100,0,0,0.2,,,0,,100,2800,,6740000,6740000,,
525.6,-100,-6560000,53930000,60490000,194940000,35242307.7,82955384.6,0.1,1238.5,41,0,,-100,-6730000,67300,"2023-03-22T09:30:00.000Z",1679477400000,67300,67300,67300,0,100,0,,0.1,,Infinity,100,100,2900,,6730000,,6730000,
525.6,-700,-46860000,53930000,100790000,235240000,35242307.7,82955384.6,0.8,1238.5,41,0,,-600,-40300000,67100,"2023-03-22T09:35:00.000Z",1679477700000,67200,67100,67200,0,100,0,,0.5,,Infinity,600,600,3500,,40300000,,40300000,
525.6,-800,-53560000,53930000,107490000,241940000,35242307.7,82955384.6,0.1,1238.5,41,0,,-100,-6700000,67000,"2023-03-22T09:40:00.000Z",1679478000000,67000,67000,67000,0,100,0,,0.1,,Infinity,100,100,3600,,6700000,,6700000,
525.6,-4600,-308090000,100900000,408990000,590410000,35242307.7,82955384.6,5.3,1238.5,41,0.2,700,-3800,-254530000,67100,"2023-03-22T09:45:00.000Z",1679478300000,67100,67000,67100,13.5,86.5,0,1.3,3.6,,6.4,4500,5200,8800,,348470000,46970000,301500000,
525.6,-4600,-308080000,107610000,415690000,603820000,35242307.7,82955384.6,0,1238.5,41,1,100,0,10000,67100,"2023-03-22T09:50:00.000Z",1679478600000,67100,67000,67000,50,50,0,0.2,0.1,,1,100,200,9000,,13410000,6710000,6700000,
525.6,-4700,-314780000,107610000,422390000,610520000,35242307.7,82955384.6,0.1,1238.5,41,0,,-100,-6700000,67000,"2023-03-22T09:55:00.000Z",1679478900000,67000,67000,67000,0,100,0,,0.1,,Infinity,100,100,9100,,6700000,,6700000,
525.6,-4800,-321480000,107610000,429090000,617220000,35242307.7,82955384.6,0.1,1238.5,41,0,,-100,-6700000,67000,"2023-03-22T10:00:00.000Z",1679479200000,67000,67000,67000,0,100,0,,0.1,,Infinity,100,100,9200,,6700000,,6700000,
525.6,-5000,-334880000,107610000,442490000,630620000,35242307.7,82955384.6,0.3,1238.5,41,0,,-200,-13400000,67000,"2023-03-22T10:05:00.000Z",1679479500000,67000,67000,67000,0,100,0,,0.2,,Infinity,200,200,9400,,13400000,,13400000,
525.6,-4800,-321460000,121030000,442490000,644040000,35242307.7,82955384.6,-0.3,1238.5,41,Infinity,200,200,13420000,67100,"2023-03-22T10:15:00.000Z",1679480100000,67100,67100,67100,100,0,0,0.4,,,0,,200,9600,,13420000,13420000,,
525.6,-4800,-321450000,127740000,449190000,657450000,35242307.7,82955384.6,0,1238.5,41,1,100,0,10000,67100,"2023-03-22T10:20:00.000Z",1679480400000,67100,67000,67000,50,50,0,0.2,0.1,,1,100,200,9800,,13410000,6710000,6700000,
525.6,-3400,-227140000,222050000,449190000,751760000,35242307.7,82955384.6,-2,1238.5,41,Infinity,1400,1400,94310000,67400,"2023-03-22T10:25:00.000Z",1679480700000,67400,67300,67300,100,0,0,2.7,,,0,,1400,11200,,94310000,94310000,,
525.6,-3300,-220400000,228790000,449190000,758500000,35242307.7,82955384.6,-0.1,1238.5,41,Infinity,100,100,6740000,67400,"2023-03-22T10:30:00.000Z",1679481000000,67400,67400,67400,100,0,0,0.2,,,0,,100,11300,,6740000,6740000,,
525.6,-8600,-575440000,242250000,817690000,1140460000,35242307.7,82955384.6,7.4,1238.5,41,0,200,-5300,-355040000,67300,"2023-03-22T10:40:00.000Z",1679481600000,67300,67000,67000,3.5,96.5,0,0.4,4.4,,27.5,5500,5700,17000,,381960000,13460000,368500000,
525.6,-8700,-582160000,242250000,824410000,1147180000,35242307.7,82955384.6,0.1,1238.5,41,0,,-100,-6720000,67200,"2023-03-22T10:55:00.000Z",1679482500000,67200,67200,67200,0,100,0,,0.1,,Infinity,100,100,17100,,6720000,,6720000,
525.6,-13900,-930590000,242250000,1172840000,1495610000,35242307.7,82955384.6,7.3,1238.5,41,0,,-5200,-348430000,67000,"2023-03-22T11:00:00.000Z",1679482800000,67100,67000,67100,0,100,0,,4.2,,Infinity,5200,5200,22300,,348430000,,348430000,
525.6,-14100,-943990000,242250000,1186240000,1509010000,35242307.7,82955384.6,0.3,1238.5,41,0,,-200,-13400000,67000,"2023-03-22T11:05:00.000Z",1679483100000,67000,67000,67000,0,100,0,,0.2,,Infinity,200,200,22500,,13400000,,13400000,
525.6,-17400,-1164850000,242250000,1407100000,1729870000,35242307.7,82955384.6,4.6,1238.5,41,0,,-3300,-220860000,66900,"2023-03-22T11:10:00.000Z",1679483400000,67000,66900,67000,0,100,0,,2.7,,Infinity,3300,3300,25800,,220860000,,220860000,
525.6,-17500,-1171550000,248950000,1420500000,1749970000,35242307.7,82955384.6,0.1,1238.5,41,0.5,100,-100,-6700000,67000,"2023-03-22T11:20:00.000Z",1679484000000,67000,67000,67000,33.3,66.7,0,0.2,0.2,,2,200,300,26100,,20100000,6700000,13400000,
525.6,-17300,-1158150000,262350000,1420500000,1763370000,35242307.7,82955384.6,-0.3,1238.5,41,Infinity,200,200,13400000,67000,"2023-03-22T11:25:00.000Z",1679484300000,67000,67000,67000,100,0,0,0.4,,,0,,200,26300,,13400000,13400000,,
525.6,-18300,-1225050000,262350000,1487400000,1830270000,35242307.7,82955384.6,1.4,1238.5,41,0,,-1000,-66900000,66900,"2023-03-22T13:00:00.000Z",1679490000000,66900,66900,66900,0,100,0,,0.8,,Infinity,1000,1000,27300,,66900000,,66900000,
525.6,-12600,-843130000,677770000,1520900000,2279190000,35242307.7,82955384.6,-8,1238.5,41,12.4,6200,5700,381920000,67100,"2023-03-22T13:05:00.000Z",1679490300000,67100,67000,67000,92.5,7.5,0,11.8,0.4,,0.1,500,6700,34000,,448920000,415420000,33500000,
525.6,-12700,-849810000,691190000,1541000000,2312710000,35242307.7,82955384.6,0.1,1238.5,41,0.7,200,-100,-6680000,67000,"2023-03-22T13:10:00.000Z",1679490600000,67100,67000,67100,40,60,0,0.4,0.2,,1.5,300,500,34500,,33520000,13420000,20100000,
525.6,-15800,-1057510000,691190000,1748700000,2520410000,35242307.7,82955384.6,4.4,1238.5,41,0,,-3100,-207700000,67000,"2023-03-22T13:15:00.000Z",1679490900000,67000,67000,67000,0,100,0,,2.5,,Infinity,3100,3100,37600,,207700000,,207700000,
525.6,-15600,-1044110000,704590000,1748700000,2533810000,35242307.7,82955384.6,-0.3,1238.5,41,Infinity,200,200,13400000,67000,"2023-03-22T13:25:00.000Z",1679491500000,67000,67000,67000,100,0,0,0.4,,,0,,200,37800,,13400000,13400000,,
525.6,-18000,-1204910000,731390000,1936300000,2748210000,35242307.7,82955384.6,3.4,1238.5,41,0.1,400,-2400,-160800000,67000,"2023-03-22T13:30:00.000Z",1679491800000,67000,67000,67000,12.5,87.5,0,0.8,2.3,,7,2800,3200,41000,,214400000,26800000,187600000,
525.6,-22200,-1486130000,731390000,2217520000,3029430000,35242307.7,82955384.6,5.9,1238.5,41,0,,-4200,-281220000,66900,"2023-03-22T13:35:00.000Z",1679492100000,67000,66900,67000,0,100,0,,3.4,,Infinity,4200,4200,45200,,281220000,,281220000,
525.6,-21600,-1445990000,798290000,2244280000,3123090000,35242307.7,82955384.6,-0.8,1238.5,41,2.5,1000,600,40140000,66900,"2023-03-22T13:40:00.000Z",1679492400000,66900,66900,66900,71.4,28.6,0,1.9,0.3,,0.4,400,1400,46600,,93660000,66900000,26760000,
525.6,-18100,-1211840000,1032440000,2244280000,3357240000,35242307.7,82955384.6,-4.9,1238.5,41,Infinity,3500,3500,234150000,66900,"2023-03-22T13:45:00.000Z",1679492700000,66900,66900,66900,100,0,0,6.7,,,0,,3500,50100,,234150000,234150000,,
525.6,-19400,-1298810000,1032440000,2331250000,3444210000,35242307.7,82955384.6,1.8,1238.5,41,0,,-1300,-86970000,66900,"2023-03-22T13:55:00.000Z",1679493300000,66900,66900,66900,0,100,0,,1,,Infinity,1300,1300,51400,,86970000,,86970000,
525.6,-21600,-1445980000,1039140000,2485120000,3604780000,35242307.7,82955384.6,3.1,1238.5,41,0,100,-2200,-147170000,67000,"2023-03-22T14:00:00.000Z",1679493600000,67000,66900,66900,4.2,95.8,0,0.2,1.9,,23,2300,2400,53800,,160570000,6700000,153870000,
525.6,-21500,-1439180000,1112840000,2552020000,3745380000,35242307.7,82955384.6,-0.1,1238.5,41,1.1,1100,100,6800000,67000,"2023-03-22T14:05:00.000Z",1679493900000,67000,66900,66900,52.4,47.6,0,2.1,0.8,,0.9,1000,2100,55900,,140600000,73700000,66900000,
525.6,-23000,-1539530000,1112840000,2652370000,3845730000,35242307.7,82955384.6,2.1,1238.5,41,0,,-1500,-100350000,66900,"2023-03-22T14:10:00.000Z",1679494200000,66900,66900,66900,0,100,0,,1.2,,Infinity,1500,1500,57400,,100350000,,100350000,
525.6,-24200,-1619930000,1159740000,2779670000,4019930000,35242307.7,82955384.6,1.7,1238.5,41,0.4,700,-1200,-80400000,67000,"2023-03-22T14:15:00.000Z",1679494500000,67000,67000,67000,26.9,73.1,0,1.3,1.5,,2.7,1900,2600,60000,,174200000,46900000,127300000,
525.6,-26500,-1774020000,1159740000,2933760000,4174020000,35242307.7,82955384.6,3.2,1238.5,41,0,,-2300,-154090000,67000,"2023-03-22T14:20:00.000Z",1679494800000,67000,66900,66900,0,100,0,,1.9,,Infinity,2300,2300,62300,,154090000,,154090000,
525.6,-23300,-1559310000,1374450000,2933760000,4415530000,35242307.7,82955384.6,-4.5,1238.5,41,Infinity,3200,3200,214710000,67100,"2023-03-22T14:25:00.000Z",1679495100000,67100,67000,67000,88.9,0,11.1,6.1,,9.8,0,,3600,65900,400,241510000,214710000,,26800000
525.6,-27800,-1860810000,1374450000,3235260000,4717030000,35242307.7,82955384.6,6.3,1238.5,41,0,,-4500,-301500000,67000,"2023-03-22T14:45:00.000Z",1679496300000,67000,67000,67000,0,100,0,,3.6,,Infinity,4500,4500,70400,,301500000,,301500000,
