"abu","acum_busd","acum_busd_val","acum_val_bu","acum_val_sd","acum_val","avg_val_bu","avg_val_sd","rbusd","asd","auk","bs","bu","bu-sd","bu-sd_val","c","date","datetime","h","l","o","pbu","psd","puk","rbu","rsd","ruk","sb","sd","sum_vol","total_vol","uk","val","val_bu","val_sd","val_uk"
147.4,-300,-25350000,0,25350000,25350000,12489473.7,18260000,4.4,215.8,36.8,0,,-300,-25350000,84.5,"2023-02-06T09:30:00.000Z",1675675800000,84.5,84.5,84.5,0,100,0,,1.4,,Infinity,300,300,300,,25350000,,25350000,
147.4,-700,-59150000,0,59150000,59150000,12489473.7,18260000,5.9,215.8,36.8,0,,-400,-33800000,84.5,"2023-02-06T09:38:00.000Z",1675676280000,84.5,84.5,84.5,0,100,0,,1.9,,Infinity,400,400,700,,33800000,,33800000,
147.4,-800,-67600000,0,67600000,67600000,12489473.7,18260000,1.5,215.8,36.8,0,,-100,-8450000,84.5,"2023-02-06T09:50:00.000Z",1675677000000,84.5,84.5,84.5,0,100,0,,0.5,,Infinity,100,100,800,,8450000,,8450000,
147.4,-900,-76050000,0,76050000,76050000,12489473.7,18260000,1.5,215.8,36.8,0,,-100,-8450000,84.5,"2023-02-06T09:54:00.000Z",1675677240000,84.5,84.5,84.5,0,100,0,,0.5,,Infinity,100,100,900,,8450000,,8450000,
147.4,-200,-16830000.000000007,59219999.99999999,76050000,135270000,12489473.7,18260000,10.3,215.8,36.8,Infinity,700,700,59219999.99999999,84.6,"2023-02-06T10:12:00.000Z",1675678320000,84.6,84.6,84.6,100,0,0,4.7,,,0,,700,1600,,59219999.99999999,59219999.99999999,,
147.4,0,89999.99999999255,76140000,76050000,152190000,12489473.7,18260000,2.9,215.8,36.8,Infinity,200,200,16920000,84.6,"2023-02-06T10:14:00.000Z",1675678440000,84.6,84.6,84.6,100,0,0,1.4,,,0,,200,1800,,16920000,16920000,,
147.4,-100,-8370000.000000007,76140000,84510000,160650000,12489473.7,18260000,1.5,215.8,36.8,0,,-100,-8460000,84.6,"2023-02-06T10:20:00.000Z",1675678800000,84.6,84.6,84.6,0,100,0,,0.5,,Infinity,100,100,1900,,8460000,,8460000,
147.4,-100,-8370000.000000007,76140000,84510000,177570000,12489473.7,18260000,0,215.8,36.8,NaN,,0,0,84.6,"2023-02-06T10:28:00.000Z",1675679280000,84.6,84.6,84.6,0,0,100,,,5.4,NaN,,200,2100,200,16920000,,,16920000
147.4,-100,-8370000.000000007,76140000,84510000,186030000,12489473.7,18260000,0,215.8,36.8,NaN,,0,0,84.6,"2023-02-06T10:44:00.000Z",1675680240000,84.6,84.6,84.6,0,0,100,,,2.7,NaN,,100,2200,100,8460000,,,8460000
147.4,400,33979999.99999999,118490000,84510000,228380000,12489473.7,18260000,7.3,215.8,36.8,Infinity,500,500,42350000,84.7,"2023-02-06T10:46:00.000Z",1675680360000,84.7,84.7,84.7,100,0,0,3.4,,,0,,500,2700,,42350000,42350000,,
147.4,900,76380000,160890000,84510000,270780000,12489473.7,18260000,7.3,215.8,36.8,Infinity,500,500,42400000,84.8,"2023-02-06T10:48:00.000Z",1675680480000,84.8,84.8,84.8,100,0,0,3.4,,,0,,500,3200,,42400000,42400000,,
147.4,800,67900000,160890000,92990000,279260000,12489473.7,18260000,1.5,215.8,36.8,0,,-100,-8480000,84.8,"2023-02-06T10:56:00.000Z",1675680960000,84.8,84.8,84.8,0,100,0,,0.5,,Infinity,100,100,3300,,8480000,,8480000,
147.4,800,67900000,160890000,92990000,296220000,12489473.7,18260000,0,215.8,36.8,NaN,,0,0,84.8,"2023-02-06T11:00:00.000Z",1675681200000,84.8,84.8,84.8,0,0,100,,,5.4,NaN,,200,3500,200,16960000,,,16960000
147.4,1200,101860000,194850000,92990000,330180000,12489473.7,18260000,5.9,215.8,36.8,Infinity,400,400,33960000,84.9,"2023-02-06T13:00:00.000Z",1675688400000,84.9,84.9,84.9,100,0,0,2.7,,,0,,400,3900,,33960000,33960000,,
147.4,700,59510000,237300000,177790000,457430000,12489473.7,18260000,7.3,215.8,36.8,0.5,500,-500,-42350000,84.9,"2023-02-06T13:40:00.000Z",1675690800000,84.9,84.8,84.8,33.3,66.7,0,3.4,4.6,,2,1000,1500,5400,,127250000,42450000,84800000,
147.4,-300,-25090000,237300000,262390000,542030000,12489473.7,18260000,14.7,215.8,36.8,0,,-1000,-84600000,84.6,"2023-02-06T14:04:00.000Z",1675692240000,84.6,84.6,84.6,0,100,0,,4.6,,Infinity,1000,1000,6400,,84600000,,84600000,
147.4,-300,-25090000,237300000,262390000,558950000,12489473.7,18260000,0,215.8,36.8,NaN,,0,0,84.6,"2023-02-06T14:08:00.000Z",1675692480000,84.6,84.6,84.6,0,0,100,,,5.4,NaN,,200,6600,200,16920000,,,16920000
147.4,-800,-67390000,237300000,304690000,601250000,12489473.7,18260000,7.3,215.8,36.8,0,,-500,-42300000,84.6,"2023-02-06T14:16:00.000Z",1675692960000,84.6,84.6,84.6,0,100,0,,2.3,,Infinity,500,500,7100,,42300000,,42300000,
147.4,-1300,-109640000,237300000,346940000,643500000,12489473.7,18260000,7.3,215.8,36.8,0,,-500,-42250000,84.5,"2023-02-06T14:18:00.000Z",1675693080000,84.5,84.5,84.5,0,100,0,,2.3,,Infinity,500,500,7600,,42250000,,42250000,
