"abu","acum_busd","acum_busd_val","acum_val","asd","auk","bs","bu","bu-sd","bu-sd_val","c","date","datetime","h","l","o","pbu","psd","puk","rbu","rsd","ruk","sb","sd","sum_vol","total_vol","uk","val","val_bu","val_sd","val_uk"
912.7,-1000,-3450000,3450000,1212.7,14.5,0,,-1000,-3450000,3.45,"2023-02-06T09:14:00.000Z",1675674840000,3.45,3.45,3.45,0,100,0,,0.8,,Infinity,1000,1000,1000,,3450000,,3450000,
912.7,-1300,-4473000,4473000,1212.7,14.5,0,,-300,-1023000,3.41,"2023-02-06T09:22:00.000Z",1675675320000,3.41,3.41,3.41,0,100,0,,0.2,,Infinity,300,300,1300,,1023000,,1023000,
912.7,-1200,-4130000,6176000,1212.7,14.5,1.5,300,100,343000,3.41,"2023-02-06T09:24:00.000Z",1675675440000,3.41,3.4,3.4,60,40,0,0.3,0.2,,0.7,200,500,1800,,1703000,1023000,680000,
912.7,-500,-1736000,8570000,1212.7,14.5,Infinity,700,700,2394000,3.42,"2023-02-06T09:26:00.000Z",1675675560000,3.42,3.42,3.42,100,0,0,0.8,,,0,,700,2500,,2394000,2394000,,
912.7,-600,-2077000,8911000,1212.7,14.5,0,,-100,-341000,3.41,"2023-02-06T09:30:00.000Z",1675675800000,3.41,3.41,3.41,0,100,0,,0.1,,Infinity,100,100,2600,,341000,,341000,
912.7,-1000,-3437000,10271000,1212.7,14.5,0,,-400,-1360000,3.4,"2023-02-06T09:32:00.000Z",1675675920000,3.4,3.4,3.4,0,100,0,,0.3,,Infinity,400,400,3000,,1360000,,1360000,
912.7,-1600,-5477000,12311000,1212.7,14.5,0,,-600,-2040000,3.4,"2023-02-06T09:36:00.000Z",1675676160000,3.4,3.4,3.4,0,100,0,,0.5,,Infinity,600,600,3600,,2040000,,2040000,
912.7,-1500,-5135000,12653000,1212.7,14.5,Infinity,100,100,342000,3.42,"2023-02-06T09:38:00.000Z",1675676280000,3.42,3.42,3.42,100,0,0,0.1,,,0,,100,3700,,342000,342000,,
912.7,-1400,-4793000,12995000,1212.7,14.5,Infinity,100,100,342000,3.42,"2023-02-06T09:42:00.000Z",1675676520000,3.42,3.42,3.42,100,0,0,0.1,,,0,,100,3800,,342000,342000,,
912.7,2600,8887000,26675000,1212.7,14.5,Infinity,4000,4000,13680000,3.42,"2023-02-06T09:44:00.000Z",1675676640000,3.42,3.42,3.42,100,0,0,4.4,,,0,,4000,7800,,13680000,13680000,,
912.7,2800,9577000,27365000,1212.7,14.5,Infinity,200,200,690000,3.45,"2023-02-06T09:56:00.000Z",1675677360000,3.45,3.45,3.45,100,0,0,0.2,,,0,,200,8000,,690000,690000,,
912.7,3000,10267000,28055000,1212.7,14.5,Infinity,200,200,690000,3.45,"2023-02-06T09:58:00.000Z",1675677480000,3.45,3.45,3.45,100,0,0,0.2,,,0,,200,8200,,690000,690000,,
912.7,2500,8552000,29770000,1212.7,14.5,0,,-500,-1715000,3.43,"2023-02-06T10:06:00.000Z",1675677960000,3.43,3.43,3.43,0,100,0,,0.4,,Infinity,500,500,8700,,1715000,,1715000,
912.7,1100,3752000,35946000,1212.7,14.5,0.1,200,-1400,-4800000,3.44,"2023-02-06T10:08:00.000Z",1675678080000,3.44,3.43,3.43,11.1,88.9,0,0.2,1.3,,8,1600,1800,10400,,6176000,688000,5488000,
912.7,-200,-720000,40418000,1212.7,14.5,0,,-1300,-4472000,3.44,"2023-02-06T10:10:00.000Z",1675678200000,3.44,3.44,3.44,0,100,0,,1.1,,Infinity,1300,1300,11800,,4472000,,4472000,
912.7,1300,4440000,45578000,1212.7,14.5,Infinity,1500,1500,5160000,3.44,"2023-02-06T10:14:00.000Z",1675678440000,3.44,3.44,3.44,100,0,0,1.6,,,0,,1500,13300,,5160000,5160000,,
912.7,4200,14450000,58340000,1212.7,14.5,8.3,3300,2900,10010000,3.46,"2023-02-06T10:20:00.000Z",1675678800000,3.46,3.44,3.45,89.2,10.8,0,3.6,0.3,,0.1,400,3700,17000,,12762000,11386000,1376000,
912.7,200,716000,72074000,1212.7,14.5,0,,-4000,-13734000,3.43,"2023-02-06T10:26:00.000Z",1675679160000,3.45,3.43,3.45,0,100,0,,3.3,,Infinity,4000,4000,21000,,13734000,,13734000,
912.7,700,2441000,73799000,1212.7,14.5,Infinity,500,500,1725000,3.45,"2023-02-06T10:32:00.000Z",1675679520000,3.45,3.45,3.45,100,0,0,0.5,,,0,,500,21500,,1725000,1725000,,
912.7,-2900,-9911000,86151000,1212.7,14.5,0,,-3600,-12352000,3.43,"2023-02-06T10:34:00.000Z",1675679640000,3.44,3.43,3.44,0,100,0,,3,,Infinity,3600,3600,25100,,12352000,,12352000,
912.7,-500,-1667000,94395000,1212.7,14.5,Infinity,2400,2400,8244000,3.45,"2023-02-06T10:36:00.000Z",1675679760000,3.45,3.43,3.43,100,0,0,2.6,,,0,,2400,27500,,8244000,8244000,,
912.7,2000,6958000,103020000,1212.7,14.5,Infinity,2500,2500,8625000,3.45,"2023-02-06T10:38:00.000Z",1675679880000,3.45,3.45,3.45,100,0,0,2.7,,,0,,2500,30000,,8625000,8625000,,
912.7,3100,10753000,106815000,1212.7,14.5,Infinity,1100,1100,3795000,3.45,"2023-02-06T10:40:00.000Z",1675680000000,3.45,3.45,3.45,100,0,0,1.2,,,0,,1100,31100,,3795000,3795000,,
912.7,-2000,-6659000,124227000,1212.7,14.5,0,,-5100,-17412000,3.41,"2023-02-06T10:44:00.000Z",1675680240000,3.42,3.41,3.42,0,100,0,,4.2,,Infinity,5100,5100,36200,,17412000,,17412000,
912.7,-20100,-68199000,185767000,1212.7,14.5,0,,-18100,-61540000,3.4,"2023-02-06T10:46:00.000Z",1675680360000,3.4,3.4,3.4,0,100,0,,14.9,,Infinity,18100,18100,54300,,61540000,,61540000,
912.7,-20200,-68534000,186792000,1212.7,14.5,0.5,100,-100,-335000,3.45,"2023-02-06T10:48:00.000Z",1675680480000,3.45,3.4,3.4,33.3,66.7,0,0.1,0.2,,2,200,300,54600,,1025000,345000,680000,
912.7,-20300,-68875000,187133000,1212.7,14.5,0,,-100,-341000,3.41,"2023-02-06T10:54:00.000Z",1675680840000,3.41,3.41,3.41,0,100,0,,0.1,,Infinity,100,100,54700,,341000,,341000,
912.7,-20200,-68531000,187477000,1212.7,14.5,Infinity,100,100,344000,3.44,"2023-02-06T10:56:00.000Z",1675680960000,3.44,3.44,3.44,100,0,0,0.1,,,0,,100,54800,,344000,344000,,
912.7,-19800,-67155000,188853000,1212.7,14.5,Infinity,400,400,1376000,3.44,"2023-02-06T10:58:00.000Z",1675681080000,3.44,3.44,3.44,100,0,0,0.4,,,0,,400,55200,,1376000,1376000,,
912.7,-20100,-68187000,195389000,1212.7,14.5,0.7,800,-300,-1032000,3.44,"2023-02-06T11:02:00.000Z",1675681320000,3.44,3.44,3.44,42.1,57.9,0,0.9,0.9,,1.4,1100,1900,57100,,6536000,2752000,3784000,
912.7,-20300,-68875000,196077000,1212.7,14.5,0,,-200,-688000,3.44,"2023-02-06T11:04:00.000Z",1675681440000,3.44,3.44,3.44,0,100,0,,0.2,,Infinity,200,200,57300,,688000,,688000,
912.7,-26400,-89667000,216869000,1212.7,14.5,0,,-6100,-20792000,3.4,"2023-02-06T11:20:00.000Z",1675682400000,3.41,3.4,3.41,0,100,0,,5,,Infinity,6100,6100,63400,,20792000,,20792000,
912.7,-26600,-90346000,218236000,1212.7,14.5,0.3,100,-200,-679000,3.44,"2023-02-06T11:26:00.000Z",1675682760000,3.44,3.41,3.41,25,75,0,0.1,0.2,,3,300,400,63800,,1367000,344000,1023000,
912.7,-26800,-91028000,221662000,1212.7,14.5,0,,-200,-682000,3.41,"2023-02-06T13:04:00.000Z",1675688640000,3.43,3.41,3.43,0,20,80,,0.2,55.2,Infinity,200,1000,64800,800,3426000,,682000,2744000
912.7,-26700,-90684000,222006000,1212.7,14.5,Infinity,100,100,344000,3.44,"2023-02-06T13:08:00.000Z",1675688880000,3.44,3.44,3.44,100,0,0,0.1,,,0,,100,64900,,344000,344000,,
912.7,-20700,-70044000,242646000,1212.7,14.5,Infinity,6000,6000,20640000,3.44,"2023-02-06T13:18:00.000Z",1675689480000,3.44,3.44,3.44,100,0,0,6.6,,,0,,6000,70900,,20640000,20640000,,
912.7,-20800,-70385000,242987000,1212.7,14.5,0,,-100,-341000,3.41,"2023-02-06T13:20:00.000Z",1675689600000,3.41,3.41,3.41,0,100,0,,0.1,,Infinity,100,100,71000,,341000,,341000,
912.7,-20900,-70724000,244700000,1212.7,14.5,0.7,200,-100,-339000,3.44,"2023-02-06T13:26:00.000Z",1675689960000,3.44,3.42,3.42,40,60,0,0.2,0.2,,1.5,300,500,71500,,1713000,687000,1026000,
912.7,-19900,-67284000,248140000,1212.7,14.5,Infinity,1000,1000,3440000,3.44,"2023-02-06T13:30:00.000Z",1675690200000,3.44,3.44,3.44,100,0,0,1.1,,,0,,1000,72500,,3440000,3440000,,
912.7,-20500,-69336000,250192000,1212.7,14.5,0,,-600,-2052000,3.42,"2023-02-06T13:34:00.000Z",1675690440000,3.42,3.42,3.42,0,100,0,,0.5,,Infinity,600,600,73100,,2052000,,2052000,
912.7,-20200,-68307000,251221000,1212.7,14.5,Infinity,300,300,1029000,3.43,"2023-02-06T13:36:00.000Z",1675690560000,3.43,3.43,3.43,100,0,0,0.3,,,0,,300,73400,,1029000,1029000,,
912.7,-20200,-68307000,254661000,1212.7,14.5,1,500,0,0,3.44,"2023-02-06T13:38:00.000Z",1675690680000,3.44,3.44,3.44,50,50,0,0.5,0.4,,1,500,1000,74400,,3440000,1720000,1720000,
912.7,-20300,-68651000,255005000,1212.7,14.5,0,,-100,-344000,3.44,"2023-02-06T13:44:00.000Z",1675691040000,3.44,3.44,3.44,0,100,0,,0.1,,Infinity,100,100,74500,,344000,,344000,
912.7,-19700,-66589000,258435000,1212.7,14.5,4,800,600,2062000,3.42,"2023-02-06T13:48:00.000Z",1675691280000,3.44,3.42,3.44,80,20,0,0.9,0.2,,0.3,200,1000,75500,,3430000,2746000,684000,
912.7,-19600,-66246000,258778000,1212.7,14.5,Infinity,100,100,343000,3.43,"2023-02-06T13:50:00.000Z",1675691400000,3.43,3.43,3.43,100,0,0,0.1,,,0,,100,75600,,343000,343000,,
912.7,-18800,-63502000,261522000,1212.7,14.5,Infinity,800,800,2744000,3.43,"2023-02-06T13:58:00.000Z",1675691880000,3.43,3.43,3.43,100,0,0,0.9,,,0,,800,76400,,2744000,2744000,,
912.7,-16300,-54902000,270122000,1212.7,14.5,Infinity,2500,2500,8600000,3.44,"2023-02-06T14:00:00.000Z",1675692000000,3.44,3.44,3.44,100,0,0,2.7,,,0,,2500,78900,,8600000,8600000,,
912.7,-16700,-56273000,272181000,1212.7,14.5,0.2,100,-400,-1371000,3.44,"2023-02-06T14:02:00.000Z",1675692120000,3.44,3.43,3.43,16.7,83.3,0,0.1,0.4,,5,500,600,79500,,2059000,344000,1715000,
912.7,-33400,-113239000,329147000,1212.7,14.5,0,,-16700,-56966000,3.41,"2023-02-06T14:04:00.000Z",1675692240000,3.42,3.41,3.42,0,100,0,,13.8,,Infinity,16700,16700,96200,,56966000,,56966000,
912.7,-33700,-114268000,330176000,1212.7,14.5,0,,-300,-1029000,3.43,"2023-02-06T14:16:00.000Z",1675692960000,3.43,3.43,3.43,0,100,0,,0.2,,Infinity,300,300,96500,,1029000,,1029000,
912.7,-28700,-97115000,349381000,1212.7,14.5,17.7,5300,5000,17153000,3.43,"2023-02-06T14:18:00.000Z",1675693080000,3.43,3.42,3.43,94.6,5.4,0,5.8,0.2,,0.1,300,5600,102100,,19205000,18179000,1026000,
912.7,-24500,-82709000,367217000,1212.7,14.5,9.4,4700,4200,14406000,3.43,"2023-02-06T14:20:00.000Z",1675693200000,3.43,3.43,3.43,90.4,9.6,0,5.1,0.4,,0.1,500,5200,107300,,17836000,16121000,1715000,
912.7,-24400,-82365000,367561000,1212.7,14.5,Infinity,100,100,344000,3.44,"2023-02-06T14:24:00.000Z",1675693440000,3.44,3.44,3.44,100,0,0,0.1,,,0,,100,107400,,344000,344000,,
912.7,-25600,-86472000,371668000,1212.7,14.5,0,,-1200,-4107000,3.42,"2023-02-06T14:28:00.000Z",1675693680000,3.43,3.42,3.43,0,100,0,,1,,Infinity,1200,1200,108600,,4107000,,4107000,
912.7,-16500,-55077000,403063000,1212.7,14.5,Infinity,9100,9100,31395000,3.45,"2023-02-06T14:44:00.000Z",1675694640000,3.45,3.45,3.45,100,0,0,10,,,0,,9100,117700,,31395000,31395000,,
