"abu","acum_busd","acum_busd_val","acum_val_bu","acum_val_sd","acum_val","avg_val_bu","avg_val_sd","rbusd","asd","auk","bs","bu","bu-sd","bu-sd_val","c","date","datetime","h","l","o","pbu","psd","puk","rbu","rsd","ruk","sb","sd","sum_vol","total_vol","uk","val","val_bu","val_sd","val_uk"
3325.5,2800,292651000,346701000,54050000,400751000,323800983,87798234,1.2,1174.5,566,6.6,3300,2800,292651000,110,"2023-02-06T09:15:00.000Z",1675674900000,110.5,108.1,108.1,86.8,13.2,0,1,0.4,,0.2,500,3800,3800,,400751000,346701000,54050000,
3325.5,2200,260349100,357724000,97374900,455098900,323800983,87798234,-0.1,1174.5,566,0.4,400,-600,-32301900,109.9,"2023-02-06T09:20:00.000Z",1675675200000,110,108,110,28.6,71.4,0,0.1,0.9,,2.5,1000,1400,5200,,54347900,11023000,43324900,
3325.5,300,228406300,401654800,173248500,574903300,323800983,87798234,-0.1,1174.5,566,0.2,500,-1900,-31942800,108,"2023-02-06T09:25:00.000Z",1675675500000,109.9,108,109.9,17.2,82.8,0,0.2,2,,4.8,2400,2900,8100,,119804400,43930800,75873600,
3325.5,5000,261271500,434520000,173248500,607768500,323800983,87798234,0.1,1174.5,566,Infinity,4700,4700,32865200,108.1,"2023-02-06T09:30:00.000Z",1675675800000,108.1,107.9,108,100,0,0,1.4,,,0,,4700,12800,,32865200,32865200,,
3325.5,4900,423248700,596670000,173421300,770091300,323800983,87798234,0.7,1174.5,566,0.9,1500,-100,161977200,108.1,"2023-02-06T09:35:00.000Z",1675676100000,108.1,108,108,48.4,51.6,0,0.5,1.4,,1.1,1600,3100,15900,,162322800,162150000,172800,
3325.5,6600,607018700,780440000,173421300,953861300,323800983,87798234,0.8,1174.5,566,Infinity,1700,1700,183770000,108.1,"2023-02-06T09:40:00.000Z",1675676400000,108.1,108.1,108.1,100,0,0,0.5,,,0,,1700,17600,,183770000,183770000,,
3325.5,5300,424171900,802004800,377832900,1179837700,323800983,87798234,-0.8,1174.5,566,0.4,800,-1300,-182846800,107.5,"2023-02-06T09:45:00.000Z",1675676700000,108,107.5,108,27.6,72.4,0,0.2,1.8,,2.6,2100,2900,20500,,225976400,21564800,204411600,
3325.5,10200,955381900,1333214800,377832900,1721937700,323800983,87798234,2.3,1174.5,566,Infinity,4900,4900,531210000,108.9,"2023-02-06T09:50:00.000Z",1675677000000,108.9,107.5,107.5,98,0,2,1.5,,0.2,0,,5000,25500,100,542100000,531210000,,10890000
3325.5,14800,1206102600,1584055400,377952800,1972898200,323800983,87798234,1.1,1174.5,566,5.2,5700,4600,250720700,109,"2023-02-06T09:55:00.000Z",1675677300000,109,108.9,108.9,83.8,16.2,0,1.7,0.9,,0.2,1100,6800,32300,,250960500,250840600,119900,
3325.5,11800,1053698200,1747525400,693827200,2452242600,323800983,87798234,-0.6,1174.5,566,0.3,1500,-3000,-152404400,108.9,"2023-02-06T10:00:00.000Z",1675677600000,109.5,108.8,109.5,25,75,0,0.5,3.8,,3,4500,6000,38300,,479344400,163470000,315874400,
3325.5,20000,1946888200,2640715400,693827200,3345432600,323800983,87798234,3.8,1174.5,566,Infinity,8200,8200,893190000,109.6,"2023-02-06T10:05:00.000Z",1675677900000,109.6,108.9,108.9,100,0,0,2.5,,,0,,8200,46500,,893190000,893190000,,
3325.5,22400,2209458200,2903285400,693827200,3608002600,323800983,87798234,1.1,1174.5,566,Infinity,2400,2400,262570000,109.4,"2023-02-06T10:10:00.000Z",1675678200000,109.5,109.4,109.5,100,0,0,0.7,,,0,,2400,48900,,262570000,262570000,,
3325.5,28200,2843818200,3537645400,693827200,4242362600,323800983,87798234,2.7,1174.5,566,Infinity,5800,5800,634360000,109.5,"2023-02-06T10:15:00.000Z",1675678500000,109.5,109.3,109.3,100,0,0,1.7,,,0,,5800,54700,,634360000,634360000,,
3325.5,28600,2887588200,3581415400,693827200,4286132600,323800983,87798234,0.2,1174.5,566,Infinity,400,400,43770000,109.4,"2023-02-06T10:20:00.000Z",1675678800000,109.5,109.4,109.5,100,0,0,0.1,,,0,,400,55100,,43770000,43770000,,
3325.5,29200,2953168200,3657925400,704757200,4373572600,323800983,87798234,0.3,1174.5,566,7,700,600,65580000,109.3,"2023-02-06T10:25:00.000Z",1675679100000,109.3,109.3,109.3,87.5,12.5,0,0.2,0.1,,0.1,100,800,55900,,87440000,76510000,10930000,
3325.5,29800,3018748200,3723505400,704757200,4439152600,323800983,87798234,0.3,1174.5,566,Infinity,600,600,65580000,109.3,"2023-02-06T10:30:00.000Z",1675679400000,109.3,109.3,109.3,100,0,0,0.2,,,0,,600,56500,,65580000,65580000,,
3325.5,30200,3062468200,3767225400,704757200,4482872600,323800983,87798234,0.2,1174.5,566,Infinity,400,400,43720000,109.2,"2023-02-06T10:35:00.000Z",1675679700000,109.4,109.2,109.3,100,0,0,0.1,,,0,,400,56900,,43720000,43720000,,
3325.5,30300,3313598400,4127165400,813567000,4951622400,323800983,87798234,1.1,1174.5,566,1,3300,100,251130200,108.9,"2023-02-06T10:40:00.000Z",1675680000000,109.1,108.5,109.1,50.8,49.2,0,1,2.7,,1,3200,6500,63400,,468749800,359940000,108809800,
3325.5,28200,3085798400,4214255400,1128457000,5353602400,323800983,87798234,-1,1174.5,566,0.3,800,-2100,-227800000,108.5,"2023-02-06T10:45:00.000Z",1675680300000,108.9,108.5,108.9,21.6,78.4,0,0.2,2.5,,3.6,2900,3700,67100,,401980000,87090000,314890000,
3325.5,34900,3812078400,4940535400,1128457000,6079882400,323800983,87798234,3.1,1174.5,566,Infinity,6700,6700,726280000,108.4,"2023-02-06T10:50:00.000Z",1675680600000,108.4,108.4,108.4,100,0,0,2,,,0,,6700,73800,,726280000,726280000,,
3325.5,37800,4279067200,5721300200,1442233000,7174423200,323800983,87798234,2,1174.5,566,1.6,7800,2900,466988800,108,"2023-02-06T10:55:00.000Z",1675680900000,109.2,108,108.4,61.4,38.6,0,2.3,4.2,,0.6,4900,12700,86500,,1094540800,780764800,313776000,
3325.5,34300,4322296000,5764950200,1442654200,7218494400,323800983,87798234,0.2,1174.5,566,0.1,400,-3500,43228800,109.1,"2023-02-06T11:00:00.000Z",1675681200000,109.2,108,108,9.3,90.7,0,0.1,3.3,,9.8,3900,4300,90800,,44071200,43650000,421200,
3325.5,34700,4365966000,5808620200,1442654200,7262164400,323800983,87798234,0.2,1174.5,566,Infinity,400,400,43670000,109.2,"2023-02-06T11:05:00.000Z",1675681500000,109.2,109.1,109.1,100,0,0,0.1,,,0,,400,91200,,43670000,43670000,,
3325.5,35400,4442406000,5885060200,1442654200,7338604400,323800983,87798234,0.3,1174.5,566,Infinity,700,700,76440000,109.2,"2023-02-06T11:10:00.000Z",1675681800000,109.2,109.2,109.2,100,0,0,0.2,,,0,,700,91900,,76440000,76440000,,
3325.5,35800,4486086000,5928740200,1442654200,7382284400,323800983,87798234,0.2,1174.5,566,Infinity,400,400,43680000,109.2,"2023-02-06T11:15:00.000Z",1675682100000,109.2,109.2,109.2,100,0,0,0.1,,,0,,400,92300,,43680000,43680000,,
3325.5,36200,4529796000,5972450200,1442654200,7425994400,323800983,87798234,0.2,1174.5,566,Infinity,400,400,43710000,109.3,"2023-02-06T11:20:00.000Z",1675682400000,109.3,109.2,109.2,100,0,0,0.1,,,0,,400,92700,,43710000,43710000,,
3325.5,32500,4125386000,6114540200,1989154200,8114584400,323800983,87798234,-1.7,1174.5,566,0.3,1300,-3700,-404410000,109.3,"2023-02-06T11:25:00.000Z",1675682700000,109.3,109.3,109.3,20.6,79.4,0,0.4,4.3,,3.8,5000,6300,99000,,688590000,142090000,546500000,
3325.5,32700,4212760600,6201980200,1989219600,8202089800,323800983,87798234,0.4,1174.5,566,1.3,800,200,87374600,109.3,"2023-02-06T13:00:00.000Z",1675688400000,109.3,109,109,57.1,42.9,0,0.2,0.5,,0.8,600,1400,100400,,87505400,87440000,65400,
3325.5,33500,4300240600,6289460200,1989219600,8289569800,323800983,87798234,0.4,1174.5,566,Infinity,800,800,87480000,109.4,"2023-02-06T13:05:00.000Z",1675688700000,109.4,109.3,109.3,100,0,0,0.2,,,0,,800,101200,,87480000,87480000,,
3325.5,35700,4540970600,6530190200,1989219600,8530299800,323800983,87798234,1,1174.5,566,Infinity,2200,2200,240730000,109.5,"2023-02-06T13:10:00.000Z",1675689000000,109.5,109.4,109.4,100,0,0,0.7,,,0,,2200,103400,,240730000,240730000,,
3325.5,38800,4880460600,6880630200,2000169600,8891689800,323800983,87798234,1.4,1174.5,566,32,3200,3100,339490000,109.6,"2023-02-06T13:15:00.000Z",1675689300000,109.6,109.5,109.5,97,3,0,1,0.1,,0,100,3300,106700,,361390000,350440000,10950000,
3325.5,42500,5220546600,7242616200,2022069600,9275575800,323800983,87798234,1.4,1174.5,566,19.5,3900,3700,340086000,109.9,"2023-02-06T13:20:00.000Z",1675689600000,110,109.5,109.6,95.1,4.9,0,1.2,0.2,,0.1,200,4100,110800,,383886000,361986000,21900000,
3325.5,50100,5364199600,7452172200,2087972600,9551034800,323800983,87798234,0.6,1174.5,566,9.4,8500,7600,143653000,110,"2023-02-06T13:25:00.000Z",1675689900000,110.1,109.2,109.9,90.4,9.6,0,2.6,0.8,,0.1,900,9400,120200,,275459000,209556000,65903000,
3325.5,52900,5660160600,7748133200,2087972600,9846995800,323800983,87798234,1.3,1174.5,566,Infinity,2800,2800,295961000,109.6,"2023-02-06T13:30:00.000Z",1675690200000,110,109.5,110,100,0,0,0.8,,,0,,2800,123000,,295961000,295961000,,
3325.5,56800,6088280600,8340813200,2252532600,10604235800,323800983,87798234,1.8,1174.5,566,3.6,5400,3900,428120000,109.7,"2023-02-06T13:35:00.000Z",1675690500000,109.8,109.7,109.8,78.3,21.7,0,1.6,1.3,,0.3,1500,6900,129900,,757240000,592680000,164560000,
3325.5,59600,6395740600,8648273200,2252532600,10911695800,323800983,87798234,1.3,1174.5,566,Infinity,2800,2800,307460000,109.9,"2023-02-06T13:40:00.000Z",1675690800000,109.9,109.7,109.7,100,0,0,0.8,,,0,,2800,132700,,307460000,307460000,,
3325.5,59900,6407162600,8934005200,2526842600,11471737800,323800983,87798234,0,1174.5,566,1.1,2800,300,11422000,109.9,"2023-02-06T13:45:00.000Z",1675691100000,110,109.7,109.9,52.8,47.2,0,0.8,2.1,,0.9,2500,5300,138000,,560042000,285732000,274310000,
3325.5,64700,6923893600,9725086200,2801192600,12537168800,323800983,87798234,2.2,1174.5,566,2.9,7300,4800,516731000,109.8,"2023-02-06T13:50:00.000Z",1675691400000,110,109.7,109.9,74.5,25.5,0,2.2,2.1,,0.3,2500,9800,147800,,1065431000,791081000,274350000,
3325.5,65200,6978953600,9977606200,2998652600,12987148800,323800983,87798234,0.2,1174.5,566,1.3,2300,500,55060000,109.7,"2023-02-06T13:55:00.000Z",1675691700000,109.8,109.7,109.8,56.1,43.9,0,0.7,1.5,,0.8,1800,4100,151900,,449980000,252520000,197460000,
3325.5,61900,6792959200,10065206200,3272247000,13348343200,323800983,87798234,-0.8,1174.5,566,0.2,800,-3300,-185994400,109.4,"2023-02-06T14:00:00.000Z",1675692000000,109.7,109,109.7,16.3,83.7,0,0.2,3.5,,5.1,4100,4900,156800,,361194400,87600000,273594400,
3325.5,62200,6825979200,10317026200,3491047000,13818963200,323800983,87798234,0.1,1174.5,566,1.2,2300,300,33020000,109.4,"2023-02-06T14:05:00.000Z",1675692300000,109.5,109.4,109.4,53.5,46.5,0,0.7,1.7,,0.9,2000,4300,161100,,470620000,251820000,218800000,
3325.5,70300,7713069200,11236966200,3523897000,14771753200,323800983,87798234,3.8,1174.5,566,28,8400,8100,887090000,109.5,"2023-02-06T14:10:00.000Z",1675692600000,109.6,109.5,109.5,96.6,3.4,0,2.5,0.3,,0,300,8700,169800,,952790000,919940000,32850000,
3325.5,83700,9181969200,13144176200,3962207000,17117273200,323800983,87798234,6.2,1174.5,566,4.4,17400,13400,1468900000,109.7,"2023-02-06T14:15:00.000Z",1675692900000,109.8,109.5,109.5,81.3,18.7,0,5.2,3.4,,0.2,4000,21400,191200,,2345520000,1907210000,438310000,
3325.5,95200,10444309200,14450396200,4006087000,18467373200,323800983,87798234,5.3,1174.5,566,29.8,11900,11500,1262340000,109.6,"2023-02-06T14:20:00.000Z",1675693200000,109.8,109.6,109.7,96.7,3.3,0,3.6,0.3,,0,400,12300,203500,,1350100000,1306220000,43880000,
3325.5,101700,11157829200,15218646200,4060817000,19290353200,323800983,87798234,3,1174.5,566,14,7000,6500,713520000,109.5,"2023-02-06T14:25:00.000Z",1675693500000,109.8,109.3,109.7,93.3,6.7,0,2.1,0.4,,0.1,500,7500,211000,,822980000,768250000,54730000,
3325.5,101100,11092129200,15218646200,4126517000,19356053200,323800983,87798234,-0.3,1174.5,566,0,,-600,-65700000,109.5,"2023-02-06T14:30:00.000Z",1675693800000,109.5,109.5,109.5,0,100,0,,0.5,,Infinity,600,600,211600,,65700000,,65700000,
3325.5,101100,11092129200,15218646200,4126517000,22257803200,323800983,87798234,0,1174.5,566,NaN,,0,0,109.5,"2023-02-06T14:45:00.000Z",1675694700000,109.5,109.5,109.5,0,0,100,,,46.8,NaN,,26500,238100,26500,2901750000,,,2901750000
