"abu","acum_busd","acum_busd_val","acum_val_bu","acum_val_sd","acum_val","avg_val_bu","avg_val_sd","rbusd","asd","auk","bs","bu","bu-sd","bu-sd_val","c","date","datetime","h","l","o","pbu","psd","puk","rbu","rsd","ruk","sb","sd","sum_vol","total_vol","uk","val","val_bu","val_sd","val_uk"
666.7,700,13860000,13860000,0,13860000,12914649.1,29462456.1,0.8,1533.3,542.1,Infinity,700,700,13860000,19800,"2023-02-13T09:14:00.000Z",1676279640000,19800,19800,19800,100,0,0,1,,,0,,700,700,,13860000,13860000,,
666.7,1200,23760000,23760000,0,23760000,12914649.1,29462456.1,0.6,1533.3,542.1,Infinity,500,500,9900000,19800,"2023-02-13T09:16:00.000Z",1676279760000,19800,19800,19800,100,0,0,0.7,,,0,,500,1200,,9900000,9900000,,
666.7,-300,-5490000,23760000,29250000,53010000,12914649.1,29462456.1,1.8,1533.3,542.1,0,,-1500,-29250000,19500,"2023-02-13T09:18:00.000Z",1676279880000,19500,19500,19500,0,100,0,,1,,Infinity,1500,1500,2700,,29250000,,29250000,
666.7,2000,40050000,71280000,31230000,102510000,12914649.1,29462456.1,2.8,1533.3,542.1,24,2400,2300,45540000,19800,"2023-02-13T09:26:00.000Z",1676280360000,19800,19800,19800,96,4,0,3.6,0.1,,0,100,2500,5200,,49500000,47520000,1980000,
666.7,1800,36090000,71280000,35190000,106470000,12914649.1,29462456.1,0.2,1533.3,542.1,0,,-200,-3960000,19800,"2023-02-13T09:28:00.000Z",1676280480000,19800,19800,19800,0,100,0,,0.1,,Infinity,200,200,5400,,3960000,,3960000,
666.7,2000,40050000,75240000,35190000,110430000,12914649.1,29462456.1,0.2,1533.3,542.1,Infinity,200,200,3960000,19800,"2023-02-13T09:30:00.000Z",1676280600000,19800,19800,19800,100,0,0,0.3,,,0,,200,5600,,3960000,3960000,,
666.7,1900,38090000,75240000,37150000,112390000,12914649.1,29462456.1,0.1,1533.3,542.1,0,,-100,-1960000,19600,"2023-02-13T09:36:00.000Z",1676280960000,19600,19600,19600,0,100,0,,0.1,,Infinity,100,100,5700,,1960000,,1960000,
666.7,2200,43970000,81120000,37150000,118270000,12914649.1,29462456.1,0.4,1533.3,542.1,Infinity,300,300,5880000,19600,"2023-02-13T09:38:00.000Z",1676281080000,19600,19600,19600,100,0,0,0.4,,,0,,300,6000,,5880000,5880000,,
666.7,2000,40060000,81120000,41060000,122180000,12914649.1,29462456.1,0.2,1533.3,542.1,0,,-200,-3910000,19550,"2023-02-13T09:40:00.000Z",1676281200000,19550,19550,19550,0,100,0,,0.1,,Infinity,200,200,6200,,3910000,,3910000,
666.7,400,8780000,81120000,72340000,153460000,12914649.1,29462456.1,1.9,1533.3,542.1,0,,-1600,-31280000,19550,"2023-02-13T09:48:00.000Z",1676281680000,19550,19550,19550,0,100,0,,1,,Infinity,1600,1600,7800,,31280000,,31280000,
666.7,-9600,-186310000,81120000,267430000,350505000,12914649.1,29462456.1,11.8,1533.3,542.1,0,,-10000,-195090000,19500,"2023-02-13T09:58:00.000Z",1676282280000,19550,19500,19550,0,99,1,,6.5,0.2,Infinity,10000,10100,17900,100,197045000,,195090000,1955000
666.7,-9800,-190220000,81120000,271340000,354415000,12914649.1,29462456.1,0.2,1533.3,542.1,0,,-200,-3910000,19550,"2023-02-13T10:04:00.000Z",1676282640000,19550,19550,19550,0,100,0,,0.1,,Infinity,200,200,18100,,3910000,,3910000,
666.7,-10100,-196085000,81120000,277205000,360280000,12914649.1,29462456.1,0.4,1533.3,542.1,0,,-300,-5865000,19550,"2023-02-13T10:12:00.000Z",1676283120000,19550,19550,19550,0,100,0,,0.2,,Infinity,300,300,18400,,5865000,,5865000,
666.7,-17400,-337950000,81120000,419070000,533425000,12914649.1,29462456.1,8.6,1533.3,542.1,0,,-7300,-141865000,19300,"2023-02-13T10:14:00.000Z",1676283240000,19550,19300,19550,0,82,18,,4.8,3,Infinity,7300,8900,27300,1600,173145000,,141865000,31280000
666.7,-19000,-368830000,81120000,449950000,564305000,12914649.1,29462456.1,1.9,1533.3,542.1,0,,-1600,-30880000,19300,"2023-02-13T10:16:00.000Z",1676283360000,19300,19300,19300,0,100,0,,1,,Infinity,1600,1600,28900,,30880000,,30880000,
666.7,-20200,-391990000,84980000,476970000,595185000,12914649.1,29462456.1,1.4,1533.3,542.1,0.1,200,-1200,-23160000,19300,"2023-02-13T10:18:00.000Z",1676283480000,19300,19300,19300,12.5,87.5,0,0.3,0.9,,7,1400,1600,30500,,30880000,3860000,27020000,
666.7,-20300,-393895000,90755000,484650000,608640000,12914649.1,29462456.1,0.1,1533.3,542.1,0.8,300,-100,-1905000,19200,"2023-02-13T10:20:00.000Z",1676283600000,19250,19200,19250,42.9,57.1,0,0.4,0.3,,1.3,400,700,31200,,13455000,5775000,7680000,
666.7,-20200,-391970000,92680000,484650000,610565000,12914649.1,29462456.1,0.1,1533.3,542.1,Infinity,100,100,1925000,19250,"2023-02-13T10:22:00.000Z",1676283720000,19250,19250,19250,100,0,0,0.1,,,0,,100,31300,,1925000,1925000,,
666.7,-18900,-366945000,117705000,484650000,635590000,12914649.1,29462456.1,1.5,1533.3,542.1,Infinity,1300,1300,25025000,19250,"2023-02-13T10:24:00.000Z",1676283840000,19250,19250,19250,100,0,0,1.9,,,0,,1300,32600,,25025000,25025000,,
666.7,-19000,-368870000,117705000,486575000,639445000,12914649.1,29462456.1,0.1,1533.3,542.1,0,,-100,-1925000,19300,"2023-02-13T10:26:00.000Z",1676283960000,19300,19250,19250,0,50,50,,0.1,0.2,Infinity,100,200,32800,100,3855000,,1925000,1930000
666.7,-18900,-366905000,119670000,486575000,641410000,12914649.1,29462456.1,0.1,1533.3,542.1,Infinity,100,100,1965000,19650,"2023-02-13T10:28:00.000Z",1676284080000,19650,19650,19650,100,0,0,0.1,,,0,,100,32900,,1965000,1965000,,
666.7,-17300,-335340000,151235000,486575000,672975000,12914649.1,29462456.1,1.9,1533.3,542.1,Infinity,1600,1600,31565000,19750,"2023-02-13T10:34:00.000Z",1676284440000,19750,19700,19700,100,0,0,2.4,,,0,,1600,34500,,31565000,31565000,,
666.7,-17200,-333370000,153205000,486575000,674945000,12914649.1,29462456.1,0.1,1533.3,542.1,Infinity,100,100,1970000,19700,"2023-02-13T10:44:00.000Z",1676285040000,19700,19700,19700,100,0,0,0.1,,,0,,100,34600,,1970000,1970000,,
666.7,-18200,-352870000,153205000,506075000,694445000,12914649.1,29462456.1,1.2,1533.3,542.1,0,,-1000,-19500000,19500,"2023-02-13T11:04:00.000Z",1676286240000,19500,19500,19500,0,100,0,,0.7,,Infinity,1000,1000,35600,,19500000,,19500000,
666.7,-18100,-350905000,155170000,506075000,696410000,12914649.1,29462456.1,0.1,1533.3,542.1,Infinity,100,100,1965000,19650,"2023-02-13T11:10:00.000Z",1676286600000,19650,19650,19650,100,0,0,0.1,,,0,,100,35700,,1965000,1965000,,
666.7,-16900,-327385000,178690000,506075000,719930000,12914649.1,29462456.1,1.4,1533.3,542.1,Infinity,1200,1200,23520000,19600,"2023-02-13T11:22:00.000Z",1676287320000,19600,19600,19600,100,0,0,1.8,,,0,,1200,36900,,23520000,23520000,,
666.7,-16100,-311690000,194385000,506075000,735625000,12914649.1,29462456.1,0.9,1533.3,542.1,Infinity,800,800,15695000,19650,"2023-02-13T11:24:00.000Z",1676287440000,19650,19600,19600,100,0,0,1.2,,,0,,800,37700,,15695000,15695000,,
666.7,-16000,-309200000,237615000,546815000,819595000,12914649.1,29462456.1,0.2,1533.3,542.1,1,2200,100,2490000,19400,"2023-02-13T11:28:00.000Z",1676287680000,19650,19400,19650,51.2,48.8,0,3.3,1.4,,1,2100,4300,42000,,83970000,43230000,40740000,
666.7,-19000,-367400000,237615000,605015000,908835000,12914649.1,29462456.1,3.5,1533.3,542.1,0,,-3000,-58200000,19400,"2023-02-13T13:00:00.000Z",1676293200000,19400,19400,19400,0,65.2,34.8,,2,3,Infinity,3000,4600,46600,1600,89240000,,58200000,31040000
666.7,-18900,-365440000,239575000,605015000,910795000,12914649.1,29462456.1,0.1,1533.3,542.1,Infinity,100,100,1960000,19600,"2023-02-13T13:04:00.000Z",1676293440000,19600,19600,19600,100,0,0,0.1,,,0,,100,46700,,1960000,1960000,,
666.7,-19100,-369300000,239575000,608875000,914655000,12914649.1,29462456.1,0.2,1533.3,542.1,0,,-200,-3860000,19300,"2023-02-13T13:16:00.000Z",1676294160000,19300,19300,19300,0,100,0,,0.1,,Infinity,200,200,46900,,3860000,,3860000,
666.7,-20200,-390525000,239575000,630100000,935880000,12914649.1,29462456.1,1.3,1533.3,542.1,0,,-1100,-21225000,19250,"2023-02-13T13:18:00.000Z",1676294280000,19350,19250,19350,0,100,0,,0.7,,Infinity,1100,1100,48000,,21225000,,21225000,
666.7,-20000,-386670000,247270000,633940000,947415000,12914649.1,29462456.1,0.2,1533.3,542.1,2,400,200,3855000,19200,"2023-02-13T13:20:00.000Z",1676294400000,19250,19200,19250,66.7,33.3,0,0.6,0.1,,0.5,200,600,48600,,11535000,7695000,3840000,
666.7,-21400,-413435000,251110000,664545000,981860000,12914649.1,29462456.1,1.6,1533.3,542.1,0.1,200,-1400,-26765000,19050,"2023-02-13T13:22:00.000Z",1676294520000,19200,19050,19100,11.1,88.9,0,0.3,1,,8,1600,1800,50400,,34445000,3840000,30605000,
666.7,-21500,-415340000,251110000,666450000,983765000,12914649.1,29462456.1,0.1,1533.3,542.1,0,,-100,-1905000,19050,"2023-02-13T13:26:00.000Z",1676294760000,19050,19050,19050,0,100,0,,0.1,,Infinity,100,100,50500,,1905000,,1905000,
666.7,-33600,-645365000,251110000,896475000,1215700000,12914649.1,29462456.1,13.9,1533.3,542.1,0,,-12100,-230025000,19000,"2023-02-13T13:28:00.000Z",1676294880000,19100,19000,19100,0,99.2,0.8,,7.9,0.2,Infinity,12100,12200,62700,100,231935000,,230025000,1910000
666.7,-36800,-706165000,251110000,957275000,1291700000,12914649.1,29462456.1,3.7,1533.3,542.1,0,,-3200,-60800000,19000,"2023-02-13T13:30:00.000Z",1676295000000,19000,19000,19000,0,80,20,,2.1,1.5,Infinity,3200,4000,66700,800,76000000,,60800000,15200000
666.7,-35700,-685265000,272010000,957275000,1312600000,12914649.1,29462456.1,1.3,1533.3,542.1,Infinity,1100,1100,20900000,19000,"2023-02-13T13:32:00.000Z",1676295120000,19000,19000,19000,100,0,0,1.6,,,0,,1100,67800,,20900000,20900000,,
666.7,-34800,-668165000,289110000,957275000,1329700000,12914649.1,29462456.1,1,1533.3,542.1,Infinity,900,900,17100000,19000,"2023-02-13T13:34:00.000Z",1676295240000,19000,19000,19000,100,0,0,1.3,,,0,,900,68700,,17100000,17100000,,
666.7,-35500,-681465000,289110000,970575000,1343000000,12914649.1,29462456.1,0.8,1533.3,542.1,0,,-700,-13300000,19000,"2023-02-13T13:36:00.000Z",1676295360000,19000,19000,19000,0,100,0,,0.5,,Infinity,700,700,69400,,13300000,,13300000,
666.7,-35000,-671915000,298660000,970575000,1352550000,12914649.1,29462456.1,0.6,1533.3,542.1,Infinity,500,500,9550000,19100,"2023-02-13T13:38:00.000Z",1676295480000,19100,19100,19100,100,0,0,0.7,,,0,,500,69900,,9550000,9550000,,
666.7,-38100,-731155000,298660000,1029815000,1411790000,12914649.1,29462456.1,3.6,1533.3,542.1,0,,-3100,-59240000,19100,"2023-02-13T13:52:00.000Z",1676296320000,19150,19100,19150,0,100,0,,2,,Infinity,3100,3100,73000,,59240000,,59240000,
666.7,-38300,-734965000,298660000,1033625000,1415600000,12914649.1,29462456.1,0.2,1533.3,542.1,0,,-200,-3810000,19050,"2023-02-13T13:54:00.000Z",1676296440000,19050,19050,19050,0,100,0,,0.1,,Infinity,200,200,73200,,3810000,,3810000,
666.7,-44500,-852780000,298660000,1151440000,1533415000,12914649.1,29462456.1,7.1,1533.3,542.1,0,,-6200,-117815000,19000,"2023-02-13T13:56:00.000Z",1676296560000,19050,19000,19050,0,100,0,,4,,Infinity,6200,6200,79400,,117815000,,117815000,
666.7,-50800,-971680000,298660000,1270340000,1652315000,12914649.1,29462456.1,7.2,1533.3,542.1,0,,-6300,-118900000,18800,"2023-02-13T13:58:00.000Z",1676296680000,19000,18800,19000,0,100,0,,4.1,,Infinity,6300,6300,85700,,118900000,,118900000,
666.7,-51000,-975440000,298660000,1274100000,1656075000,12914649.1,29462456.1,0.2,1533.3,542.1,0,,-200,-3760000,18800,"2023-02-13T14:00:00.000Z",1676296800000,18800,18800,18800,0,100,0,,0.1,,Infinity,200,200,85900,,3760000,,3760000,
666.7,-51400,-982980000,298660000,1281640000,1663615000,12914649.1,29462456.1,0.5,1533.3,542.1,0,,-400,-7540000,18850,"2023-02-13T14:04:00.000Z",1676297040000,18850,18850,18850,0,100,0,,0.3,,Infinity,400,400,86300,,7540000,,7540000,
666.7,-52500,-1003715000,298660000,1302375000,1684350000,12914649.1,29462456.1,1.3,1533.3,542.1,0,,-1100,-20735000,18850,"2023-02-13T14:08:00.000Z",1676297280000,18850,18850,18850,0,100,0,,0.7,,Infinity,1100,1100,87400,,20735000,,20735000,
666.7,-59500,-1135665000,298660000,1434325000,1816300000,12914649.1,29462456.1,8,1533.3,542.1,0,,-7000,-131950000,18850,"2023-02-13T14:12:00.000Z",1676297520000,18850,18850,18850,0,100,0,,4.6,,Infinity,7000,7000,94400,,131950000,,131950000,
666.7,-58600,-1118565000,315760000,1434325000,1833400000,12914649.1,29462456.1,1,1533.3,542.1,Infinity,900,900,17100000,19000,"2023-02-13T14:14:00.000Z",1676297640000,19000,19000,19000,100,0,0,1.3,,,0,,900,95300,,17100000,17100000,,
666.7,-45200,-862665000,571660000,1434325000,2089300000,12914649.1,29462456.1,15.5,1533.3,542.1,Infinity,13400,13400,255900000,19100,"2023-02-13T14:16:00.000Z",1676297760000,19100,19000,19000,100,0,0,20.1,,,0,,13400,108700,,255900000,255900000,,
666.7,-42600,-812330000,621995000,1434325000,2139635000,12914649.1,29462456.1,3,1533.3,542.1,Infinity,2600,2600,50335000,19400,"2023-02-13T14:20:00.000Z",1676298000000,19400,19300,19300,100,0,0,3.9,,,0,,2600,111300,,50335000,50335000,,
666.7,-37000,-702110000,736135000,1438245000,2257695000,12914649.1,29462456.1,6.7,1533.3,542.1,29,5800,5600,110220000,19600,"2023-02-13T14:22:00.000Z",1676298120000,19700,19600,19600,96.7,3.3,0,8.7,0.1,,0,200,6000,117300,,118060000,114140000,3920000,
666.7,-43300,-825130000,736135000,1561265000,2380715000,12914649.1,29462456.1,7.4,1533.3,542.1,0,,-6300,-123020000,19400,"2023-02-13T14:24:00.000Z",1676298240000,19600,19400,19600,0,100,0,,4.1,,Infinity,6300,6300,123600,,123020000,,123020000,
666.7,-45300,-863890000,736135000,1600025000,2419475000,12914649.1,29462456.1,2.3,1533.3,542.1,0,,-2000,-38760000,19350,"2023-02-13T14:26:00.000Z",1676298360000,19400,19350,19400,0,100,0,,1.3,,Infinity,2000,2000,125600,,38760000,,38760000,
666.7,-49400,-943225000,736135000,1679360000,2498810000,12914649.1,29462456.1,4.8,1533.3,542.1,0,,-4100,-79335000,19350,"2023-02-13T14:28:00.000Z",1676298480000,19350,19350,19350,0,100,0,,2.7,,Infinity,4100,4100,129700,,79335000,,79335000,
666.7,-49400,-943225000,736135000,1679360000,3017510000,12914649.1,29462456.1,0,1533.3,542.1,NaN,,0,0,19500,"2023-02-13T14:44:00.000Z",1676299440000,19500,19500,19500,0,0,100,,,49.1,NaN,,26600,156300,26600,518700000,,,518700000
