"abu","acum_busd","acum_busd_val","acum_val","asd","auk","bs","bu","bu-sd","bu-sd_val","c","date","datetime","h","l","o","pbu","psd","puk","rbu","rsd","ruk","sb","sd","sum_vol","total_vol","uk","val","val_bu","val_sd","val_uk"
205.6,-1300,-159900000,159900000,327.8,161.1,0,,-1300,-159900000,123000,"2023-02-13T10:16:00.000Z",1676283360000,123000,123000,123000,0,100,0,,4,,Infinity,1300,1300,1300,,159900000,,159900000,
205.6,-2400,-294950000,294950000,327.8,161.1,0,,-1100,-135050000,122500,"2023-02-13T10:18:00.000Z",1676283480000,123000,122500,123000,0,100,0,,3.4,,Infinity,1100,1100,2400,,135050000,,135050000,
205.6,-2600,-319550000,319550000,327.8,161.1,0,,-200,-24600000,123000,"2023-02-13T10:22:00.000Z",1676283720000,123000,123000,123000,0,100,0,,0.6,,Infinity,200,200,2600,,24600000,,24600000,
205.6,-4000,-491750000,491750000,327.8,161.1,0,,-1400,-172200000,123000,"2023-02-13T10:24:00.000Z",1676283840000,123000,123000,123000,0,100,0,,4.3,,Infinity,1400,1400,4000,,172200000,,172200000,
205.6,-4400,-540950000,540950000,327.8,161.1,0,,-400,-49200000,123000,"2023-02-13T10:38:00.000Z",1676284680000,123000,123000,123000,0,100,0,,1.2,,Infinity,400,400,4400,,49200000,,49200000,
205.6,-4900,-602450000,602450000,327.8,161.1,0,,-500,-61500000,123000,"2023-02-13T11:20:00.000Z",1676287200000,123000,123000,123000,0,100,0,,1.5,,Infinity,500,500,4900,,61500000,,61500000,
205.6,-5100,-627050000,627050000,327.8,161.1,0,,-200,-24600000,123000,"2023-02-13T11:24:00.000Z",1676287440000,123000,123000,123000,0,100,0,,0.6,,Infinity,200,200,5100,,24600000,,24600000,
205.6,-5200,-639350000,639350000,327.8,161.1,0,,-100,-12300000,123000,"2023-02-13T13:18:00.000Z",1676294280000,123000,123000,123000,0,100,0,,0.3,,Infinity,100,100,5200,,12300000,,12300000,
205.6,-5600,-688550000,688550000,327.8,161.1,0,,-400,-49200000,123000,"2023-02-13T13:32:00.000Z",1676295120000,123000,123000,123000,0,100,0,,1.2,,Infinity,400,400,5600,,49200000,,49200000,
205.6,-5800,-713150000,713150000,327.8,161.1,0,,-200,-24600000,123000,"2023-02-13T13:34:00.000Z",1676295240000,123000,123000,123000,0,100,0,,0.6,,Infinity,200,200,5800,,24600000,,24600000,
205.6,-5800,-713150000,750170000,327.8,161.1,NaN,,0,0,123400,"2023-02-13T13:44:00.000Z",1676295840000,123400,123400,123400,0,0,100,,,1.9,NaN,,300,6100,300,37020000,,,37020000
205.6,-2900,-356450000,1106870000,327.8,161.1,Infinity,2900,2900,356700000,123000,"2023-02-13T14:02:00.000Z",1676296920000,123000,123000,123000,100,0,0,14.1,,,0,,2900,9000,,356700000,356700000,,
205.6,-2900,-356450000,1352870000,327.8,161.1,NaN,,0,0,123000,"2023-02-13T14:04:00.000Z",1676297040000,123000,123000,123000,0,0,100,,,12.4,NaN,,2000,11000,2000,246000000,,,246000000
205.6,-3000,-368730000,1365150000,327.8,161.1,0,,-100,-12280000,122800,"2023-02-13T14:12:00.000Z",1676297520000,122800,122800,122800,0,100,0,,0.3,,Infinity,100,100,11100,,12280000,,12280000,
205.6,-2600,-319530000,1414350000,327.8,161.1,Infinity,400,400,49200000,123000,"2023-02-13T14:14:00.000Z",1676297640000,123000,123000,123000,100,0,0,1.9,,,0,,400,11500,,49200000,49200000,,
205.6,-2600,-319530000,1463150000,327.8,161.1,NaN,,0,0,122000,"2023-02-13T14:16:00.000Z",1676297760000,122000,122000,122000,0,0,100,,,2.5,NaN,,400,11900,400,48800000,,,48800000
205.6,-2200,-270730000,1511950000,327.8,161.1,Infinity,400,400,48800000,122000,"2023-02-13T14:18:00.000Z",1676297880000,122000,122000,122000,100,0,0,1.9,,,0,,400,12300,,48800000,48800000,,
205.6,-2200,-270730000,1536350000,327.8,161.1,NaN,,0,0,122000,"2023-02-13T14:26:00.000Z",1676298360000,122000,122000,122000,0,0,100,,,1.2,NaN,,200,12500,200,24400000,,,24400000
