"abu","acum_busd","acum_busd_val","acum_val_bu","acum_val_sd","acum_val","avg_val_bu","avg_val_sd","rbusd","asd","auk","bs","bu","bu-sd","bu-sd_val","c","date","datetime","h","l","o","pbu","psd","puk","rbu","rsd","ruk","sb","sd","sum_vol","total_vol","uk","val","val_bu","val_sd","val_uk"
1022.9,-100,-10200000,0,10200000,10200000,105044000,58463428.6,0.2,572.9,372.9,0,,-100,-10200000,102000,"2023-02-13T09:14:00.000Z",1676279640000,102000,102000,102000,0,100,0,,0.2,,Infinity,100,100,100,,10200000,,10200000,
1022.9,-300,-30590000,0,30590000,30590000,105044000,58463428.6,0.4,572.9,372.9,0,,-200,-20390000,101900,"2023-02-13T09:18:00.000Z",1676279880000,102000,101900,102000,0,100,0,,0.3,,Infinity,200,200,300,,20390000,,20390000,
1022.9,-300,-30640000,50950000,81590000,132540000,105044000,58463428.6,0,572.9,372.9,1,500,0,-50000,101900,"2023-02-13T09:20:00.000Z",1676280000000,102000,101900,102000,50,50,0,0.5,0.9,,1,500,1000,1300,,101950000,50950000,51000000,
1022.9,600,61160000,152850000,91690000,244540000,105044000,58463428.6,2,572.9,372.9,10,1000,900,91800000,101900,"2023-02-13T09:22:00.000Z",1676280120000,101900,101000,101900,90.9,9.1,0,1,0.2,,0.1,100,1100,2400,,112000000,101900000,10100000,
1022.9,800,81810000,203800000,121990000,325790000,105044000,58463428.6,0.4,572.9,372.9,1.7,500,200,20650000,101900,"2023-02-13T09:24:00.000Z",1676280240000,101900,101000,101000,62.5,37.5,0,0.5,0.5,,0.6,300,800,3200,,81250000,50950000,30300000,
1022.9,1200,122570000,244560000,121990000,366550000,105044000,58463428.6,0.9,572.9,372.9,Infinity,400,400,40760000,101900,"2023-02-13T09:26:00.000Z",1676280360000,101900,101900,101900,100,0,0,0.4,,,0,,400,3600,,40760000,40760000,,
1022.9,2000,204130000,326120000,121990000,448110000,105044000,58463428.6,1.8,572.9,372.9,Infinity,800,800,81560000,102000,"2023-02-13T09:28:00.000Z",1676280480000,102000,101800,101900,100,0,0,0.8,,,0,,800,4400,,81560000,81560000,,
1022.9,2100,214330000,336320000,121990000,458310000,105044000,58463428.6,0.2,572.9,372.9,Infinity,100,100,10200000,102000,"2023-02-13T09:30:00.000Z",1676280600000,102000,102000,102000,100,0,0,0.1,,,0,,100,4500,,10200000,10200000,,
1022.9,2400,244930000,366920000,121990000,488910000,105044000,58463428.6,0.7,572.9,372.9,Infinity,300,300,30600000,102000,"2023-02-13T09:32:00.000Z",1676280720000,102000,102000,102000,100,0,0,0.3,,,0,,300,4800,,30600000,30600000,,
1022.9,2300,234740000,366920000,132180000,499100000,105044000,58463428.6,0.2,572.9,372.9,0,,-100,-10190000,101900,"2023-02-13T09:34:00.000Z",1676280840000,101900,101900,101900,0,100,0,,0.2,,Infinity,100,100,4900,,10190000,,10190000,
1022.9,2400,244930000,377110000,132180000,509290000,105044000,58463428.6,0.2,572.9,372.9,Infinity,100,100,10190000,101900,"2023-02-13T09:36:00.000Z",1676280960000,101900,101900,101900,100,0,0,0.1,,,0,,100,5000,,10190000,10190000,,
1022.9,1600,163410000,377110000,213700000,590810000,105044000,58463428.6,1.8,572.9,372.9,0,,-800,-81520000,101900,"2023-02-13T09:40:00.000Z",1676281200000,101900,101900,101900,0,100,0,,1.4,,Infinity,800,800,5800,,81520000,,81520000,
1022.9,200,20610000,397510000,376900000,774410000,105044000,58463428.6,3.1,572.9,372.9,0.1,200,-1400,-142800000,102000,"2023-02-13T09:44:00.000Z",1676281440000,102000,102000,102000,11.1,88.9,0,0.2,2.8,,8,1600,1800,7600,,183600000,20400000,163200000,
1022.9,100,10420000,397510000,387090000,784600000,105044000,58463428.6,0.2,572.9,372.9,0,,-100,-10190000,101900,"2023-02-13T09:46:00.000Z",1676281560000,101900,101900,101900,0,100,0,,0.2,,Infinity,100,100,7700,,10190000,,10190000,
1022.9,-300,-30340000,397510000,427850000,825360000,105044000,58463428.6,0.9,572.9,372.9,0,,-400,-40760000,101900,"2023-02-13T09:50:00.000Z",1676281800000,101900,101900,101900,0,100,0,,0.7,,Infinity,400,400,8100,,40760000,,40760000,
1022.9,3500,358670000,796620000,437950000,1234570000,105044000,58463428.6,8.4,572.9,372.9,39,3900,3800,389010000,102800,"2023-02-13T09:58:00.000Z",1676282280000,102800,101000,101900,97.5,2.5,0,3.8,0.2,,0,100,4000,12100,,409210000,399110000,10100000,
1022.9,6400,656730000,1094680000,437950000,1532630000,105044000,58463428.6,6.4,572.9,372.9,Infinity,2900,2900,298060000,102800,"2023-02-13T10:00:00.000Z",1676282400000,102800,102500,102800,100,0,0,2.8,,,0,,2900,15000,,298060000,298060000,,
1022.9,7400,759590000,1197540000,437950000,1635490000,105044000,58463428.6,2.2,572.9,372.9,Infinity,1000,1000,102860000,102900,"2023-02-13T10:02:00.000Z",1676282520000,102900,102800,102800,100,0,0,1,,,0,,1000,16000,,102860000,102860000,,
1022.9,8900,913880000,1351830000,437950000,1789780000,105044000,58463428.6,3.3,572.9,372.9,Infinity,1500,1500,154290000,102900,"2023-02-13T10:04:00.000Z",1676282640000,102900,102800,102800,100,0,0,1.5,,,0,,1500,17500,,154290000,154290000,,
1022.9,9400,965280000,1403230000,437950000,1841180000,105044000,58463428.6,1.1,572.9,372.9,Infinity,500,500,51400000,102800,"2023-02-13T10:06:00.000Z",1676282760000,102800,102800,102800,100,0,0,0.5,,,0,,500,18000,,51400000,51400000,,
1022.9,8400,863260000,1403230000,539970000,1943200000,105044000,58463428.6,2.2,572.9,372.9,0,,-1000,-102020000,102000,"2023-02-13T10:08:00.000Z",1676282880000,102100,102000,102000,0,100,0,,1.7,,Infinity,1000,1000,19000,,102020000,,102020000,
1022.9,8100,832660000,1403230000,570570000,1973800000,105044000,58463428.6,0.7,572.9,372.9,0,,-300,-30600000,102000,"2023-02-13T10:12:00.000Z",1676283120000,102000,102000,102000,0,100,0,,0.5,,Infinity,300,300,19300,,30600000,,30600000,
1022.9,9100,935400000,1516170000,580770000,2096940000,105044000,58463428.6,2.2,572.9,372.9,11,1100,1000,102740000,102800,"2023-02-13T10:14:00.000Z",1676283240000,102800,102000,102000,91.7,8.3,0,1.1,0.2,,0.1,100,1200,20500,,123140000,112940000,10200000,
1022.9,9600,986870000,1618890000,632020000,2250910000,105044000,58463428.6,1.1,572.9,372.9,2,1000,500,51470000,102500,"2023-02-13T10:16:00.000Z",1676283360000,102800,102500,102700,66.7,33.3,0,1,0.9,,0.5,500,1500,22000,,153970000,102720000,51250000,
1022.9,10100,1038270000,1670290000,632020000,2302310000,105044000,58463428.6,1.1,572.9,372.9,Infinity,500,500,51400000,102800,"2023-02-13T10:18:00.000Z",1676283480000,102800,102800,102800,100,0,0,0.5,,,0,,500,22500,,51400000,51400000,,
1022.9,12100,1244050000,1927320000,683270000,2610590000,105044000,58463428.6,4.4,572.9,372.9,5,2500,2000,205780000,102900,"2023-02-13T10:20:00.000Z",1676283600000,102900,102500,102800,83.3,16.7,0,2.4,0.9,,0.2,500,3000,25500,,308280000,257030000,51250000,
1022.9,12600,1295500000,1978770000,683270000,2662040000,105044000,58463428.6,1.1,572.9,372.9,Infinity,500,500,51450000,102900,"2023-02-13T10:22:00.000Z",1676283720000,102900,102900,102900,100,0,0,0.5,,,0,,500,26000,,51450000,51450000,,
1022.9,13000,1336620000,2019890000,683270000,2703160000,105044000,58463428.6,0.9,572.9,372.9,Infinity,400,400,41120000,102800,"2023-02-13T10:32:00.000Z",1676284320000,102800,102800,102800,100,0,0,0.4,,,0,,400,26400,,41120000,41120000,,
1022.9,13900,1429200000,2112470000,683270000,2795740000,105044000,58463428.6,2,572.9,372.9,Infinity,900,900,92580000,102800,"2023-02-13T10:34:00.000Z",1676284440000,102900,102800,102900,100,0,0,0.9,,,0,,900,27300,,92580000,92580000,,
1022.9,13400,1378170000,2112470000,734300000,2846770000,105044000,58463428.6,1.1,572.9,372.9,0,,-500,-51030000,102000,"2023-02-13T10:40:00.000Z",1676284800000,102500,101900,101900,0,100,0,,0.9,,Infinity,500,500,27800,,51030000,,51030000,
1022.9,13500,1388410000,2122710000,734300000,2857010000,105044000,58463428.6,0.2,572.9,372.9,Infinity,100,100,10240000,102400,"2023-02-13T10:46:00.000Z",1676285160000,102400,102400,102400,100,0,0,0.1,,,0,,100,27900,,10240000,10240000,,
1022.9,13900,1429370000,2163670000,734300000,2897970000,105044000,58463428.6,0.9,572.9,372.9,Infinity,400,400,40960000,102400,"2023-02-13T10:52:00.000Z",1676285520000,102400,102400,102400,100,0,0,0.4,,,0,,400,28300,,40960000,40960000,,
1022.9,15100,1552540000,2286840000,734300000,3021140000,105044000,58463428.6,2.6,572.9,372.9,Infinity,1200,1200,123170000,102700,"2023-02-13T10:54:00.000Z",1676285640000,102700,102600,102600,100,0,0,1.2,,,0,,1200,29500,,123170000,123170000,,
1022.9,15900,1634700000,2369000000,734300000,3103300000,105044000,58463428.6,1.8,572.9,372.9,Infinity,800,800,82160000,102700,"2023-02-13T10:56:00.000Z",1676285760000,102700,102700,102700,100,0,0,0.8,,,0,,800,30300,,82160000,82160000,,
1022.9,16600,1706680000,2440980000,734300000,3175280000,105044000,58463428.6,1.5,572.9,372.9,Infinity,700,700,71980000,102900,"2023-02-13T10:58:00.000Z",1676285880000,102900,102800,102800,100,0,0,0.7,,,0,,700,31000,,71980000,71980000,,
1022.9,15600,1604660000,2440980000,836320000,3277300000,105044000,58463428.6,2.2,572.9,372.9,0,,-1000,-102020000,101900,"2023-02-13T11:08:00.000Z",1676286480000,102400,101900,102400,0,100,0,,1.7,,Infinity,1000,1000,32000,,102020000,,102020000,
1022.9,15400,1584160000,2440980000,856820000,3297800000,105044000,58463428.6,0.4,572.9,372.9,0,,-200,-20500000,102500,"2023-02-13T11:10:00.000Z",1676286600000,102500,102500,102500,0,100,0,,0.3,,Infinity,200,200,32200,,20500000,,20500000,
1022.9,16600,1707540000,2564360000,856820000,3421180000,105044000,58463428.6,2.6,572.9,372.9,Infinity,1200,1200,123380000,102900,"2023-02-13T11:14:00.000Z",1676286840000,102900,102600,102600,100,0,0,1.2,,,0,,1200,33400,,123380000,123380000,,
1022.9,17100,1758990000,2615810000,856820000,3472630000,105044000,58463428.6,1.1,572.9,372.9,Infinity,500,500,51450000,102900,"2023-02-13T11:16:00.000Z",1676286960000,102900,102900,102900,100,0,0,0.5,,,0,,500,33900,,51450000,51450000,,
1022.9,15300,1574640000,2667210000,1092570000,3800820000,105044000,58463428.6,4,572.9,372.9,0.2,500,-1800,-184350000,102500,"2023-02-13T13:00:00.000Z",1676293200000,102800,102500,102600,15.6,71.9,12.5,0.5,4,1.1,4.6,2300,3200,37100,400,328190000,51400000,235750000,41040000
1022.9,13100,1349990000,2718560000,1368570000,4128170000,105044000,58463428.6,4.8,572.9,372.9,0.2,500,-2200,-224650000,102300,"2023-02-13T13:02:00.000Z",1676293320000,102700,102000,102000,15.6,84.4,0,0.5,4.7,,5.4,2700,3200,40300,,327350000,51350000,276000000,
1022.9,13100,1350290000,2769810000,1419520000,4230370000,105044000,58463428.6,0,572.9,372.9,1,500,0,300000,102500,"2023-02-13T13:04:00.000Z",1676293440000,102500,101900,101900,50,50,0,0.5,0.9,,1,500,1000,41300,,102200000,51250000,50950000,
1022.9,13600,1401580000,2821100000,1419520000,4281660000,105044000,58463428.6,1.1,572.9,372.9,Infinity,500,500,51290000,102700,"2023-02-13T13:12:00.000Z",1676293920000,102700,102400,102400,100,0,0,0.5,,,0,,500,41800,,51290000,51290000,,
1022.9,14100,1452880000,2872400000,1419520000,4332960000,105044000,58463428.6,1.1,572.9,372.9,Infinity,500,500,51300000,102700,"2023-02-13T13:14:00.000Z",1676294040000,102700,102500,102500,100,0,0,0.5,,,0,,500,42300,,51300000,51300000,,
1022.9,14000,1442680000,2872400000,1429720000,4343160000,105044000,58463428.6,0.2,572.9,372.9,0,,-100,-10200000,102000,"2023-02-13T13:18:00.000Z",1676294280000,102000,102000,102000,0,100,0,,0.2,,Infinity,100,100,42400,,10200000,,10200000,
1022.9,13100,1350880000,2872400000,1521520000,4434960000,105044000,58463428.6,2,572.9,372.9,0,,-900,-91800000,102000,"2023-02-13T13:20:00.000Z",1676294400000,102000,102000,102000,0,100,0,,1.6,,Infinity,900,900,43300,,91800000,,91800000,
1022.9,12200,1259170000,2872400000,1613230000,4526670000,105044000,58463428.6,2,572.9,372.9,0,,-900,-91710000,101900,"2023-02-13T13:26:00.000Z",1676294760000,101900,101900,101900,0,100,0,,1.6,,Infinity,900,900,44200,,91710000,,91710000,
1022.9,11600,1198050000,2872400000,1674350000,4587790000,105044000,58463428.6,1.3,572.9,372.9,0,,-600,-61120000,101800,"2023-02-13T13:28:00.000Z",1676294880000,101900,101800,101900,0,100,0,,1,,Infinity,600,600,44800,,61120000,,61120000,
1022.9,13600,1401760000,3271120000,1869360000,5181520000,105044000,58463428.6,4.4,572.9,372.9,2.1,3900,2000,203710000,102500,"2023-02-13T13:30:00.000Z",1676295000000,102800,101900,101900,67.2,32.8,0,3.8,3.3,,0.5,1900,5800,50600,,593730000,398720000,195010000,
1022.9,13500,1391560000,3271120000,1879560000,5191720000,105044000,58463428.6,0.2,572.9,372.9,0,,-100,-10200000,102000,"2023-02-13T13:34:00.000Z",1676295240000,102000,102000,102000,0,100,0,,0.2,,Infinity,100,100,50700,,10200000,,10200000,
1022.9,14000,1442740000,3332500000,1889760000,5263300000,105044000,58463428.6,1.1,572.9,372.9,6,600,500,51180000,102300,"2023-02-13T13:36:00.000Z",1676295360000,102300,102000,102300,85.7,14.3,0,0.6,0.2,,0.2,100,700,51400,,71580000,61380000,10200000,
1022.9,14500,1494070000,3383830000,1889760000,5314630000,105044000,58463428.6,1.1,572.9,372.9,Infinity,500,500,51330000,102700,"2023-02-13T13:38:00.000Z",1676295480000,102700,102500,102500,100,0,0,0.5,,,0,,500,51900,,51330000,51330000,,
1022.9,11700,1208350000,3394060000,2185710000,5620810000,105044000,58463428.6,6.1,572.9,372.9,0,100,-2800,-285720000,102000,"2023-02-13T13:44:00.000Z",1676295840000,102300,102000,102300,3.3,96.7,0,0.1,5.1,,29,2900,3000,54900,,306180000,10230000,295950000,
1022.9,13600,1403400000,3589110000,2185710000,5815860000,105044000,58463428.6,4.2,572.9,372.9,Infinity,1900,1900,195050000,102700,"2023-02-13T13:46:00.000Z",1676295960000,102700,102500,102500,100,0,0,1.9,,,0,,1900,56800,,195050000,195050000,,
1022.9,25100,2586780000,4772490000,2185710000,7030140000,105044000,58463428.6,25.4,572.9,372.9,Infinity,11500,11500,1183380000,103000,"2023-02-13T13:48:00.000Z",1676296080000,103000,102700,102700,97.5,0,2.5,11.2,,0.8,0,,11800,68600,300,1214280000,1183380000,,30900000
1022.9,29600,3050260000,5235970000,2185710000,7493620000,105044000,58463428.6,10,572.9,372.9,Infinity,4500,4500,463480000,103000,"2023-02-13T13:50:00.000Z",1676296200000,103000,102900,102900,100,0,0,4.4,,,0,,4500,73100,,463480000,463480000,,
1022.9,29500,3040060000,5235970000,2195910000,7503820000,105044000,58463428.6,0.2,572.9,372.9,0,,-100,-10200000,102000,"2023-02-13T13:52:00.000Z",1676296320000,102000,102000,102000,0,100,0,,0.2,,Infinity,100,100,73200,,10200000,,10200000,
1022.9,29000,2989060000,5235970000,2246910000,7554820000,105044000,58463428.6,1.1,572.9,372.9,0,,-500,-51000000,102000,"2023-02-13T13:54:00.000Z",1676296440000,102000,102000,102000,0,100,0,,0.9,,Infinity,500,500,73700,,51000000,,51000000,
1022.9,26500,2734060000,5235970000,2501910000,7809820000,105044000,58463428.6,5.5,572.9,372.9,0,,-2500,-255000000,102000,"2023-02-13T13:56:00.000Z",1676296560000,102000,102000,102000,0,100,0,,4.4,,Infinity,2500,2500,76200,,255000000,,255000000,
1022.9,25000,2581790000,5235970000,2654180000,7962090000,105044000,58463428.6,3.3,572.9,372.9,0,,-1500,-152270000,101100,"2023-02-13T13:58:00.000Z",1676296680000,102000,101100,102000,0,100,0,,2.6,,Infinity,1500,1500,77700,,152270000,,152270000,
1022.9,25100,2593120000,5400320000,2807200000,8279460000,105044000,58463428.6,0.2,572.9,372.9,1.1,1600,100,11330000,102000,"2023-02-13T14:00:00.000Z",1676296800000,102800,102000,102100,51.6,48.4,0,1.6,2.6,,0.9,1500,3100,80800,,317370000,164350000,153020000,
1022.9,25100,2593190000,5410590000,2817400000,8299930000,105044000,58463428.6,0,572.9,372.9,1,100,0,70000,102700,"2023-02-13T14:04:00.000Z",1676297040000,102700,102000,102000,50,50,0,0.1,0.2,,1,100,200,81000,,20470000,10270000,10200000,
1022.9,29200,3014890000,5842490000,2827600000,8742030000,105044000,58463428.6,9.1,572.9,372.9,42,4200,4100,421700000,102900,"2023-02-13T14:06:00.000Z",1676297160000,102900,102000,102600,97.7,2.3,0,4.1,0.2,,0,100,4300,85300,,442100000,431900000,10200000,
1022.9,28700,2963740000,5842490000,2878750000,8793180000,105044000,58463428.6,1.1,572.9,372.9,0,,-500,-51150000,102300,"2023-02-13T14:16:00.000Z",1676297760000,102300,102300,102300,0,100,0,,0.9,,Infinity,500,500,85800,,51150000,,51150000,
1022.9,29200,3015140000,5893890000,2878750000,8844580000,105044000,58463428.6,1.1,572.9,372.9,Infinity,500,500,51400000,102800,"2023-02-13T14:18:00.000Z",1676297880000,102800,102800,102800,100,0,0,0.5,,,0,,500,86300,,51400000,51400000,,
1022.9,27100,2800730000,5986380000,3185650000,9243970000,105044000,58463428.6,4.6,572.9,372.9,0.3,900,-2100,-214410000,102700,"2023-02-13T14:20:00.000Z",1676298000000,102800,101500,102800,23.1,76.9,0,0.9,5.2,,3.3,3000,3900,90200,,399390000,92490000,306900000,
1022.9,24400,2524610000,6119890000,3595280000,9787110000,105044000,58463428.6,5.9,572.9,372.9,0.3,1300,-2700,-276120000,101500,"2023-02-13T14:22:00.000Z",1676298120000,102700,101500,102700,24.5,75.5,0,1.3,7,,3.1,4000,5300,95500,,543140000,133510000,409630000,
1022.9,34400,3554690000,7353080000,3798390000,11223410000,105044000,58463428.6,22.1,572.9,372.9,6,12000,10000,1030080000,103000,"2023-02-13T14:24:00.000Z",1676298240000,103000,101500,101500,85.7,14.3,0,11.7,3.5,,0.2,2000,14000,109500,,1436300000,1233190000,203110000,
1022.9,31500,3260640000,7353080000,4092440000,11517460000,105044000,58463428.6,6.3,572.9,372.9,0,,-2900,-294050000,101200,"2023-02-13T14:26:00.000Z",1676298360000,101600,101200,101500,0,100,0,,5.1,,Infinity,2900,2900,112400,,294050000,,294050000,
1022.9,31500,3260640000,7353080000,4092440000,14136200000,105044000,58463428.6,0,572.9,372.9,NaN,,0,0,103100,"2023-02-13T14:44:00.000Z",1676299440000,103100,103100,103100,0,0,100,,,68.1,NaN,,25400,137800,25400,2618740000,,,2618740000
