"abu","acum_busd","acum_busd_val","acum_val_bu","acum_val_sd","acum_val","avg_val_bu","avg_val_sd","rbusd","asd","auk","bs","bu","bu-sd","bu-sd_val","c","date","datetime","h","l","o","pbu","psd","puk","rbu","rsd","ruk","sb","sd","sum_vol","total_vol","uk","val","val_bu","val_sd","val_uk"
26480.4,17000,75305000,94356000,19051000,117403000,118205173.9,115771260.9,30.9,26050,4019.6,5,21300,17000,75305000,4.44,"2023-01-11T09:15:00.000Z",1673428500000,4.44,4.42,4.42,80.4,16.2,3.4,0.8,0.2,0.2,0.2,4300,26500,26500,900,117403000,94356000,19051000,3996000.0000000005
26480.4,24500,108264000,209874000,101610000,315480000,118205173.9,115771260.9,13.5,26050,4019.6,1.4,26000,7500,32959000,4.47,"2023-01-11T09:20:00.000Z",1673428800000,4.47,4.44,4.44,58.4,41.6,0,1,0.7,,0.7,18500,44500,71000,,198077000,115518000,82559000,
26480.4,21000,92724000,274256000,181532000,459784000,118205173.9,115771260.9,-6.4,26050,4019.6,0.8,14400,-3500,-15540000,4.48,"2023-01-11T09:25:00.000Z",1673429100000,4.48,4.45,4.47,44.6,55.4,0,0.5,0.7,,1.2,17900,32300,103300,,144304000,64382000,79922000,
26480.4,30500,135297000,323534000,188237000,515767000,118205173.9,115771260.9,17.5,26050,4019.6,7.3,11000,9500,42573000,4.48,"2023-01-11T09:30:00.000Z",1673429400000,4.48,4.47,4.47,88,12,0,0.4,0.1,,0.1,1500,12500,115800,,55983000,49278000,6705000,
26480.4,37000,164417000,352654000,188237000,544887000,118205173.9,115771260.9,12,26050,4019.6,Infinity,6500,6500,29120000,4.48,"2023-01-11T09:35:00.000Z",1673429700000,4.48,4.48,4.48,100,0,0,0.2,,,0,,6500,122300,,29120000,29120000,,
26480.4,39800,177081000,418958000,241877000,664831000,118205173.9,115771260.9,5.2,26050,4019.6,1.2,14800,2800,12664000.000000007,4.48,"2023-01-11T09:40:00.000Z",1673430000000,4.48,4.47,4.48,55.2,44.8,0,0.6,0.5,,0.8,12000,26800,149100,,119944000,66304000.00000001,53640000,
26480.4,37800,168213000,462788000,294575000,761359000,118205173.9,115771260.9,-3.6,26050,4019.6,0.8,9800,-2000,-8868000,4.47,"2023-01-11T09:45:00.000Z",1673430300000,4.48,4.46,4.48,45.4,54.6,0,0.4,0.5,,1.2,11800,21600,170700,,96528000,43830000,52698000,
26480.4,-500,-2340000,520229000,522569000,1046794000,118205173.9,115771260.9,-70.1,26050,4019.6,0.3,12900,-38300,-170553000,4.45,"2023-01-11T09:50:00.000Z",1673430600000,4.46,4.45,4.46,20.1,79.9,0,0.5,2,,4,51200,64100,234800,,285435000,57441000,227994000,
26480.4,25100,111594000,635051000,523457000,1162504000,118205173.9,115771260.9,46.8,26050,4019.6,129,25800,25600,113934000,4.46,"2023-01-11T09:55:00.000Z",1673430900000,4.46,4.44,4.44,99.2,0.8,0,1,0,,0,200,26000,260800,,115710000,114822000,888000.0000000001,
26480.4,26400,117463000,712565000,595102000,1311663000,118205173.9,115771260.9,2.4,26050,4019.6,1.1,17400,1300,5869000,4.45,"2023-01-11T10:00:00.000Z",1673431200000,4.46,4.45,4.46,51.9,48.1,0,0.7,0.6,,0.9,16100,33500,294300,,149159000,77514000,71645000,
26480.4,60700,270387000,917093000,646706000,1569130000,118205173.9,115771260.9,62.8,26050,4019.6,4,45900,34300,152924000,4.46,"2023-01-11T10:05:00.000Z",1673431500000,4.46,4.44,4.45,79.4,20.1,0.5,1.7,0.4,0.1,0.3,11600,57800,352100,300,257467000,204528000,51604000,1335000
26480.4,78600,350166000,1055713000,705547000,1766591000,118205173.9,115771260.9,32.8,26050,4019.6,2.4,31100,17900,79779000,4.45,"2023-01-11T10:10:00.000Z",1673431800000,4.46,4.45,4.45,70.2,29.8,0,1.2,0.5,,0.4,13200,44300,396400,,197461000,138620000,58841000,
26480.4,77300,344395000,1112377000,767982000,1885690000,118205173.9,115771260.9,-2.4,26050,4019.6,0.9,12700,-1300,-5771000,4.47,"2023-01-11T10:15:00.000Z",1673432100000,4.47,4.45,4.45,47.6,52.4,0,0.5,0.5,,1.1,14000,26700,423100,,119099000,56664000,62435000,
26480.4,70400,313673000,1140527000,826854000,1972712000,118205173.9,115771260.9,-12.6,26050,4019.6,0.5,6300,-6900,-30722000,4.46,"2023-01-11T10:20:00.000Z",1673432400000,4.47,4.46,4.47,32.3,67.7,0,0.2,0.5,,2.1,13200,19500,442600,,87022000,28150000,58872000,
26480.4,60000,267443000,1162827000,895384000,2063542000,118205173.9,115771260.9,-19,26050,4019.6,0.3,5000,-10400,-46230000,4.46,"2023-01-11T10:25:00.000Z",1673432700000,4.46,4.45,4.45,24.5,75.5,0,0.2,0.6,,3.1,15400,20400,463000,,90830000,22300000,68530000,
26480.4,31100,138854000,1206893000,1068039000,2280263000,118205173.9,115771260.9,-52.8,26050,4019.6,0.3,9900,-28900,-128589000,4.44,"2023-01-11T10:30:00.000Z",1673433000000,4.46,4.44,4.45,20.3,79.7,0,0.4,1.5,,3.9,38800,48700,511700,,216721000,44066000,172655000,
26480.4,58700,261686000,1330169000,1068483000,2403983000,118205173.9,115771260.9,50.5,26050,4019.6,277,27700,27600,122832000,4.46,"2023-01-11T10:35:00.000Z",1673433300000,4.46,4.44,4.45,99.6,0.4,0,1,0,,0,100,27800,539500,,123720000,123276000,444000.00000000006,
26480.4,104900,467796000,1595019000,1127223000,2727573000,118205173.9,115771260.9,84.7,26050,4019.6,4.5,59400,46200,206110000,4.46,"2023-01-11T10:40:00.000Z",1673433600000,4.46,4.45,4.46,81.8,18.2,0,2.2,0.5,,0.2,13200,72600,612100,,323590000,264850000,58740000,
26480.4,132700,592146000,1784159000,1192013000,2981503000,118205173.9,115771260.9,51.1,26050,4019.6,2.9,42300,27800,124350000,4.47,"2023-01-11T10:45:00.000Z",1673433900000,4.48,4.46,4.46,74.5,25.5,0,1.6,0.6,,0.3,14500,56800,668900,,253930000,189140000,64790000,
26480.4,184400,823821000,2065518000,1241697000,3312546000,118205173.9,115771260.9,95.2,26050,4019.6,5.7,62800,51700,231675000,4.48,"2023-01-11T10:50:00.000Z",1673434200000,4.49,4.47,4.48,85,15,0,2.4,0.4,,0.2,11100,73900,742800,,331043000,281359000,49684000,
26480.4,221300,989459000,2337639000,1348180000,3691150000,118205173.9,115771260.9,68.1,26050,4019.6,2.6,60700,36900,165638000,4.49,"2023-01-11T10:55:00.000Z",1673434500000,4.49,4.47,4.48,71.8,28.2,0,2.3,0.9,,0.4,23800,84500,827300,,378604000,272121000,106483000,
26480.4,217700,973364000,2354696000,1381332000,3741359000,118205173.9,115771260.9,-6.6,26050,4019.6,0.5,3800,-3600,-16095000.000000004,4.49,"2023-01-11T11:00:00.000Z",1673434800000,4.49,4.48,4.48,33.9,66.1,0,0.1,0.3,,1.9,7400,11200,838500,,50209000,17057000,33152000.000000004,
26480.4,269200,1204723000,2764309000,1559586000,4329226000,118205173.9,115771260.9,95.1,26050,4019.6,2.3,91300,51500,231358999.99999997,4.49,"2023-01-11T11:05:00.000Z",1673435100000,4.49,4.47,4.49,69.6,30.4,0,3.4,1.5,,0.4,39800,131100,969600,,587867000,409613000,178254000.00000003,
26480.4,254500,1139150000,2869128000,1729978000,4604437000,118205173.9,115771260.9,-26.9,26050,4019.6,0.6,23400,-14700,-65573000,4.47,"2023-01-11T11:10:00.000Z",1673435400000,4.49,4.46,4.48,38,62,0,0.9,1.5,,1.6,38100,61500,1031100,,275211000,104819000,170392000,
26480.4,279600,1251401000,3019010000,1767609000,4791950000,118205173.9,115771260.9,46.1,26050,4019.6,4,33500,25100,112251000,4.47,"2023-01-11T11:15:00.000Z",1673435700000,4.48,4.47,4.47,80,20,0,1.3,0.3,,0.3,8400,41900,1073000,,187513000,149882000,37631000.00000001,
26480.4,283700,1269781000,3043201000,1773420000,4821952000,118205173.9,115771260.9,7.6,26050,4019.6,4.2,5400,4100,18380000,4.48,"2023-01-11T11:20:00.000Z",1673436000000,4.48,4.47,4.48,80.6,19.4,0,0.2,0,,0.2,1300,6700,1079700,,30002000,24191000,5811000,
26480.4,289400,1295271000,3068691000,1773420000,4847442000,118205173.9,115771260.9,10.5,26050,4019.6,Infinity,5700,5700,25490000,4.47,"2023-01-11T11:25:00.000Z",1673436300000,4.48,4.47,4.48,100,0,0,0.2,,,0,,5700,1085400,,25490000,25490000,,
26480.4,307900,1378200000,3220085000,1841885000,5067301000,118205173.9,115771260.9,34.1,26050,4019.6,2.2,33800,18500,82929000,4.49,"2023-01-11T13:00:00.000Z",1673442000000,4.49,4.46,4.46,68.8,31.2,0,1.3,0.6,,0.5,15300,49100,1134500,,219859000,151394000,68465000,
26480.4,331400,1483729000,3331886000,1848157000,5185374000,118205173.9,115771260.9,43.4,26050,4019.6,17.8,24900,23500,105529000,4.48,"2023-01-11T13:05:00.000Z",1673442300000,4.49,4.48,4.48,94.7,5.3,0,0.9,0.1,,0.1,1400,26300,1160800,,118073000,111801000,6272000,
26480.4,262900,1177865000,3642496000,2464631000,6112458000,118205173.9,115771260.9,-125.7,26050,4019.6,0.5,69500,-68500,-305864000,4.46,"2023-01-11T13:10:00.000Z",1673442600000,4.49,4.45,4.48,33.5,66.5,0,2.6,5.3,,2,138000,207500,1368300,,927084000,310610000,616474000,
26480.4,387600,1735302000,4443046000,2707744000,7156121000,118205173.9,115771260.9,229,26050,4019.6,3.3,179100,124700,557437000,4.47,"2023-01-11T13:15:00.000Z",1673442900000,4.48,4.46,4.46,76.7,23.3,0,6.8,2.1,,0.3,54400,233500,1601800,,1043663000,800550000,243113000,
26480.4,373400,1671847000,4474337000,2802490000,7282158000,118205173.9,115771260.9,-26.1,26050,4019.6,0.3,7000,-14200,-63455000,4.46,"2023-01-11T13:20:00.000Z",1673443200000,4.48,4.46,4.47,24.8,75.2,0,0.3,0.8,,3,21200,28200,1630000,,126037000,31291000,94746000,
26480.4,352200,1577326000,4628517000,3051191000,7703284000,118205173.9,115771260.9,-38.8,26050,4019.6,0.6,34600,-21200,-94521000,4.45,"2023-01-11T13:25:00.000Z",1673443500000,4.47,4.45,4.47,36.6,59,4.3,1.3,2.1,1,1.6,55800,94500,1724500,4100,421126000,154180000,248701000,18245000
26480.4,317400,1423106000,4757791000,3334685000,8116052000,118205173.9,115771260.9,-63.4,26050,4019.6,0.5,29100,-34800,-154220000,4.45,"2023-01-11T13:30:00.000Z",1673443800000,4.45,4.43,4.45,31.3,68.7,0,1.1,2.5,,2.2,63900,93000,1817500,,412768000,129274000.00000001,283494000,
26480.4,271800,1220941000,4778697000,3557756000,8360029000,118205173.9,115771260.9,-83.1,26050,4019.6,0.1,4700,-45600,-202165000,4.44,"2023-01-11T13:35:00.000Z",1673444100000,4.45,4.43,4.45,8.5,91.5,0,0.2,1.9,,10.7,50300,55000,1872500,,243977000,20906000,223071000,
26480.4,297400,1334852000,4897046000,3562194000,8482816000,118205173.9,115771260.9,46.8,26050,4019.6,26.6,26600,25600,113911000,4.44,"2023-01-11T13:40:00.000Z",1673444400000,4.45,4.43,4.45,96.4,3.6,0,1,0,,0,1000,27600,1900100,,122787000,118349000,4438000,
26480.4,276200,1241008000,4929014000,3688006000,8640596000,118205173.9,115771260.9,-38.6,26050,4019.6,0.3,7200,-21200,-93844000,4.43,"2023-01-11T13:45:00.000Z",1673444700000,4.44,4.43,4.43,20.2,79.8,0,0.3,1.1,,3.9,28400,35600,1935700,,157780000,31968000,125812000,
26480.4,267800,1203807000,4955162000,3751355000,8730093000,118205173.9,115771260.9,-15.3,26050,4019.6,0.4,5900,-8400,-37201000,4.43,"2023-01-11T13:50:00.000Z",1673445000000,4.44,4.43,4.43,29.2,70.8,0,0.2,0.5,,2.4,14300,20200,1955900,,89497000,26148000,63349000,
26480.4,271700,1221215000,5013326000,3792111000,8829013000,118205173.9,115771260.9,7.2,26050,4019.6,1.4,13100,3900,17408000,4.43,"2023-01-11T13:55:00.000Z",1673445300000,4.44,4.43,4.44,58.7,41.3,0,0.5,0.4,,0.7,9200,22300,1978200,,98920000,58164000,40756000,
26480.4,243400,1095873000,5025314000,3929441000,8978331000,118205173.9,115771260.9,-51.5,26050,4019.6,0.1,2700,-28300,-125342000,4.44,"2023-01-11T14:00:00.000Z",1673445600000,4.44,4.43,4.44,8,92,0,0.1,1.2,,11.5,31000,33700,2011900,,149318000,11988000.000000002,137330000,
26480.4,204000,921950000,5092102000,4170152000,9285830000,118205173.9,115771260.9,-71.5,26050,4019.6,0.3,15100,-39400,-173923000,4.42,"2023-01-11T14:05:00.000Z",1673445900000,4.44,4.41,4.43,21.7,78.3,0,0.6,2.1,,3.6,54500,69600,2081500,,307499000,66788000,240711000,
26480.4,222900,1005731000,5199751000,4194020000,9417347000,118205173.9,115771260.9,34.4,26050,4019.6,4.5,24300,18900,83781000,4.43,"2023-01-11T14:10:00.000Z",1673446200000,4.43,4.42,4.43,81.8,18.2,0,0.9,0.2,,0.2,5400,29700,2111200,,131517000,107649000,23868000,
26480.4,245400,1105603000,5349682000,4244079000,9617337000,118205173.9,115771260.9,41,26050,4019.6,3,33800,22500,99872000,4.43,"2023-01-11T14:15:00.000Z",1673446500000,4.44,4.43,4.43,74.9,25.1,0,1.3,0.4,,0.3,11300,45100,2156300,,199990000,149931000,50059000,
26480.4,218100,984962000,5388603000,4403641000,9815820000,118205173.9,115771260.9,-49.6,26050,4019.6,0.2,8800,-27300,-120641000,4.42,"2023-01-11T14:20:00.000Z",1673446800000,4.43,4.42,4.43,19.6,80.4,0,0.3,1.4,,4.1,36100,44900,2201200,,198483000,38921000,159562000,
26480.4,19800,111960000,5437438000,5325478000,10786932000,118205173.9,115771260.9,-358.7,26050,4019.6,0.1,11100,-198300,-873002000,4.4,"2023-01-11T14:25:00.000Z",1673447100000,4.41,4.39,4.41,5,94.9,0,0.4,8,0,18.9,209400,220600,2421800,100,971112000,48835000,921837000,440000.00000000006
26480.4,19800,111960000,5437438000,5325478000,11573142000,118205173.9,115771260.9,0,26050,4019.6,NaN,,0,0,4.38,"2023-01-11T14:45:00.000Z",1673448300000,4.38,4.38,4.38,0,0,100,,,44.7,NaN,,179500,2601300,179500,786210000,,,786210000
