"abu","acum_busd","acum_busd_val","acum_val_bu","acum_val_sd","acum_val","avg_val_bu","avg_val_sd","rbusd","asd","auk","bs","bu","bu-sd","bu-sd_val","c","date","datetime","h","l","o","pbu","psd","puk","rbu","rsd","ruk","sb","sd","sum_vol","total_vol","uk","val","val_bu","val_sd","val_uk"
720,2100,44730000,44730000,0,87330000,15283428.6,47807428.6,-1.4,2271.4,277.1,Infinity,2100,2100,44730000,21300,"2023-03-06T09:00:00.000Z",1678093200000,21300,21300,21300,51.2,0,48.8,2.9,,7.2,0,,4100,4100,2000,87330000,44730000,,42600000
720,5100,108630000,170400000,61770000,274770000,15283428.6,47807428.6,-2,2271.4,277.1,2,5900,3000,63900000,21300,"2023-03-06T09:05:00.000Z",1678093500000,21300,21300,21300,67,33,0,8.2,1.3,,0.5,2900,8800,12900,,187440000,125670000,61770000,
720,5800,123680000,215130000,91450000,391780000,15283428.6,47807428.6,-0.5,2271.4,277.1,1.5,2100,700,15050000,21300,"2023-03-06T09:10:00.000Z",1678093800000,21300,21200,21200,38.2,25.5,36.4,2.9,0.6,7.2,0.7,1400,5500,18400,2000,117010000,44730000,29680000,42600000
720,4900,104610000,217260000,112650000,415110000,15283428.6,47807428.6,0.6,2271.4,277.1,0.1,100,-900,-19070000,21200,"2023-03-06T09:15:00.000Z",1678094100000,21300,21200,21300,9.1,90.9,0,0.1,0.4,,10,1000,1100,19500,,23330000,2130000,21200000,
720,3800,81180000,242820000,161640000,489660000,15283428.6,47807428.6,0.7,2271.4,277.1,0.5,1200,-1100,-23430000,21300,"2023-03-06T09:20:00.000Z",1678094400000,21300,21300,21300,34.3,65.7,0,1.7,1,,1.9,2300,3500,23000,,74550000,25560000,48990000,
720,3100,66270000,242820000,176550000,504570000,15283428.6,47807428.6,0.5,2271.4,277.1,0,,-700,-14910000,21300,"2023-03-06T09:25:00.000Z",1678094700000,21300,21300,21300,0,100,0,,0.3,,Infinity,700,700,23700,,14910000,,14910000,
720,-4900,-101730000,242820000,344550000,672570000,15283428.6,47807428.6,5.2,2271.4,277.1,0,,-8000,-168000000,21000,"2023-03-06T09:30:00.000Z",1678095000000,21000,21000,21000,0,100,0,,3.5,,Infinity,8000,8000,31700,,168000000,,168000000,
720,-9900,-206730000,242820000,449550000,777570000,15283428.6,47807428.6,3.2,2271.4,277.1,0,,-5000,-105000000,21000,"2023-03-06T09:35:00.000Z",1678095300000,21000,21000,21000,0,100,0,,2.2,,Infinity,5000,5000,36700,,105000000,,105000000,
720,-10900,-227830000,242820000,470650000,819870000,15283428.6,47807428.6,0.6,2271.4,277.1,0,,-1000,-21100000,21100,"2023-03-06T09:40:00.000Z",1678095600000,21200,21100,21200,0,50,50,,0.4,3.6,Infinity,1000,2000,38700,1000,42300000,,21100000,21200000
720,-10900,-227830000,242820000,470650000,853630000,15283428.6,47807428.6,0,2271.4,277.1,NaN,,0,0,21100,"2023-03-06T09:45:00.000Z",1678095900000,21100,21100,21100,0,0,100,,,5.8,NaN,,1600,40300,1600,33760000,,,33760000
720,-8600,-178840000,291810000,470650000,902620000,15283428.6,47807428.6,-1.5,2271.4,277.1,Infinity,2300,2300,48990000,21300,"2023-03-06T09:50:00.000Z",1678096200000,21300,21300,21300,100,0,0,3.2,,,0,,2300,42600,,48990000,48990000,,
720,-8800,-183060000,291810000,474870000,906840000,15283428.6,47807428.6,0.1,2271.4,277.1,0,,-200,-4220000,21100,"2023-03-06T09:55:00.000Z",1678096500000,21100,21100,21100,0,100,0,,0.1,,Infinity,200,200,42800,,4220000,,4220000,
720,-15300,-319560000,291810000,611370000,1043340000,15283428.6,47807428.6,4.2,2271.4,277.1,0,,-6500,-136500000,21000,"2023-03-06T10:00:00.000Z",1678096800000,21000,21000,21000,0,100,0,,2.9,,Infinity,6500,6500,49300,,136500000,,136500000,
720,-16200,-338550000,291810000,630360000,1062330000,15283428.6,47807428.6,0.6,2271.4,277.1,0,,-900,-18990000,21100,"2023-03-06T10:15:00.000Z",1678097700000,21100,21100,21100,0,100,0,,0.4,,Infinity,900,900,50200,,18990000,,18990000,
720,-17500,-366000000,302410000,668410000,1110980000,15283428.6,47807428.6,0.8,2271.4,277.1,0.3,500,-1300,-27450000,21200,"2023-03-06T10:20:00.000Z",1678098000000,21200,21100,21200,21.7,78.3,0,0.7,0.8,,3.6,1800,2300,52500,,48650000,10600000,38050000,
720,-19000,-397800000,334210000,732010000,1206380000,15283428.6,47807428.6,1,2271.4,277.1,0.5,1500,-1500,-31800000,21200,"2023-03-06T10:25:00.000Z",1678098300000,21200,21200,21200,33.3,66.7,0,2.1,1.3,,2,3000,4500,57000,,95400000,31800000,63600000,
720,-18500,-387200000,344810000,732010000,1216980000,15283428.6,47807428.6,-0.3,2271.4,277.1,Infinity,500,500,10600000,21200,"2023-03-06T10:30:00.000Z",1678098600000,21200,21200,21200,100,0,0,0.7,,,0,,500,57500,,10600000,10600000,,
720,-19600,-410520000,344810000,755330000,1240300000,15283428.6,47807428.6,0.7,2271.4,277.1,0,,-1100,-23320000,21200,"2023-03-06T10:45:00.000Z",1678099500000,21200,21200,21200,0,100,0,,0.5,,Infinity,1100,1100,58600,,23320000,,23320000,
720,-19500,-408390000,346940000,755330000,1242430000,15283428.6,47807428.6,-0.1,2271.4,277.1,Infinity,100,100,2130000,21300,"2023-03-06T11:05:00.000Z",1678100700000,21300,21300,21300,100,0,0,0.1,,,0,,100,58700,,2130000,2130000,,
720,-18600,-389220000,366110000,755330000,1261600000,15283428.6,47807428.6,-0.6,2271.4,277.1,Infinity,900,900,19170000,21300,"2023-03-06T11:15:00.000Z",1678101300000,21300,21300,21300,100,0,0,1.3,,,0,,900,59600,,19170000,19170000,,
720,-20500,-429500000,366110000,795610000,1301880000,15283428.6,47807428.6,1.2,2271.4,277.1,0,,-1900,-40280000,21200,"2023-03-06T11:20:00.000Z",1678101600000,21200,21200,21200,0,100,0,,0.8,,Infinity,1900,1900,61500,,40280000,,40280000,
720,-20500,-429490000,368240000,797730000,1306130000,15283428.6,47807428.6,0,2271.4,277.1,1,100,0,10000,21300,"2023-03-06T13:00:00.000Z",1678107600000,21300,21200,21200,50,50,0,0.1,0,,1,100,200,61700,,4250000,2130000,2120000,
720,-18500,-386890000,410840000,797730000,1363640000,15283428.6,47807428.6,-1.3,2271.4,277.1,Infinity,2000,2000,42600000,21300,"2023-03-06T13:05:00.000Z",1678107900000,21300,21300,21300,74.1,0,25.9,2.8,,2.5,0,,2700,64400,700,57510000,42600000,,14910000
720,-20600,-431620000,410840000,842460000,1408370000,15283428.6,47807428.6,1.4,2271.4,277.1,0,,-2100,-44730000,21300,"2023-03-06T13:10:00.000Z",1678108200000,21300,21300,21300,0,100,0,,0.9,,Infinity,2100,2100,66500,,44730000,,44730000,
720,-20300,-425230000,417230000,842460000,1414760000,15283428.6,47807428.6,-0.2,2271.4,277.1,Infinity,300,300,6390000,21300,"2023-03-06T13:15:00.000Z",1678108500000,21300,21300,21300,100,0,0,0.4,,,0,,300,66800,,6390000,6390000,,
720,-20800,-435810000,421490000,857300000,1433860000,15283428.6,47807428.6,0.3,2271.4,277.1,0.3,200,-500,-10580000,21300,"2023-03-06T13:20:00.000Z",1678108800000,21300,21200,21200,22.2,77.8,0,0.3,0.3,,3.5,700,900,67700,,19100000,4260000,14840000,
720,-40800,-855810000,421490000,1277300000,1853860000,15283428.6,47807428.6,12.9,2271.4,277.1,0,,-20000,-420000000,21000,"2023-03-06T13:30:00.000Z",1678109400000,21000,21000,21000,0,100,0,,8.8,,Infinity,20000,20000,87700,,420000000,,420000000,
720,-42300,-887310000,421490000,1308800000,1885360000,15283428.6,47807428.6,1,2271.4,277.1,0,,-1500,-31500000,21000,"2023-03-06T13:35:00.000Z",1678109700000,21000,21000,21000,0,100,0,,0.7,,Infinity,1500,1500,89200,,31500000,,31500000,
720,-47200,-990190000,423610000,1413800000,1992480000,15283428.6,47807428.6,3.2,2271.4,277.1,0,100,-4900,-102880000,21000,"2023-03-06T14:05:00.000Z",1678111500000,21200,21000,21000,2,98,0,0.1,2.2,,50,5000,5100,94300,,107120000,2120000,105000000,
720,-47200,-990190000,423610000,1413800000,2034480000,15283428.6,47807428.6,0,2271.4,277.1,NaN,,0,0,21000,"2023-03-06T14:10:00.000Z",1678111800000,21000,21000,21000,0,0,100,,,7.2,NaN,,2000,96300,2000,42000000,,,42000000
720,-48100,-1008990000,425710000,1434700000,2057480000,15283428.6,47807428.6,0.6,2271.4,277.1,0.1,100,-900,-18800000,21000,"2023-03-06T14:15:00.000Z",1678112100000,21000,20900,20900,9.1,90.9,0,0.1,0.4,,10,1000,1100,97400,,23000000,2100000,20900000,
720,-44400,-931290000,503410000,1434700000,2135180000,15283428.6,47807428.6,-2.4,2271.4,277.1,Infinity,3700,3700,77700000,21000,"2023-03-06T14:20:00.000Z",1678112400000,21000,21000,21000,100,0,0,5.1,,,0,,3700,101100,,77700000,77700000,,
720,-44300,-929180000,505520000,1434700000,2137290000,15283428.6,47807428.6,-0.1,2271.4,277.1,Infinity,100,100,2110000,21100,"2023-03-06T14:30:00.000Z",1678113000000,21100,21100,21100,100,0,0,0.1,,,0,,100,101200,,2110000,2110000,,
720,-54900,-1150940000,522320000,1673260000,2392650000,15283428.6,47807428.6,6.8,2271.4,277.1,0.1,800,-10600,-221760000,21000,"2023-03-06T14:45:00.000Z",1678113900000,21000,20900,21000,6.6,93.4,0,1.1,5,,14.3,11400,12200,113400,,255360000,16800000,238560000,
720,-54300,-1138340000,534920000,1673260000,2413650000,15283428.6,47807428.6,-0.4,2271.4,277.1,Infinity,600,600,12600000,21000,"2023-03-06T14:50:00.000Z",1678114200000,21000,21000,21000,60,0,40,0.8,,1.4,0,,1000,114400,400,21000000,12600000,,8400000
