"abu","acum_busd","acum_busd_val","acum_val_bu","acum_val_sd","acum_val","avg_val_bu","avg_val_sd","rbusd","asd","auk","bs","bu","bu-sd","bu-sd_val","c","date","datetime","h","l","o","pbu","psd","puk","rbu","rsd","ruk","sb","sd","sum_vol","total_vol","uk","val","val_bu","val_sd","val_uk"
951.3,100,1240000,1240000,0,1240000,11701794.9,16685256.4,-0.2,1359,366.7,Infinity,100,100,1240000,12400,"2023-03-06T09:15:00.000Z",1678094100000,12400,12400,12400,100,0,0,0.1,,,0,,100,100,,1240000,1240000,,
951.3,2100,25840000,25840000,0,25840000,11701794.9,16685256.4,-4.9,1359,366.7,Infinity,2000,2000,24600000,12300,"2023-03-06T09:20:00.000Z",1678094400000,12300,12300,12300,100,0,0,2.1,,,0,,2000,2100,,24600000,24600000,,
951.3,3100,38140000,38140000,0,38140000,11701794.9,16685256.4,-2.5,1359,366.7,Infinity,1000,1000,12300000,12300,"2023-03-06T09:25:00.000Z",1678094700000,12300,12300,12300,100,0,0,1.1,,,0,,1000,3100,,12300000,12300000,,
951.3,2900,35710000,38140000,2430000,40570000,11701794.9,16685256.4,0.5,1359,366.7,0,,-200,-2430000,12150,"2023-03-06T09:30:00.000Z",1678095000000,12150,12150,12150,0,100,0,,0.1,,Infinity,200,200,3300,,2430000,,2430000,
951.3,4300,52930000,55360000,2430000,57790000,11701794.9,16685256.4,-3.5,1359,366.7,Infinity,1400,1400,17220000,12300,"2023-03-06T09:35:00.000Z",1678095300000,12300,12300,12300,100,0,0,1.5,,,0,,1400,4700,,17220000,17220000,,
951.3,6000,73995000,85035000,11040000,96075000,11701794.9,16685256.4,-4.2,1359,366.7,3.4,2400,1700,21065000,12400,"2023-03-06T09:40:00.000Z",1678095600000,12400,12300,12300,77.4,22.6,0,2.5,0.5,,0.3,700,3100,7800,,38285000,29675000,8610000,
951.3,5700,70290000,85035000,14745000,99780000,11701794.9,16685256.4,0.7,1359,366.7,0,,-300,-3705000,12350,"2023-03-06T09:45:00.000Z",1678095900000,12350,12350,12350,0,100,0,,0.2,,Infinity,300,300,8100,,3705000,,3705000,
951.3,5900,72760000,99855000,27095000,126950000,11701794.9,16685256.4,-0.5,1359,366.7,1.2,1200,200,2470000,12350,"2023-03-06T09:50:00.000Z",1678096200000,12350,12350,12350,54.5,45.5,0,1.3,0.7,,0.8,1000,2200,10300,,27170000,14820000,12350000,
951.3,6300,77700000,104795000,27095000,131890000,11701794.9,16685256.4,-1,1359,366.7,Infinity,400,400,4940000,12350,"2023-03-06T09:55:00.000Z",1678096500000,12350,12350,12350,100,0,0,0.4,,,0,,400,10700,,4940000,4940000,,
951.3,6600,81405000,108500000,27095000,135595000,11701794.9,16685256.4,-0.7,1359,366.7,Infinity,300,300,3705000,12350,"2023-03-06T10:00:00.000Z",1678096800000,12350,12350,12350,100,0,0,0.3,,,0,,300,11000,,3705000,3705000,,
951.3,6000,74025000,108500000,34475000,142975000,11701794.9,16685256.4,1.5,1359,366.7,0,,-600,-7380000,12300,"2023-03-06T10:15:00.000Z",1678097700000,12300,12300,12300,0,100,0,,0.4,,Infinity,600,600,11600,,7380000,,7380000,
951.3,7000,86375000,120850000,34475000,155325000,11701794.9,16685256.4,-2.5,1359,366.7,Infinity,1000,1000,12350000,12350,"2023-03-06T10:25:00.000Z",1678098300000,12350,12350,12350,100,0,0,1.1,,,0,,1000,12600,,12350000,12350000,,
951.3,7200,88845000,123320000,34475000,157795000,11701794.9,16685256.4,-0.5,1359,366.7,Infinity,200,200,2470000,12350,"2023-03-06T10:30:00.000Z",1678098600000,12350,12350,12350,100,0,0,0.2,,,0,,200,12800,,2470000,2470000,,
951.3,7300,90080000,124555000,34475000,159030000,11701794.9,16685256.4,-0.2,1359,366.7,Infinity,100,100,1235000,12350,"2023-03-06T10:40:00.000Z",1678099200000,12350,12350,12350,100,0,0,0.1,,,0,,100,12900,,1235000,1235000,,
951.3,600,7685000,128260000,120575000,248835000,11701794.9,16685256.4,16.5,1359,366.7,0,300,-6700,-82395000,12300,"2023-03-06T10:45:00.000Z",1678099500000,12350,12300,12350,4.1,95.9,0,0.3,5.2,,23.3,7000,7300,20200,,89805000,3705000,86100000,
951.3,-1400,-16915000,128260000,145175000,273435000,11701794.9,16685256.4,4.9,1359,366.7,0,,-2000,-24600000,12300,"2023-03-06T10:50:00.000Z",1678099800000,12300,12300,12300,0,100,0,,1.5,,Infinity,2000,2000,22200,,24600000,,24600000,
951.3,-2000,-24295000,149170000,173465000,322635000,11701794.9,16685256.4,1.5,1359,366.7,0.7,1700,-600,-7380000,12300,"2023-03-06T10:55:00.000Z",1678100100000,12300,12300,12300,42.5,57.5,0,1.8,1.7,,1.4,2300,4000,26200,,49200000,20910000,28290000,
951.3,-2400,-29215000,149170000,178385000,327555000,11701794.9,16685256.4,1,1359,366.7,0,,-400,-4920000,12300,"2023-03-06T11:00:00.000Z",1678100400000,12300,12300,12300,0,100,0,,0.3,,Infinity,400,400,26600,,4920000,,4920000,
951.3,-1200,-14455000,181150000,195605000,376755000,11701794.9,16685256.4,-3,1359,366.7,1.9,2600,1200,14760000,12300,"2023-03-06T11:05:00.000Z",1678100700000,12300,12300,12300,65,35,0,2.7,1,,0.5,1400,4000,30600,,49200000,31980000,17220000,
951.3,-1000,-11995000,183610000,195605000,379215000,11701794.9,16685256.4,-0.5,1359,366.7,Infinity,200,200,2460000,12300,"2023-03-06T11:10:00.000Z",1678101000000,12300,12300,12300,100,0,0,0.2,,,0,,200,30800,,2460000,2460000,,
951.3,-300,-3385000,192220000,195605000,387825000,11701794.9,16685256.4,-1.7,1359,366.7,Infinity,700,700,8610000,12300,"2023-03-06T11:20:00.000Z",1678101600000,12300,12300,12300,100,0,0,0.7,,,0,,700,31500,,8610000,8610000,,
951.3,-400,-4610000,192220000,196830000,389050000,11701794.9,16685256.4,0.2,1359,366.7,0,,-100,-1225000,12250,"2023-03-06T11:25:00.000Z",1678101900000,12250,12250,12250,0,100,0,,0.1,,Infinity,100,100,31600,,1225000,,1225000,
951.3,200,2770000,253720000,250950000,518200000,11701794.9,16685256.4,-1.5,1359,366.7,1.1,5000,600,7380000,12300,"2023-03-06T13:00:00.000Z",1678107600000,12300,12300,12300,47.6,41.9,10.5,5.3,3.2,3,0.9,4400,10500,42100,1100,129150000,61500000,54120000,13530000
951.3,1400,17530000,268480000,250950000,532960000,11701794.9,16685256.4,-3,1359,366.7,Infinity,1200,1200,14760000,12300,"2023-03-06T13:05:00.000Z",1678107900000,12300,12300,12300,100,0,0,1.3,,,0,,1200,43300,,14760000,14760000,,
951.3,300,4000000,268480000,264480000,546490000,11701794.9,16685256.4,2.7,1359,366.7,0,,-1100,-13530000,12300,"2023-03-06T13:15:00.000Z",1678108500000,12300,12300,12300,0,100,0,,0.8,,Infinity,1100,1100,44400,,13530000,,13530000,
951.3,-12400,-151715000,268480000,420195000,702205000,11701794.9,16685256.4,31.2,1359,366.7,0,,-12700,-155715000,12250,"2023-03-06T13:20:00.000Z",1678108800000,12300,12250,12300,0,100,0,,9.3,,Infinity,12700,12700,57100,,155715000,,155715000,
951.3,-11700,-143100000,278320000,421420000,713270000,11701794.9,16685256.4,-1.7,1359,366.7,8,800,700,8615000,12250,"2023-03-06T13:25:00.000Z",1678109100000,12300,12250,12300,88.9,11.1,0,0.8,0.1,,0.1,100,900,58000,,11065000,9840000,1225000,
951.3,-11900,-145550000,284470000,430020000,728020000,11701794.9,16685256.4,0.5,1359,366.7,0.7,500,-200,-2450000,12300,"2023-03-06T13:30:00.000Z",1678109400000,12300,12250,12300,41.7,58.3,0,0.5,0.5,,1.4,700,1200,59200,,14750000,6150000,8600000,
951.3,-12400,-151700000,284470000,436170000,734170000,11701794.9,16685256.4,1.2,1359,366.7,0,,-500,-6150000,12300,"2023-03-06T13:35:00.000Z",1678109700000,12300,12300,12300,0,100,0,,0.4,,Infinity,500,500,59700,,6150000,,6150000,
951.3,-11800,-144320000,298000000,442320000,753850000,11701794.9,16685256.4,-1.5,1359,366.7,2.2,1100,600,7380000,12300,"2023-03-06T13:40:00.000Z",1678110000000,12300,12300,12300,68.8,31.3,0,1.2,0.4,,0.5,500,1600,61300,,19680000,13530000,6150000,
951.3,-11800,-144320000,298000000,442320000,758770000,11701794.9,16685256.4,0,1359,366.7,NaN,,0,0,12300,"2023-03-06T13:45:00.000Z",1678110300000,12300,12300,12300,0,0,100,,,1.1,NaN,,400,61700,400,4920000,,,4920000
951.3,-12800,-156620000,298000000,454620000,771070000,11701794.9,16685256.4,2.5,1359,366.7,0,,-1000,-12300000,12300,"2023-03-06T13:50:00.000Z",1678110600000,12300,12300,12300,0,100,0,,0.7,,Infinity,1000,1000,62700,,12300000,,12300000,
951.3,-13900,-170150000,298000000,468150000,784600000,11701794.9,16685256.4,2.7,1359,366.7,0,,-1100,-13530000,12300,"2023-03-06T13:55:00.000Z",1678110900000,12300,12300,12300,0,100,0,,0.8,,Infinity,1100,1100,63800,,13530000,,13530000,
951.3,-14700,-179990000,298000000,477990000,794440000,11701794.9,16685256.4,2,1359,366.7,0,,-800,-9840000,12300,"2023-03-06T14:05:00.000Z",1678111500000,12300,12300,12300,0,100,0,,0.6,,Infinity,800,800,64600,,9840000,,9840000,
951.3,-15000,-183680000,309070000,492750000,820270000,11701794.9,16685256.4,0.7,1359,366.7,0.8,900,-300,-3690000,12300,"2023-03-06T14:10:00.000Z",1678111800000,12300,12300,12300,42.9,57.1,0,0.9,0.9,,1.3,1200,2100,66700,,25830000,11070000,14760000,
951.3,-15500,-189655000,345920000,535575000,899945000,11701794.9,16685256.4,1.2,1359,366.7,0.9,3000,-500,-5975000,12300,"2023-03-06T14:15:00.000Z",1678112100000,12300,12200,12250,46.2,53.8,0,3.2,2.6,,1.2,3500,6500,73200,,79675000,36850000,42825000,
951.3,-24900,-304805000,345920000,650725000,1015095000,11701794.9,16685256.4,23.1,1359,366.7,0,,-9400,-115150000,12250,"2023-03-06T14:20:00.000Z",1678112400000,12250,12250,12250,0,100,0,,6.9,,Infinity,9400,9400,82600,,115150000,,115150000,
951.3,-15900,-194355000,456370000,650725000,1125545000,11701794.9,16685256.4,-22.2,1359,366.7,Infinity,9000,9000,110450000,12300,"2023-03-06T14:25:00.000Z",1678112700000,12300,12250,12250,100,0,0,9.5,,,0,,9000,91600,,110450000,110450000,,
951.3,-15900,-194355000,456370000,650725000,1282985000,11701794.9,16685256.4,0,1359,366.7,NaN,,0,0,12300,"2023-03-06T14:45:00.000Z",1678113900000,12300,12300,12300,0,0,100,,,34.9,NaN,,12800,104400,12800,157440000,,,157440000
