"abu","acum_busd","acum_busd_val","acum_val_bu","acum_val_sd","acum_val","avg_val_bu","avg_val_sd","rbusd","asd","auk","bs","bu","bu-sd","bu-sd_val","c","date","datetime","h","l","o","pbu","psd","puk","rbu","rsd","ruk","sb","sd","sum_vol","total_vol","uk","val","val_bu","val_sd","val_uk"
5904.4,-26900,-174850000,0,174850000,174850000,38813755.6,52553311.1,12.7,8053.3,406.7,0,,-26900,-174850000,6500,"2023-03-06T09:15:00.000Z",1678094100000,6500,6500,6500,0,100,0,,3.3,,Infinity,26900,26900,26900,,174850000,,174850000,
5904.4,-26400,-171535000,6570000,178105000,184675000,38813755.6,52553311.1,-0.2,8053.3,406.7,2,1000,500,3315000,6580,"2023-03-06T09:20:00.000Z",1678094400000,6580,6510,6510,66.7,33.3,0,0.2,0.1,,0.5,500,1500,28400,,9825000,6570000,3255000,
5904.4,-3700,-21750000,156355000,178105000,334460000,38813755.6,52553311.1,-10.9,8053.3,406.7,Infinity,22700,22700,149785000,6620,"2023-03-06T09:25:00.000Z",1678094700000,6620,6570,6580,100,0,0,3.8,,,0,,22700,51100,,149785000,149785000,,
5904.4,-17100,-110458000,156355000,266813000,423168000,38813755.6,52553311.1,6.5,8053.3,406.7,0,,-13400,-88708000,6620,"2023-03-06T09:30:00.000Z",1678095000000,6620,6620,6620,0,100,0,,1.7,,Infinity,13400,13400,64500,,88708000,,88708000,
5904.4,-23700,-154084000,157015000,311099000,468114000,38813755.6,52553311.1,3.2,8053.3,406.7,0,100,-6600,-43626000,6600,"2023-03-06T09:35:00.000Z",1678095300000,6610,6600,6610,1.5,98.5,0,0,0.8,,67,6700,6800,71300,,44946000,660000,44286000,
5904.4,-19300,-125064000,207815000,332879000,540694000,38813755.6,52553311.1,-2.1,8053.3,406.7,2.3,7700,4400,29020000,6600,"2023-03-06T09:40:00.000Z",1678095600000,6600,6590,6590,70,30,0,1.3,0.4,,0.4,3300,11000,82300,,72580000,50800000,21780000,
5904.4,26800,179076000,575925000,396849000,972774000,38813755.6,52553311.1,-22.1,8053.3,406.7,5.8,55800,46100,304140000,6600,"2023-03-06T09:45:00.000Z",1678095900000,6600,6590,6590,85.2,14.8,0,9.5,1.2,,0.2,9700,65500,147800,,432080000,368110000,63970000,
5904.4,18400,124105000,583797000,459692000,1043489000,38813755.6,52553311.1,4,8053.3,406.7,0.1,1200,-8400,-54971000,6520,"2023-03-06T09:50:00.000Z",1678096200000,6560,6520,6560,11.1,88.9,0,0.2,1.2,,8,9600,10800,158600,,70715000,7872000,62843000,
5904.4,19700,132620000,592312000,459692000,1052004000,38813755.6,52553311.1,-0.6,8053.3,406.7,Infinity,1300,1300,8515000,6550,"2023-03-06T09:55:00.000Z",1678096500000,6550,6550,6550,100,0,0,0.2,,,0,,1300,159900,,8515000,8515000,,
5904.4,4700,34791000,592312000,557521000,1149833000,38813755.6,52553311.1,7.1,8053.3,406.7,0,,-15000,-97829000,6520,"2023-03-06T10:00:00.000Z",1678096800000,6550,6520,6550,0,100,0,,1.9,,Infinity,15000,15000,174900,,97829000,,97829000,
5904.4,900,9981000,602111000,592130000,1194241000,38813755.6,52553311.1,1.8,8053.3,406.7,0.3,1500,-3800,-24810000,6550,"2023-03-06T10:05:00.000Z",1678097100000,6550,6530,6530,22.1,77.9,0,0.3,0.7,,3.5,5300,6800,181700,,44408000,9799000,34609000,
5904.4,-3200,-16822000,608661000,625483000,1234144000,38813755.6,52553311.1,2,8053.3,406.7,0.2,1000,-4100,-26803000,6550,"2023-03-06T10:10:00.000Z",1678097400000,6550,6530,6530,16.4,83.6,0,0.2,0.6,,5.1,5100,6100,187800,,39903000,6550000,33353000,
5904.4,5300,38948000,668362000,629414000,1297776000,38813755.6,52553311.1,-4.1,8053.3,406.7,15.2,9100,8500,55770000,6590,"2023-03-06T10:15:00.000Z",1678097700000,6590,6550,6550,93.8,6.2,0,1.5,0.1,,0.1,600,9700,197500,,63632000,59701000,3931000,
5904.4,67100,447240000,1124473000,677233000,1801706000,38813755.6,52553311.1,-29.7,8053.3,406.7,9.6,69000,61800,408292000,6630,"2023-03-06T10:20:00.000Z",1678098000000,6650,6590,6600,90.6,9.4,0,11.7,0.9,,0.1,7200,76200,273700,,503930000,456111000,47819000,
5904.4,52900,353715000,1188007000,834292000,2022299000,38813755.6,52553311.1,6.8,8053.3,406.7,0.4,9700,-14200,-93525000,6540,"2023-03-06T10:25:00.000Z",1678098300000,6610,6540,6610,28.9,71.1,0,1.6,3,,2.5,23900,33600,297700,,220593000,63534000,157059000,
5904.4,50700,339327000,1206339000,867012000,2073351000,38813755.6,52553311.1,1,8053.3,406.7,0.6,2800,-2200,-14388000,6610,"2023-03-06T10:30:00.000Z",1678098600000,6610,6530,6550,35.9,64.1,0,0.5,0.6,,1.8,5000,7800,315100,,51052000,18332000,32720000,
5904.4,46700,313099000,1207001000,893902000,2100903000,38813755.6,52553311.1,1.9,8053.3,406.7,0,100,-4000,-26228000,6560,"2023-03-06T10:35:00.000Z",1678098900000,6620,6550,6550,2.4,97.6,0,0,0.5,,41,4100,4200,319300,,27552000,662000,26890000,
5904.4,32500,219947000,1219465000,999518000,2218983000,38813755.6,52553311.1,6.8,8053.3,406.7,0.1,1900,-14200,-93152000,6560,"2023-03-06T10:40:00.000Z",1678099200000,6560,6560,6560,10.6,89.4,0,0.3,2,,8.5,16100,18000,337300,,118080000,12464000,105616000,
5904.4,32200,217976000,1219465000,1001489000,2220954000,38813755.6,52553311.1,0.1,8053.3,406.7,0,,-300,-1971000,6570,"2023-03-06T10:45:00.000Z",1678099500000,6570,6570,6570,0,100,0,,0,,Infinity,300,300,337600,,1971000,,1971000,
5904.4,-22500,-140132000,1236383000,1376515000,2612898000,38813755.6,52553311.1,26.1,8053.3,406.7,0,2600,-54700,-358108000,6590,"2023-03-06T10:50:00.000Z",1678099800000,6590,6500,6570,4.3,95.7,0,0.4,7.1,,22,57300,59900,397500,,391944000,16918000,375026000,
5904.4,-22100,-137489000,1239678000,1377167000,2616845000,38813755.6,52553311.1,-0.2,8053.3,406.7,5,500,400,2643000,6590,"2023-03-06T10:55:00.000Z",1678100100000,6590,6520,6590,83.3,16.7,0,0.1,0,,0.2,100,600,398100,,3947000,3295000,652000,
5904.4,-13300,-79605000,1297562000,1377167000,2674729000,38813755.6,52553311.1,-4.2,8053.3,406.7,Infinity,8800,8800,57884000,6580,"2023-03-06T11:05:00.000Z",1678100700000,6580,6560,6560,100,0,0,1.5,,,0,,8800,406900,,57884000,57884000,,
5904.4,-5200,-26307000,1350860000,1377167000,2728027000,38813755.6,52553311.1,-3.9,8053.3,406.7,Infinity,8100,8100,53298000,6580,"2023-03-06T11:10:00.000Z",1678101000000,6580,6580,6580,100,0,0,1.4,,,0,,8100,415000,,53298000,53298000,,
5904.4,6600,51342000,1429167000,1377825000,2806992000,38813755.6,52553311.1,-5.7,8053.3,406.7,119,11900,11800,77649000,6590,"2023-03-06T11:15:00.000Z",1678101300000,6590,6570,6570,99.2,0.8,0,2,0,,0,100,12000,427000,,78965000,78307000,658000,
5904.4,7600,57922000,1435747000,1377825000,2813572000,38813755.6,52553311.1,-0.5,8053.3,406.7,Infinity,1000,1000,6580000,6580,"2023-03-06T11:20:00.000Z",1678101600000,6580,6580,6580,100,0,0,0.2,,,0,,1000,428000,,6580000,6580000,,
5904.4,7500,57268000,1435747000,1378479000,2814226000,38813755.6,52553311.1,0,8053.3,406.7,0,,-100,-654000,6540,"2023-03-06T12:55:00.000Z",1678107300000,6540,6540,6540,0,100,0,,0,,Infinity,100,100,428100,,654000,,654000,
5904.4,7500,57320000,1446275000,1388955000,2835230000,38813755.6,52553311.1,0,8053.3,406.7,1,1600,0,52000,6540,"2023-03-06T13:00:00.000Z",1678107600000,6580,6540,6580,50,50,0,0.3,0.2,,1,1600,3200,431300,,21004000,10528000,10476000,
5904.4,0,8345000,1446275000,1437930000,2884205000,38813755.6,52553311.1,3.6,8053.3,406.7,0,,-7500,-48975000,6530,"2023-03-06T13:05:00.000Z",1678107900000,6530,6530,6530,0,100,0,,0.9,,Infinity,7500,7500,438800,,48975000,,48975000,
5904.4,2700,25976000,1463906000,1437930000,2901836000,38813755.6,52553311.1,-1.3,8053.3,406.7,Infinity,2700,2700,17631000,6530,"2023-03-06T13:10:00.000Z",1678108200000,6530,6530,6530,100,0,0,0.5,,,0,,2700,441500,,17631000,17631000,,
5904.4,2000,21419000,1503957000,1482538000,2986495000,38813755.6,52553311.1,0.3,8053.3,406.7,0.9,6100,-700,-4557000,6580,"2023-03-06T13:15:00.000Z",1678108500000,6580,6560,6560,47.3,52.7,0,1,0.8,,1.1,6800,12900,454400,,84659000,40051000,44608000,
5904.4,900,14214000,1507900000,1493686000,3001586000,38813755.6,52553311.1,0.5,8053.3,406.7,0.4,600,-1100,-7205000,6540,"2023-03-06T13:20:00.000Z",1678108800000,6580,6540,6570,26.1,73.9,0,0.1,0.2,,2.8,1700,2300,456700,,15091000,3943000,11148000,
5904.4,5500,44399000,1549875000,1505476000,3055351000,38813755.6,52553311.1,-2.2,8053.3,406.7,3.6,6400,4600,30185000,6550,"2023-03-06T13:25:00.000Z",1678109100000,6560,6550,6550,78,22,0,1.1,0.2,,0.3,1800,8200,464900,,53765000,41975000,11790000,
5904.4,-51400,-326009000,1550531000,1876540000,3427071000,38813755.6,52553311.1,27,8053.3,406.7,0,100,-56900,-370408000,6470,"2023-03-06T13:30:00.000Z",1678109400000,6560,6460,6550,0.2,99.8,0,0,7.1,,570,57000,57100,522000,,371720000,656000,371064000,
5904.4,-54600,-346677000,1564771000,1911448000,3476219000,38813755.6,52553311.1,1.5,8053.3,406.7,0.4,2200,-3200,-20668000,6460,"2023-03-06T13:35:00.000Z",1678109700000,6500,6460,6470,28.9,71.1,0,0.4,0.7,,2.5,5400,7600,529600,,49148000,14240000,34908000,
5904.4,-59700,-379623000,1564771000,1944394000,3509165000,38813755.6,52553311.1,2.4,8053.3,406.7,0,,-5100,-32946000,6460,"2023-03-06T13:40:00.000Z",1678110000000,6460,6460,6460,0,100,0,,0.6,,Infinity,5100,5100,534700,,32946000,,32946000,
5904.4,-59000,-375111000,1593195000,1968306000,3561501000,38813755.6,52553311.1,-0.3,8053.3,406.7,1.2,4400,700,4512000,6460,"2023-03-06T13:45:00.000Z",1678110300000,6470,6460,6470,54.3,45.7,0,0.7,0.5,,0.8,3700,8100,542800,,52336000,28424000,23912000,
5904.4,-61900,-393845000,1605469000,1999314000,3604783000,38813755.6,52553311.1,1.4,8053.3,406.7,0.4,1900,-2900,-18734000,6460,"2023-03-06T13:50:00.000Z",1678110600000,6460,6460,6460,28.4,71.6,0,0.3,0.6,,2.5,4800,6700,549500,,43282000,12274000,31008000,
5904.4,-65500,-417102000,1606119000,2023221000,3629340000,38813755.6,52553311.1,1.7,8053.3,406.7,0,100,-3600,-23257000,6470,"2023-03-06T13:55:00.000Z",1678110900000,6500,6460,6460,2.6,97.4,0,0,0.5,,37,3700,3800,553300,,24557000,650000,23907000,
5904.4,-71200,-453963000,1610019000,2063982000,3674001000,38813755.6,52553311.1,2.7,8053.3,406.7,0.1,600,-5700,-36861000,6470,"2023-03-06T14:00:00.000Z",1678111200000,6500,6470,6500,8.7,91.3,0,0.1,0.8,,10.5,6300,6900,560200,,44661000,3900000,40761000,
5904.4,-93400,-597416000,1617783000,2215199000,3832982000,38813755.6,52553311.1,10.4,8053.3,406.7,0.1,1200,-22200,-143453000,6450,"2023-03-06T14:05:00.000Z",1678111500000,6470,6450,6470,4.9,95.1,0,0.2,2.9,,19.5,23400,24600,584800,,158981000,7764000,151217000,
5904.4,-94500,-604511000,1617783000,2222294000,3840077000,38813755.6,52553311.1,0.5,8053.3,406.7,0,,-1100,-7095000,6450,"2023-03-06T14:10:00.000Z",1678111800000,6450,6450,6450,0,100,0,,0.1,,Infinity,1100,1100,585900,,7095000,,7095000,
5904.4,-96300,-616125000,1635146000,2251271000,3886417000,38813755.6,52553311.1,0.8,8053.3,406.7,0.6,2700,-1800,-11614000,6420,"2023-03-06T14:15:00.000Z",1678112100000,6450,6420,6450,37.5,62.5,0,0.5,0.6,,1.7,4500,7200,593100,,46340000,17363000,28977000,
5904.4,-100400,-642253000,1677076000,2319329000,3996405000,38813755.6,52553311.1,1.9,8053.3,406.7,0.6,6500,-4100,-26128000,6420,"2023-03-06T14:20:00.000Z",1678112400000,6470,6420,6420,38,62,0,1.1,1.3,,1.6,10600,17100,610200,,109988000,41930000,68058000,
5904.4,-96700,-618280000,1746619000,2364899000,4111518000,38813755.6,52553311.1,-1.7,8053.3,406.7,1.5,10800,3700,23973000,6460,"2023-03-06T14:25:00.000Z",1678112700000,6460,6410,6430,60.3,39.7,0,1.8,0.9,,0.7,7100,17900,628100,,115113000,69543000,45570000,
5904.4,-96700,-618280000,1746619000,2364899000,4229736000,38813755.6,52553311.1,0,8053.3,406.7,NaN,,0,0,6460,"2023-03-06T14:45:00.000Z",1678113900000,6460,6460,6460,0,0,100,,,45,NaN,,18300,646400,18300,118218000,,,118218000
