"abu","acum_busd","acum_busd_val","acum_val","asd","auk","bs","bu","bu-sd","bu-sd_val","c","date","datetime","h","l","o","pbu","psd","puk","rbu","rsd","ruk","sb","sd","sum_vol","total_vol","uk","val","val_bu","val_sd","val_uk"
1583.1,0,1.4901161193847656e-8,144720000,1316.9,54.2,1,1800,0,1.4901161193847656e-8,40.2,"2023-01-31T09:00:00.000Z",1675155600000,40.2,40.2,40.2,50,50,0,1.1,1.4,,1,1800,3600,3600,,144720000,72360000.00000001,72360000,
1583.1,6500,261300000.00000006,406020000,1316.9,54.2,Infinity,6500,6500,261300000.00000003,40.2,"2023-01-31T09:02:00.000Z",1675155720000,40.2,40.2,40.2,100,0,0,4.1,,,0,,6500,10100,,261300000.00000003,261300000.00000003,,
1583.1,9400,377880000.00000006,522600000,1316.9,54.2,Infinity,2900,2900,116580000,40.2,"2023-01-31T09:06:00.000Z",1675155960000,40.2,40.2,40.2,100,0,0,1.8,,,0,,2900,13000,,116580000,116580000,,
1583.1,14400,578880000,723600000,1316.9,54.2,Infinity,5000,5000,201000000,40.2,"2023-01-31T09:08:00.000Z",1675156080000,40.2,40.2,40.2,100,0,0,3.2,,,0,,5000,18000,,201000000,201000000,,
1583.1,16100,647300000,856180000,1316.9,54.2,3.1,2500,1700,68420000,40.1,"2023-01-31T09:10:00.000Z",1675156200000,40.2,40.1,40.2,75.8,24.2,0,1.6,0.6,,0.3,800,3300,21300,,132580000,100500000,32080000,
1583.1,17400,699560000,908440000,1316.9,54.2,Infinity,1300,1300,52260000.00000001,40.2,"2023-01-31T09:14:00.000Z",1675156440000,40.2,40.2,40.2,100,0,0,0.8,,,0,,1300,22600,,52260000.00000001,52260000.00000001,,
1583.1,16600,667400000,940600000,1316.9,54.2,0,,-800,-32160000.000000004,40.2,"2023-01-31T09:16:00.000Z",1675156560000,40.2,40.2,40.2,0,100,0,,0.6,,Infinity,800,800,23400,,32160000.000000004,,32160000.000000004,
1583.1,16400,659360000,948640000,1316.9,54.2,0,,-200,-8040000.000000001,40.2,"2023-01-31T09:18:00.000Z",1675156680000,40.2,40.2,40.2,0,100,0,,0.2,,Infinity,200,200,23600,,8040000.000000001,,8040000.000000001,
1583.1,16200,651370000,980750000,1316.9,54.2,0.6,300,-200,-7990000,40.1,"2023-01-31T09:20:00.000Z",1675156800000,40.2,40.1,40.2,37.5,62.5,0,0.2,0.4,,1.7,500,800,24400,,32110000,12060000,20050000,
1583.1,23300,936790000,1266170000,1316.9,54.2,Infinity,7100,7100,285420000,40.2,"2023-01-31T09:24:00.000Z",1675157040000,40.2,40.2,40.2,100,0,0,4.5,,,0,,7100,31500,,285420000,285420000,,
1583.1,21800,876560000,1382680000,1316.9,54.2,0.3,700,-1500,-60230000,40.1,"2023-01-31T09:26:00.000Z",1675157160000,40.2,40.1,40.2,24.1,75.9,0,0.4,1.7,,3.1,2200,2900,34400,,116510000.00000001,28140000.000000004,88370000,
1583.1,22200,892600000,1398720000,1316.9,54.2,Infinity,400,400,16040000,40.1,"2023-01-31T09:28:00.000Z",1675157280000,40.1,40.1,40.1,100,0,0,0.3,,,0,,400,34800,,16040000,16040000,,
1583.1,33800,1357760000,1863880000,1316.9,54.2,Infinity,11600,11600,465160000,40.1,"2023-01-31T09:30:00.000Z",1675157400000,40.1,40.1,40.1,100,0,0,7.3,,,0,,11600,46400,,465160000,465160000,,
1583.1,34200,1373800000,1879920000,1316.9,54.2,Infinity,400,400,16040000,40.1,"2023-01-31T09:32:00.000Z",1675157520000,40.1,40.1,40.1,100,0,0,0.3,,,0,,400,46800,,16040000,16040000,,
1583.1,31500,1265530000,1988190000,1316.9,54.2,0,,-2700,-108270000,40.1,"2023-01-31T09:34:00.000Z",1675157640000,40.1,40.1,40.1,0,100,0,,2.1,,Infinity,2700,2700,49500,,108270000,,108270000,
1583.1,32200,1293600000,2016260000,1316.9,54.2,Infinity,700,700,28070000,40.1,"2023-01-31T09:36:00.000Z",1675157760000,40.1,40.1,40.1,100,0,0,0.4,,,0,,700,50200,,28070000,28070000,,
1583.1,36200,1454000000,2176660000,1316.9,54.2,Infinity,4000,4000,160400000,40.1,"2023-01-31T09:38:00.000Z",1675157880000,40.1,40.1,40.1,100,0,0,2.5,,,0,,4000,54200,,160400000,160400000,,
1583.1,36800,1478060000,2200720000,1316.9,54.2,Infinity,600,600,24060000,40.1,"2023-01-31T09:42:00.000Z",1675158120000,40.1,40.1,40.1,100,0,0,0.4,,,0,,600,54800,,24060000,24060000,,
1583.1,32600,1309640000,2369140000,1316.9,54.2,0,,-4200,-168420000,40.1,"2023-01-31T09:46:00.000Z",1675158360000,40.1,40.1,40.1,0,100,0,,3.2,,Infinity,4200,4200,59000,,168420000,,168420000,
1583.1,27600,1109140000,2569640000,1316.9,54.2,0,,-5000,-200500000,40.1,"2023-01-31T09:54:00.000Z",1675158840000,40.1,40.1,40.1,0,100,0,,3.8,,Infinity,5000,5000,64000,,200500000,,200500000,
1583.1,27800,1117180000,2577680000,1316.9,54.2,Infinity,200,200,8040000.000000001,40.2,"2023-01-31T10:00:00.000Z",1675159200000,40.2,40.2,40.2,100,0,0,0.1,,,0,,200,64200,,8040000.000000001,8040000.000000001,,
1583.1,22300,896630000,2798230000,1316.9,54.2,0,,-5500,-220550000,40.1,"2023-01-31T10:08:00.000Z",1675159680000,40.1,40.1,40.1,0,100,0,,4.2,,Infinity,5500,5500,69700,,220550000,,220550000,
1583.1,21600,868490000,2826370000,1316.9,54.2,0,,-700,-28140000.000000004,40.2,"2023-01-31T10:12:00.000Z",1675159920000,40.2,40.2,40.2,0,100,0,,0.5,,Infinity,700,700,70400,,28140000.000000004,,28140000.000000004,
1583.1,22900,920750000,2878630000,1316.9,54.2,Infinity,1300,1300,52260000.00000001,40.2,"2023-01-31T10:14:00.000Z",1675160040000,40.2,40.2,40.2,100,0,0,0.8,,,0,,1300,71700,,52260000.00000001,52260000.00000001,,
1583.1,25000,1005170000,2963050000,1316.9,54.2,Infinity,2100,2100,84420000,40.2,"2023-01-31T10:16:00.000Z",1675160160000,40.2,40.2,40.2,100,0,0,1.3,,,0,,2100,73800,,84420000,84420000,,
1583.1,25500,1025270000,2983150000,1316.9,54.2,Infinity,500,500,20100000,40.2,"2023-01-31T10:18:00.000Z",1675160280000,40.2,40.2,40.2,100,0,0,0.3,,,0,,500,74300,,20100000,20100000,,
1583.1,22300,896630000,3111790000,1316.9,54.2,0,,-3200,-128640000.00000001,40.2,"2023-01-31T10:28:00.000Z",1675160880000,40.2,40.2,40.2,0,100,0,,2.4,,Infinity,3200,3200,77500,,128640000.00000001,,128640000.00000001,
1583.1,22000,884570000,3123850000,1316.9,54.2,0,,-300,-12060000,40.2,"2023-01-31T10:32:00.000Z",1675161120000,40.2,40.2,40.2,0,100,0,,0.2,,Infinity,300,300,77800,,12060000,,12060000,
1583.1,26200,1053410000,3292690000,1316.9,54.2,Infinity,4200,4200,168840000,40.2,"2023-01-31T10:46:00.000Z",1675161960000,40.2,40.2,40.2,100,0,0,2.7,,,0,,4200,82000,,168840000,168840000,,
1583.1,28900,1161950000,3401230000,1316.9,54.2,Infinity,2700,2700,108540000.00000001,40.2,"2023-01-31T11:00:00.000Z",1675162800000,40.2,40.2,40.2,100,0,0,1.7,,,0,,2700,84700,,108540000.00000001,108540000.00000001,,
1583.1,27100,1089770000,3473410000,1316.9,54.2,0,,-1800,-72180000,40.1,"2023-01-31T11:14:00.000Z",1675163640000,40.1,40.1,40.1,0,100,0,,1.4,,Infinity,1800,1800,86500,,72180000,,72180000,
1583.1,24400,981500000,3581680000,1316.9,54.2,0,,-2700,-108270000,40.1,"2023-01-31T11:20:00.000Z",1675164000000,40.1,40.1,40.1,0,100,0,,2.1,,Infinity,2700,2700,89200,,108270000,,108270000,
1583.1,22800,917340000,3645840000,1316.9,54.2,0,,-1600,-64160000,40.1,"2023-01-31T11:26:00.000Z",1675164360000,40.1,40.1,40.1,0,100,0,,1.2,,Infinity,1600,1600,90800,,64160000,,64160000,
1583.1,21500,865210000,3697970000,1316.9,54.2,0,,-1300,-52130000,40.1,"2023-01-31T11:28:00.000Z",1675164480000,40.1,40.1,40.1,0,100,0,,1,,Infinity,1300,1300,92100,,52130000,,52130000,
1583.1,21800,877270000,3710030000,1316.9,54.2,Infinity,300,300,12060000,40.2,"2023-01-31T13:00:00.000Z",1675170000000,40.2,40.2,40.2,100,0,0,0.2,,,0,,300,92400,,12060000,12060000,,
1583.1,26000,1046110000,3878870000,1316.9,54.2,Infinity,4200,4200,168840000,40.2,"2023-01-31T13:02:00.000Z",1675170120000,40.2,40.2,40.2,100,0,0,2.7,,,0,,4200,96600,,168840000,168840000,,
1583.1,23000,925510000,4160270000,1316.9,54.2,0.4,2000,-3000,-120600000,40.2,"2023-01-31T13:04:00.000Z",1675170240000,40.2,40.2,40.2,28.6,71.4,0,1.3,3.8,,2.5,5000,7000,103600,,281400000,80400000,201000000,
1583.1,27300,1098370000,4333130000,1316.9,54.2,Infinity,4300,4300,172860000,40.2,"2023-01-31T13:08:00.000Z",1675170480000,40.2,40.2,40.2,100,0,0,2.7,,,0,,4300,107900,,172860000,172860000,,
1583.1,33000,1327510000,4562270000,1316.9,54.2,Infinity,5700,5700,229140000.00000003,40.2,"2023-01-31T13:10:00.000Z",1675170600000,40.2,40.2,40.2,100,0,0,3.6,,,0,,5700,113600,,229140000.00000003,229140000.00000003,,
1583.1,25500,1027510000,4862270000,1316.9,54.2,0,,-7500,-300000000,40,"2023-01-31T13:16:00.000Z",1675170960000,40,40,40,0,100,0,,5.7,,Infinity,7500,7500,121100,,300000000,,300000000,
1583.1,19000,767510000,5122270000,1316.9,54.2,0,,-6500,-260000000,40,"2023-01-31T13:18:00.000Z",1675171080000,40,40,40,0,100,0,,4.9,,Infinity,6500,6500,127600,,260000000,,260000000,
1583.1,25700,1036180000,5390940000,1316.9,54.2,Infinity,6700,6700,268670000,40.1,"2023-01-31T13:24:00.000Z",1675171440000,40.1,40.1,40.1,100,0,0,4.2,,,0,,6700,134300,,268670000,268670000,,
1583.1,21300,860180000,5566940000,1316.9,54.2,0,,-4400,-176000000,40,"2023-01-31T13:26:00.000Z",1675171560000,40,40,40,0,100,0,,3.3,,Infinity,4400,4400,138700,,176000000,,176000000,
1583.1,18100,732180000,5694940000,1316.9,54.2,0,,-3200,-128000000,40,"2023-01-31T13:28:00.000Z",1675171680000,40,40,40,0,100,0,,2.4,,Infinity,3200,3200,141900,,128000000,,128000000,
1583.1,13100,532180000,5894940000,1316.9,54.2,0,,-5000,-200000000,40,"2023-01-31T13:36:00.000Z",1675172160000,40,40,40,0,100,0,,3.8,,Infinity,5000,5000,146900,,200000000,,200000000,
1583.1,7400,304180000,6122940000,1316.9,54.2,0,,-5700,-228000000,40,"2023-01-31T13:40:00.000Z",1675172400000,40,40,40,0,100,0,,4.3,,Infinity,5700,5700,152600,,228000000,,228000000,
1583.1,8100,332250000,6151010000,1316.9,54.2,Infinity,700,700,28070000,40.1,"2023-01-31T13:44:00.000Z",1675172640000,40.1,40.1,40.1,100,0,0,0.4,,,0,,700,153300,,28070000,28070000,,
1583.1,9400,384380000,6203140000,1316.9,54.2,Infinity,1300,1300,52130000,40.1,"2023-01-31T13:48:00.000Z",1675172880000,40.1,40.1,40.1,100,0,0,0.8,,,0,,1300,154600,,52130000,52130000,,
1583.1,8100,332380000,6255140000,1316.9,54.2,0,,-1300,-52000000,40,"2023-01-31T13:56:00.000Z",1675173360000,40,40,40,0,100,0,,1,,Infinity,1300,1300,155900,,52000000,,52000000,
1583.1,14400,585010000,6507770000,1316.9,54.2,Infinity,6300,6300,252630000,40.1,"2023-01-31T14:02:00.000Z",1675173720000,40.1,40.1,40.1,100,0,0,4,,,0,,6300,162200,,252630000,252630000,,
1583.1,14000,568990000,6539870000,1316.9,54.2,0.3,200,-400,-16020000,40.2,"2023-01-31T14:04:00.000Z",1675173840000,40.2,40.1,40.1,25,75,0,0.1,0.5,,3,600,800,163000,,32100000,8040000.000000001,24060000,
1583.1,13900,564980000,6543880000,1316.9,54.2,0,,-100,-4010000,40.1,"2023-01-31T14:10:00.000Z",1675174200000,40.1,40.1,40.1,0,100,0,,0.1,,Infinity,100,100,163100,,4010000,,4010000,
1583.1,13600,552980000,6555880000,1316.9,54.2,0,,-300,-12000000,40,"2023-01-31T14:12:00.000Z",1675174320000,40,40,40,0,100,0,,0.2,,Infinity,300,300,163400,,12000000,,12000000,
1583.1,15100,613130000,6616030000,1316.9,54.2,Infinity,1500,1500,60150000,40.1,"2023-01-31T14:14:00.000Z",1675174440000,40.1,40.1,40.1,100,0,0,0.9,,,0,,1500,164900,,60150000,60150000,,
1583.1,18400,745460000,6748360000,1316.9,54.2,Infinity,3300,3300,132330000,40.1,"2023-01-31T14:16:00.000Z",1675174560000,40.1,40.1,40.1,100,0,0,2.1,,,0,,3300,168200,,132330000,132330000,,
1583.1,16800,681300000,6812520000,1316.9,54.2,0,,-1600,-64160000,40.1,"2023-01-31T14:22:00.000Z",1675174920000,40.1,40.1,40.1,0,100,0,,1.2,,Infinity,1600,1600,169800,,64160000,,64160000,
1583.1,15600,633180000,6860640000,1316.9,54.2,0,,-1200,-48120000,40.1,"2023-01-31T14:24:00.000Z",1675175040000,40.1,40.1,40.1,0,100,0,,0.9,,Infinity,1200,1200,171000,,48120000,,48120000,
1583.1,15700,637200000,6976940000,1316.9,54.2,Infinity,100,100,4020000.0000000005,40.2,"2023-01-31T14:28:00.000Z",1675175280000,40.2,40.1,40.1,3.4,0,96.6,0.1,,51.7,0,,2900,173900,2800,116300000,4020000.0000000005,,112280000
1583.1,15700,637200000,6993020000,1316.9,54.2,NaN,,0,0,40.2,"2023-01-31T14:44:00.000Z",1675176240000,40.2,40.2,40.2,0,0,100,,,7.4,NaN,,400,174300,400,16080000.000000002,,,16080000.000000002
