"abu","acum_busd","acum_busd_val","acum_val_bu","acum_val_sd","acum_val","avg_val_bu","avg_val_sd","rbusd","asd","auk","bs","bu","bu-sd","bu-sd_val","c","date","datetime","h","l","o","pbu","psd","puk","rbu","rsd","ruk","sb","sd","sum_vol","total_vol","uk","val","val_bu","val_sd","val_uk"
3794.9,-700,-3056000,22437000,25493000,47930000,18158948.7,14724256.4,-0.9,3082.1,448.7,0.9,4600,-700,-3056000,4.87,"2023-01-31T09:15:00.000Z",1675156500000,4.88,4.8,4.83,46.5,53.5,0,1.2,1.7,,1.2,5300,9900,9900,,47930000,22437000,25493000,
3794.9,-4100,-19352000,30109000,49461000,79570000,18158948.7,14724256.4,-4.7,3082.1,448.7,0.3,1600,-3400,-16296000,4.79,"2023-01-31T09:20:00.000Z",1675156800000,4.86,4.79,4.86,24.2,75.8,0,0.4,1.6,,3.1,5000,6600,16500,,31640000,7672000,23968000,
3794.9,-8400,-39949000,30109000,70058000,100167000,18158948.7,14724256.4,-6,3082.1,448.7,0,,-4300,-20597000,4.79,"2023-01-31T09:25:00.000Z",1675157100000,4.79,4.79,4.79,0,100,0,,1.4,,Infinity,4300,4300,20800,,20597000,,20597000,
3794.9,-27600,-131121000,32509000,163630000,196139000,18158948.7,14724256.4,-26.5,3082.1,448.7,0,500,-19200,-91172000,4.7,"2023-01-31T09:30:00.000Z",1675157400000,4.8,4.7,4.79,2.5,97.5,0,0.1,6.4,,39.4,19700,20200,41000,,95972000,2400000,93572000,
3794.9,-14500,-69551000,104419000,173970000,278389000,18158948.7,14724256.4,17.9,3082.1,448.7,7,15300,13100,61570000,4.7,"2023-01-31T09:35:00.000Z",1675157700000,4.7,4.7,4.7,87.4,12.6,0,4,0.7,,0.1,2200,17500,58500,,82250000,71910000,10340000,
3794.9,-14400,-69074000,109189000,178263000,287452000,18158948.7,14724256.4,0.1,3082.1,448.7,1.1,1000,100,477000,4.77,"2023-01-31T09:40:00.000Z",1675158000000,4.77,4.77,4.77,52.6,47.4,0,0.3,0.3,,0.9,900,1900,60400,,9063000,4770000,4293000,
3794.9,-12900,-61881000,120702000,182583000,303285000,18158948.7,14724256.4,2.1,3082.1,448.7,2.7,2400,1500,7193000,4.8,"2023-01-31T09:45:00.000Z",1675158300000,4.8,4.79,4.79,72.7,27.3,0,0.6,0.3,,0.4,900,3300,63700,,15833000,11513000,4320000,
3794.9,-24200,-116117000,122622000,238739000,361361000,18158948.7,14724256.4,-15.8,3082.1,448.7,0,400,-11300,-54236000,4.8,"2023-01-31T09:50:00.000Z",1675158600000,4.8,4.79,4.8,3.3,96.7,0,0.1,3.8,,29.3,11700,12100,75800,,58076000,1920000,56156000,
3794.9,-31200,-149717000,129822000,279539000,409361000,18158948.7,14724256.4,-9.8,3082.1,448.7,0.2,1500,-7000,-33600000,4.8,"2023-01-31T09:55:00.000Z",1675158900000,4.8,4.8,4.8,15,85,0,0.4,2.8,,5.7,8500,10000,85800,,48000000,7200000,40800000,
3794.9,-32400,-155472000,135107000,290579000,425686000,18158948.7,14724256.4,-1.7,3082.1,448.7,0.5,1100,-1200,-5755000,4.81,"2023-01-31T10:00:00.000Z",1675159200000,4.81,4.8,4.8,32.4,67.6,0,0.3,0.7,,2.1,2300,3400,89200,,16325000,5285000,11040000,
3794.9,-32700,-156889000,139933000,296822000,476595000,18158948.7,14724256.4,-0.4,3082.1,448.7,0.8,1000,-300,-1417000,4.8,"2023-01-31T10:05:00.000Z",1675159500000,4.83,4.8,4.81,9.4,12.3,78.3,0.3,0.4,18.5,1.3,1300,10600,99800,8300,50909000,4826000,6243000,39840000
3794.9,-23200,-111296000,197522000,308818000,546180000,18158948.7,14724256.4,13.3,3082.1,448.7,4.8,12000,9500,45593000,4.8,"2023-01-31T10:10:00.000Z",1675159800000,4.8,4.79,4.8,82.8,17.2,0,3.2,0.8,,0.2,2500,14500,114300,,69585000,57589000,11996000,
3794.9,-20400,-97862000,221472000,319334000,580646000,18158948.7,14724256.4,3.9,3082.1,448.7,2.3,5000,2800,13434000,4.79,"2023-01-31T10:15:00.000Z",1675160100000,4.79,4.78,4.78,69.4,30.6,0,1.3,0.7,,0.4,2200,7200,121500,,34466000,23950000,10516000,
3794.9,-22400,-107422000,221472000,328894000,590206000,18158948.7,14724256.4,-2.8,3082.1,448.7,0,,-2000,-9560000,4.78,"2023-01-31T10:30:00.000Z",1675161000000,4.78,4.78,4.78,0,100,0,,0.6,,Infinity,2000,2000,123500,,9560000,,9560000,
3794.9,-22000,-105523000,231490000,337013000,608343000,18158948.7,14724256.4,0.6,3082.1,448.7,1.2,2100,400,1899000,4.76,"2023-01-31T10:40:00.000Z",1675161600000,4.78,4.76,4.78,55.3,44.7,0,0.6,0.6,,0.8,1700,3800,127300,,18137000,10018000,8119000,
3794.9,-21500,-103143000,236250000,339393000,615483000,18158948.7,14724256.4,0.7,3082.1,448.7,2,1000,500,2380000,4.76,"2023-01-31T10:45:00.000Z",1675161900000,4.76,4.76,4.76,66.7,33.3,0,0.3,0.2,,0.5,500,1500,128800,,7140000,4760000,2380000,
3794.9,-21700,-104093000,236250000,340343000,616433000,18158948.7,14724256.4,-0.3,3082.1,448.7,0,,-200,-950000,4.75,"2023-01-31T10:55:00.000Z",1675162500000,4.75,4.75,4.75,0,100,0,,0.1,,Infinity,200,200,129000,,950000,,950000,
3794.9,-20000,-95983000,244360000,340343000,624543000,18158948.7,14724256.4,2.4,3082.1,448.7,Infinity,1700,1700,8110000,4.78,"2023-01-31T11:00:00.000Z",1675162800000,4.78,4.76,4.76,100,0,0,0.4,,,0,,1700,130700,,8110000,8110000,,
3794.9,-19500,-93593000,246750000,340343000,626933000,18158948.7,14724256.4,0.7,3082.1,448.7,Infinity,500,500,2390000,4.78,"2023-01-31T11:05:00.000Z",1675163100000,4.78,4.78,4.78,100,0,0,0.1,,,0,,500,131200,,2390000,2390000,,
3794.9,-20000,-95978000,246750000,342728000,629318000,18158948.7,14724256.4,-0.7,3082.1,448.7,0,,-500,-2384999.9999999995,4.77,"2023-01-31T11:10:00.000Z",1675163400000,4.77,4.77,4.77,0,100,0,,0.2,,Infinity,500,500,131700,,2384999.9999999995,,2384999.9999999995,
3794.9,-21500,-103133000,246750000,349883000,636473000,18158948.7,14724256.4,-2.1,3082.1,448.7,0,,-1500,-7154999.999999999,4.77,"2023-01-31T11:15:00.000Z",1675163700000,4.77,4.77,4.77,0,100,0,,0.5,,Infinity,1500,1500,133200,,7154999.999999999,,7154999.999999999,
3794.9,-21400,-102656000,247227000,349883000,636950000,18158948.7,14724256.4,0.1,3082.1,448.7,Infinity,100,100,476999.99999999994,4.77,"2023-01-31T11:25:00.000Z",1675164300000,4.77,4.77,4.77,100,0,0,0,,,0,,100,133300,,476999.99999999994,476999.99999999994,,
3794.9,-20800,-99735000,263339000,363074000,666253000,18158948.7,14724256.4,0.9,3082.1,448.7,1.2,3400,600,2921000,4.71,"2023-01-31T13:00:00.000Z",1675170000000,4.75,4.71,4.72,54.8,45.2,0,0.9,0.9,,0.8,2800,6200,139500,,29303000,16112000,13191000,
3794.9,-21400,-102326000,285189000,387515000,712544000,18158948.7,14724256.4,-0.8,3082.1,448.7,0.9,4600,-600,-2591000,4.75,"2023-01-31T13:05:00.000Z",1675170300000,4.75,4.7,4.71,46.9,53.1,0,1.2,1.7,,1.1,5200,9800,149300,,46291000,21850000,24441000,
3794.9,11000,52512000,447197000,394685000,882674000,18158948.7,14724256.4,45.1,3082.1,448.7,22.6,33900,32400,154838000,4.78,"2023-01-31T13:10:00.000Z",1675170600000,4.78,4.76,4.76,95.2,4.2,0.6,8.9,0.5,0.4,0,1500,35600,184900,200,170130000,162008000,7170000,952000
3794.9,14200,67808000,462493000,394685000,897970000,18158948.7,14724256.4,4.5,3082.1,448.7,Infinity,3200,3200,15296000,4.78,"2023-01-31T13:15:00.000Z",1675170900000,4.78,4.78,4.78,100,0,0,0.8,,,0,,3200,188100,,15296000,15296000,,
3794.9,19200,91828000,510363000,418535000,969690000,18158948.7,14724256.4,7,3082.1,448.7,2,10000,5000,24020000.000000004,4.77,"2023-01-31T13:20:00.000Z",1675171200000,4.8,4.77,4.78,66.7,33.3,0,2.6,1.6,,0.5,5000,15000,203100,,71720000,47870000,23849999.999999996,
3794.9,9700,46418000,510363000,463945000,1017495000,18158948.7,14724256.4,-13.2,3082.1,448.7,0,,-9500,-45410000,4.79,"2023-01-31T13:30:00.000Z",1675171800000,4.79,4.78,4.78,0,95,5,,3.1,1.1,Infinity,9500,10000,213100,500,47805000,,45410000,2395000
3794.9,9400,44981000,510363000,465382000,1018932000,18158948.7,14724256.4,-0.4,3082.1,448.7,0,,-300,-1437000,4.79,"2023-01-31T13:35:00.000Z",1675172100000,4.79,4.79,4.79,0,100,0,,0.1,,Infinity,300,300,213400,,1437000,,1437000,
3794.9,11100,53124000,519464000,466340000,1028991000,18158948.7,14724256.4,2.4,3082.1,448.7,9.5,1900,1700,8143000,4.79,"2023-01-31T13:40:00.000Z",1675172400000,4.79,4.79,4.79,90.5,9.5,0,0.5,0.1,,0.1,200,2100,215500,,10059000,9101000,958000,
3794.9,9700,46418000,520901000,474483000,1038571000,18158948.7,14724256.4,-2,3082.1,448.7,0.2,300,-1400,-6706000,4.79,"2023-01-31T13:45:00.000Z",1675172700000,4.79,4.79,4.79,15,85,0,0.1,0.6,,5.7,1700,2000,217500,,9580000,1437000,8143000,
3794.9,7700,36852000,549701000,512849000,1105737000,18158948.7,14724256.4,-2.8,3082.1,448.7,0.8,6000,-2000,-9566000,4.79,"2023-01-31T13:50:00.000Z",1675173000000,4.8,4.79,4.8,42.9,57.1,0,1.6,2.6,,1.3,8000,14000,231500,,67166000,28800000,38366000,
3794.9,7800,37333000,550661000,513328000,1107176000,18158948.7,14724256.4,0.1,3082.1,448.7,2,200,100,481000,4.79,"2023-01-31T13:55:00.000Z",1675173300000,4.8,4.79,4.8,66.7,33.3,0,0.1,0,,0.5,100,300,231800,,1439000,960000,479000,
3794.9,2800,13383000,558325000,544942000,1146454000,18158948.7,14724256.4,-7,3082.1,448.7,0.2,1600,-5000,-23950000,4.79,"2023-01-31T14:00:00.000Z",1675173600000,4.79,4.79,4.79,19.5,80.5,0,0.4,2.1,,4.1,6600,8200,240000,,39278000,7664000,31614000,
3794.9,11500,55377000,624319000,568942000,1236448000,18158948.7,14724256.4,12.2,3082.1,448.7,2.7,13700,8700,41994000,4.82,"2023-01-31T14:05:00.000Z",1675173900000,4.82,4.8,4.8,73.3,26.7,0,3.6,1.6,,0.4,5000,18700,258700,,89994000,65994000,24000000,
3794.9,16500,79377000,648319000,568942000,1260448000,18158948.7,14724256.4,7,3082.1,448.7,Infinity,5000,5000,24000000,4.8,"2023-01-31T14:10:00.000Z",1675174200000,4.8,4.8,4.8,100,0,0,1.3,,,0,,5000,263700,,24000000,24000000,,
3794.9,17000,81787000,655067000,573280000,1271534000,18158948.7,14724256.4,0.7,3082.1,448.7,1.6,1400,500,2410000,4.82,"2023-01-31T14:20:00.000Z",1675174800000,4.82,4.82,4.82,60.9,39.1,0,0.4,0.3,,0.6,900,2300,266000,,11086000,6748000,4338000,
3794.9,27800,133953000,708199000,574246000,1325632000,18158948.7,14724256.4,15.2,3082.1,448.7,55,11000,10800,52166000,4.84,"2023-01-31T14:25:00.000Z",1675175100000,4.84,4.83,4.83,98.2,1.8,0,2.9,0.1,,0,200,11200,277200,,54098000,53132000,966000,
3794.9,27800,133953000,708199000,574246000,1367112000,18158948.7,14724256.4,0,3082.1,448.7,NaN,,0,0,4.88,"2023-01-31T14:45:00.000Z",1675176300000,4.88,4.88,4.88,0,0,100,,,18.9,NaN,,8500,285700,8500,41480000,,,41480000
