"abu","acum_busd","acum_busd_val","acum_val","asd","auk","bs","bu","bu-sd","bu-sd_val","c","date","datetime","h","l","o","pbu","psd","puk","rbu","rsd","ruk","sb","sd","sum_vol","total_vol","uk","val","val_bu","val_sd","val_uk"
1184.5,19100,252665000,441655000,2537.9,20.7,3.6,26400,19100,252665000,12.9,"2023-01-31T09:14:00.000Z",1675156440000,13.15,12.9,13.15,78.3,21.7,0,22.3,2.9,,0.3,7300,33700,33700,,441655000,347160000,94495000,
1184.5,9700,131425000,573255000,2537.9,20.7,0,400,-9400,-121240000,12.9,"2023-01-31T09:16:00.000Z",1675156560000,13,12.9,12.9,3.9,96.1,0,0.3,3.9,,24.5,9800,10200,43900,,131600000,5180000,126420000,
1184.5,9900,134005000,575835000,2537.9,20.7,Infinity,200,200,2580000,12.9,"2023-01-31T09:18:00.000Z",1675156680000,12.9,12.9,12.9,100,0,0,0.2,,,0,,200,44100,,2580000,2580000,,
1184.5,15100,199455000,692485000,2537.9,20.7,3.6,7200,5200,65450000,12.6,"2023-01-31T09:20:00.000Z",1675156800000,12.8,12.6,12.8,78.3,21.7,0,6.1,0.8,,0.3,2000,9200,53300,,116650000,91050000,25600000,
1184.5,7400,102885000,834415000,2537.9,20.7,0.2,1800,-7700,-96570000,12.55,"2023-01-31T09:22:00.000Z",1675156920000,12.6,12.55,12.55,15.9,84.1,0,1.5,3.7,,5.3,9500,11300,64600,,141930000,22680000,119250000,
1184.5,-14800,-174935000,1117245000,2537.9,20.7,0,200,-22200,-277820000,12.5,"2023-01-31T09:24:00.000Z",1675157040000,12.55,12.45,12.55,0.9,99.1,0,0.2,8.8,,112,22400,22600,87200,,282830000,2505000,280325000,
1184.5,-19200,-229590000,1174380000,2537.9,20.7,0,100,-4400,-54655000,12.4,"2023-01-31T09:26:00.000Z",1675157160000,12.45,12.4,12.45,2.2,97.8,0,0.1,1.8,,45,4500,4600,91800,,57135000,1240000,55895000,
1184.5,-18800,-224630000,1179340000,2537.9,20.7,Infinity,400,400,4960000,12.4,"2023-01-31T09:28:00.000Z",1675157280000,12.4,12.4,12.4,100,0,0,0.3,,,0,,400,92200,,4960000,4960000,,
1184.5,-19100,-228360000,1190510000,2537.9,20.7,0.5,300,-300,-3730000,12.4,"2023-01-31T09:32:00.000Z",1675157520000,12.45,12.4,12.45,33.3,66.7,0,0.3,0.2,,2,600,900,93100,,11170000,3720000,7450000,
1184.5,-17800,-212240000,1206630000,2537.9,20.7,Infinity,1300,1300,16120000,12.4,"2023-01-31T09:34:00.000Z",1675157640000,12.4,12.4,12.4,100,0,0,1.1,,,0,,1300,94400,,16120000,16120000,,
1184.5,-17500,-208520000,1210350000,2537.9,20.7,Infinity,300,300,3720000,12.4,"2023-01-31T09:36:00.000Z",1675157760000,12.4,12.4,12.4,100,0,0,0.3,,,0,,300,94700,,3720000,3720000,,
1184.5,-18600,-222160000,1223990000,2537.9,20.7,0,,-1100,-13640000,12.4,"2023-01-31T09:42:00.000Z",1675158120000,12.4,12.4,12.4,0,100,0,,0.4,,Infinity,1100,1100,95800,,13640000,,13640000,
1184.5,-19500,-233320000,1237630000,2537.9,20.7,0.1,100,-900,-11160000,12.4,"2023-01-31T09:46:00.000Z",1675158360000,12.4,12.4,12.4,9.1,90.9,0,0.1,0.4,,10,1000,1100,96900,,13640000,1240000,12400000,
1184.5,-18000,-214720000,1256230000,2537.9,20.7,Infinity,1500,1500,18600000,12.4,"2023-01-31T09:50:00.000Z",1675158600000,12.4,12.4,12.4,100,0,0,1.3,,,0,,1500,98400,,18600000,18600000,,
1184.5,-18600,-222160000,1263670000,2537.9,20.7,0,,-600,-7440000,12.4,"2023-01-31T09:52:00.000Z",1675158720000,12.4,12.4,12.4,0,100,0,,0.2,,Infinity,600,600,99000,,7440000,,7440000,
1184.5,-16200,-192400000,1293430000,2537.9,20.7,Infinity,2400,2400,29760000,12.4,"2023-01-31T09:54:00.000Z",1675158840000,12.4,12.4,12.4,100,0,0,2,,,0,,2400,101400,,29760000,29760000,,
1184.5,-16600,-197335000,1298365000,2537.9,20.7,0,,-400,-4935000,12.3,"2023-01-31T09:58:00.000Z",1675159080000,12.35,12.3,12.35,0,100,0,,0.2,,Infinity,400,400,101800,,4935000,,4935000,
1184.5,-20100,-240385000,1341415000,2537.9,20.7,0,,-3500,-43050000,12.3,"2023-01-31T10:04:00.000Z",1675159440000,12.3,12.3,12.3,0,100,0,,1.4,,Infinity,3500,3500,105300,,43050000,,43050000,
1184.5,-25100,-301555000,1402585000,2537.9,20.7,0,,-5000,-61170000,12.2,"2023-01-31T10:06:00.000Z",1675159560000,12.3,12.2,12.3,0,100,0,,2,,Infinity,5000,5000,110300,,61170000,,61170000,
1184.5,-25300,-303995000,1405025000,2537.9,20.7,0,,-200,-2440000,12.2,"2023-01-31T10:16:00.000Z",1675160160000,12.2,12.2,12.2,0,100,0,,0.1,,Infinity,200,200,110500,,2440000,,2440000,
1184.5,-29700,-357675000,1458705000,2537.9,20.7,0,,-4400,-53680000,12.2,"2023-01-31T10:34:00.000Z",1675161240000,12.2,12.2,12.2,0,100,0,,1.7,,Infinity,4400,4400,114900,,53680000,,53680000,
1184.5,-34100,-411355000,1512385000,2537.9,20.7,0,,-4400,-53680000,12.2,"2023-01-31T10:36:00.000Z",1675161360000,12.2,12.2,12.2,0,100,0,,1.7,,Infinity,4400,4400,119300,,53680000,,53680000,
1184.5,-35100,-423505000,1548835000,2537.9,20.7,0.5,1000,-1000,-12150000,12.15,"2023-01-31T10:38:00.000Z",1675161480000,12.15,12.15,12.15,33.3,66.7,0,0.8,0.8,,2,2000,3000,122300,,36450000,12150000,24300000,
1184.5,-34600,-417405000,1554935000,2537.9,20.7,Infinity,500,500,6100000,12.2,"2023-01-31T10:44:00.000Z",1675161840000,12.2,12.2,12.2,100,0,0,0.4,,,0,,500,122800,,6100000,6100000,,
1184.5,-34600,-417405000,1557375000,2537.9,20.7,1,100,0,0,12.2,"2023-01-31T10:52:00.000Z",1675162320000,12.2,12.2,12.2,50,50,0,0.1,0,,1,100,200,123000,,2440000,1220000,1220000,
1184.5,-34200,-412525000,1618375000,2537.9,20.7,1.2,2700,400,4880000,12.2,"2023-01-31T11:16:00.000Z",1675163760000,12.2,12.2,12.2,54,46,0,2.3,0.9,,0.9,2300,5000,128000,,61000000,32940000,28060000,
1184.5,-39500,-477185000,1683035000,2537.9,20.7,0,,-5300,-64659999.99999999,12.2,"2023-01-31T11:18:00.000Z",1675163880000,12.2,12.2,12.2,0,100,0,,2.1,,Infinity,5300,5300,133300,,64659999.99999999,,64659999.99999999,
1184.5,-44300,-535500000,1741350000,2537.9,20.7,0,,-4800,-58315000,12.1,"2023-01-31T13:00:00.000Z",1675170000000,12.2,12.1,12.2,0,100,0,,1.9,,Infinity,4800,4800,138100,,58315000,,58315000,
1184.5,-47600,-575560000,1781410000,2537.9,20.7,0,,-3300,-40060000,12.1,"2023-01-31T13:04:00.000Z",1675170240000,12.2,12.1,12.2,0,100,0,,1.3,,Infinity,3300,3300,141400,,40060000,,40060000,
1184.5,-49900,-603275000,1809125000,2537.9,20.7,0,,-2300,-27715000,12.05,"2023-01-31T13:06:00.000Z",1675170360000,12.05,12.05,12.05,0,100,0,,0.9,,Infinity,2300,2300,143700,,27715000,,27715000,
1184.5,-56300,-680385000,1907835000,2537.9,20.7,0.1,900,-6400,-77110000,12,"2023-01-31T13:08:00.000Z",1675170480000,12.05,12,12.05,11,89,0,0.8,2.9,,8.1,7300,8200,151900,,98710000,10800000,87910000,
1184.5,-56200,-679185000,1909035000,2537.9,20.7,Infinity,100,100,1200000,12,"2023-01-31T13:10:00.000Z",1675170600000,12,12,12,100,0,0,0.1,,,0,,100,152000,,1200000,1200000,,
1184.5,-55200,-667185000,1921035000,2537.9,20.7,Infinity,1000,1000,12000000,12,"2023-01-31T13:12:00.000Z",1675170720000,12,12,12,100,0,0,0.8,,,0,,1000,153000,,12000000,12000000,,
1184.5,-54700,-661185000,1927035000,2537.9,20.7,Infinity,500,500,6000000,12,"2023-01-31T13:14:00.000Z",1675170840000,12,12,12,100,0,0,0.4,,,0,,500,153500,,6000000,6000000,,
1184.5,-53800,-650385000,1937835000,2537.9,20.7,Infinity,900,900,10800000,12,"2023-01-31T13:16:00.000Z",1675170960000,12,12,12,100,0,0,0.8,,,0,,900,154400,,10800000,10800000,,
1184.5,-52900,-639585000,1963035000,2537.9,20.7,Infinity,900,900,10800000,12,"2023-01-31T13:20:00.000Z",1675171200000,12,12,12,42.9,0,57.1,0.8,,58,0,,2100,156500,1200,25200000,10800000,,14400000
1184.5,-56200,-679185000,2002635000,2537.9,20.7,0,,-3300,-39600000,12,"2023-01-31T13:22:00.000Z",1675171320000,12,12,12,0,100,0,,1.3,,Infinity,3300,3300,159800,,39600000,,39600000,
1184.5,-50900,-615585000,2066235000,2537.9,20.7,Infinity,5300,5300,63600000,12,"2023-01-31T13:30:00.000Z",1675171800000,12,12,12,100,0,0,4.5,,,0,,5300,165100,,63600000,63600000,,
1184.5,-50800,-614385000,2067435000,2537.9,20.7,Infinity,100,100,1200000,12,"2023-01-31T13:34:00.000Z",1675172040000,12,12,12,100,0,0,0.1,,,0,,100,165200,,1200000,1200000,,
1184.5,-55000,-664740000,2125080000,2537.9,20.7,0.1,300,-4200,-50355000,12,"2023-01-31T13:44:00.000Z",1675172640000,12.15,12,12.15,6.3,93.8,0,0.3,1.8,,15,4500,4800,170000,,57645000,3645000,54000000,
1184.5,-53300,-644035000,2145785000,2537.9,20.7,Infinity,1700,1700,20705000,12.2,"2023-01-31T13:46:00.000Z",1675172760000,12.2,12.15,12.15,100,0,0,1.4,,,0,,1700,171700,,20705000,20705000,,
1184.5,-53600,-647695000,2149445000,2537.9,20.7,0,,-300,-3660000,12.2,"2023-01-31T13:48:00.000Z",1675172880000,12.2,12.2,12.2,0,100,0,,0.1,,Infinity,300,300,172000,,3660000,,3660000,
1184.5,-53500,-646475000,2150665000,2537.9,20.7,Infinity,100,100,1220000,12.2,"2023-01-31T13:52:00.000Z",1675173120000,12.2,12.2,12.2,100,0,0,0.1,,,0,,100,172100,,1220000,1220000,,
1184.5,-73500,-886475000,2390665000,2537.9,20.7,0,,-20000,-240000000,12,"2023-01-31T13:54:00.000Z",1675173240000,12,12,12,0,100,0,,7.9,,Infinity,20000,20000,192100,,240000000,,240000000,
1184.5,-71800,-865680000,2411460000,2537.9,20.7,Infinity,1700,1700,20795000,12.25,"2023-01-31T13:56:00.000Z",1675173360000,12.25,12.2,12.2,100,0,0,1.4,,,0,,1700,192800,,20795000,20795000,,
1184.5,-72100,-869355000,2415135000,2537.9,20.7,0,,-300,-3675000,12.25,"2023-01-31T13:58:00.000Z",1675173480000,12.25,12.25,12.25,0,100,0,,0.1,,Infinity,300,300,194100,,3675000,,3675000,
1184.5,-72300,-871785000,2417565000,2537.9,20.7,0,,-200,-2430000,12.15,"2023-01-31T14:00:00.000Z",1675173600000,12.15,12.15,12.15,0,100,0,,0.1,,Infinity,200,200,194300,,2430000,,2430000,
1184.5,-71800,-865710000,2423640000,2537.9,20.7,Infinity,500,500,6075000,12.15,"2023-01-31T14:02:00.000Z",1675173720000,12.15,12.15,12.15,100,0,0,0.4,,,0,,500,194800,,6075000,6075000,,
1184.5,-71500,-862065000,2427285000,2537.9,20.7,Infinity,300,300,3645000,12.15,"2023-01-31T14:04:00.000Z",1675173840000,12.15,12.15,12.15,100,0,0,0.3,,,0,,300,195100,,3645000,3645000,,
1184.5,-72000,-868140000,2433360000,2537.9,20.7,0,,-500,-6075000,12.15,"2023-01-31T14:06:00.000Z",1675173960000,12.15,12.15,12.15,0,100,0,,0.2,,Infinity,500,500,195600,,6075000,,6075000,
1184.5,-71000,-855840000,2445660000,2537.9,20.7,Infinity,1000,1000,12300000,12.3,"2023-01-31T14:10:00.000Z",1675174200000,12.3,12.3,12.3,100,0,0,0.8,,,0,,1000,196600,,12300000,12300000,,
1184.5,-70300,-847230000,2454270000,2537.9,20.7,Infinity,700,700,8610000,12.3,"2023-01-31T14:12:00.000Z",1675174320000,12.3,12.3,12.3,100,0,0,0.6,,,0,,700,197300,,8610000,8610000,,
1184.5,-68400,-823860000,2477640000,2537.9,20.7,Infinity,1900,1900,23370000,12.3,"2023-01-31T14:18:00.000Z",1675174680000,12.3,12.3,12.3,100,0,0,1.6,,,0,,1900,199200,,23370000,23370000,,
1184.5,-67600,-814020000,2487480000,2537.9,20.7,Infinity,800,800,9840000,12.3,"2023-01-31T14:20:00.000Z",1675174800000,12.3,12.3,12.3,100,0,0,0.7,,,0,,800,200000,,9840000,9840000,,
1184.5,-67000,-806610000,2494890000,2537.9,20.7,Infinity,600,600,7410000,12.35,"2023-01-31T14:24:00.000Z",1675175040000,12.35,12.35,12.35,100,0,0,0.5,,,0,,600,200600,,7410000,7410000,,
1184.5,-66000,-794210000,2507290000,2537.9,20.7,Infinity,1000,1000,12400000,12.4,"2023-01-31T14:26:00.000Z",1675175160000,12.4,12.4,12.4,100,0,0,0.8,,,0,,1000,201600,,12400000,12400000,,
1184.5,-70800,-853970000,2604400000,2537.9,20.7,0.2,1500,-4800,-59760000,12.45,"2023-01-31T14:28:00.000Z",1675175280000,12.45,12.45,12.45,19.2,80.8,0,1.3,2.5,,4.2,6300,7800,209400,,97110000,18675000,78435000,
1184.5,-78500,-950605000,2701035000,2537.9,20.7,0,,-7700,-96635000,12.55,"2023-01-31T14:44:00.000Z",1675176240000,12.55,12.55,12.55,0,100,0,,3,,Infinity,7700,7700,217100,,96635000,,96635000,
