"abu","acum_busd","acum_busd_val","acum_val","asd","auk","bs","bu","bu-sd","bu-sd_val","c","date","datetime","h","l","o","pbu","psd","puk","rbu","rsd","ruk","sb","sd","sum_vol","total_vol","uk","val","val_bu","val_sd","val_uk"
1554.3,-27500,-1446960000,1457540000,3663,246.7,0,,-27500,-1446960000,52.5,"2023-01-31T09:14:00.000Z",1675156440000,53.1,52.5,52.7,0,99.3,0.7,,7.5,0.8,Infinity,27500,27700,27700,200,1457540000,,1446960000,10580000
1554.3,-41600,-2186430000,2260370000,3663,246.7,0,600,-14100,-739470000,52.5,"2023-01-31T09:16:00.000Z",1675156560000,53.1,52.2,52.6,3.9,96.1,0,0.4,4,,24.5,14700,15300,43000,,802830000,31680000,771150000,
1554.3,-46100,-2420650000,3041170000,3663,246.7,0.5,4600,-4500,-234220000,52,"2023-01-31T09:18:00.000Z",1675156680000,52.5,51.9,52.5,30.7,60.7,8.7,3,2.5,5.3,2,9100,15000,58000,1300,780800000,239360000,473580000,67860000
1554.3,-52000,-2727310000,3504330000,3663,246.7,0.1,1000,-5900,-306660000,52.2,"2023-01-31T09:20:00.000Z",1675156800000,52.2,52,52,11.2,77.5,11.2,0.6,1.9,4.1,6.9,6900,8900,66900,1000,463160000,52200000,358860000,52100000
1554.3,-45800,-2402020000,3829620000,3663,246.7,Infinity,6200,6200,325290000,52.4,"2023-01-31T09:22:00.000Z",1675156920000,52.5,52.4,52.4,100,0,0,4,,,0,,6200,73100,,325290000,325290000,,
1554.3,-60400,-3161420000,4900620000,3663,246.7,0.2,3000,-14600,-759400000,51.9,"2023-01-31T09:24:00.000Z",1675157040000,52.3,51.9,52.3,14.6,85.4,0,1.9,4.8,,5.9,17600,20600,93700,,1071000000,155800000,915200000,
1554.3,-64100,-3352870000,5299330000,3663,246.7,0.3,1900,-3700,-191450000,51.9,"2023-01-31T09:26:00.000Z",1675157160000,51.9,51.7,51.8,24.7,72.7,2.6,1.2,1.5,0.8,2.9,5600,7700,101400,200,398710000,98440000,289890000,10380000
1554.3,-62200,-3253870000,5772330000,3663,246.7,1.5,5500,1900,99000000,52,"2023-01-31T09:28:00.000Z",1675157280000,52,51.8,51.8,60.4,39.6,0,3.5,1,,0.7,3600,9100,110500,,473000000,286000000,187000000,
1554.3,-64000,-3347470000,6105130000,3663,246.7,0.6,2300,-1800,-93600000,52,"2023-01-31T09:30:00.000Z",1675157400000,52,52,52,35.9,64.1,0,1.5,1.1,,1.8,4100,6400,116900,,332800000,119600000,213200000,
1554.3,-66300,-3468670000,6654090000,3663,246.7,0.6,4100,-2300,-121200000,52.4,"2023-01-31T09:32:00.000Z",1675157520000,52.4,52,52,39,61,0,2.6,1.7,,1.6,6400,10500,127400,,548960000,213880000,335080000,
1554.3,-66600,-3484390000,6711730000,3663,246.7,0.6,400,-300,-15720000,52.4,"2023-01-31T09:34:00.000Z",1675157640000,52.4,52.4,52.4,36.4,63.6,0,0.3,0.2,,1.8,700,1100,128500,,57640000,20960000,36680000,
1554.3,-67800,-3547270000,6868930000,3663,246.7,0.4,900,-1200,-62880000,52.4,"2023-01-31T09:36:00.000Z",1675157760000,52.4,52.4,52.4,30,70,0,0.6,0.6,,2.3,2100,3000,131500,,157200000,47160000,110040000,
1554.3,-67400,-3526350000,6889850000,3663,246.7,Infinity,400,400,20920000,52.3,"2023-01-31T09:38:00.000Z",1675157880000,52.3,52.3,52.3,100,0,0,0.3,,,0,,400,131900,,20920000,20920000,,
1554.3,-67700,-3542030000,6916010000,3663,246.7,0.3,100,-300,-15680000,52.3,"2023-01-31T09:40:00.000Z",1675158000000,52.4,52.3,52.3,20,80,0,0.1,0.1,,4,400,500,132400,,26160000,5240000,20920000,
1554.3,-90200,-4713240000,8524290000,3663,246.7,0.1,2800,-22500,-1171210000,51.9,"2023-01-31T09:44:00.000Z",1675158240000,52.3,51.9,52.1,9.1,81.9,9.1,1.8,6.9,11.3,9,25300,30900,163300,2800,1608280000,145320000,1316530000,146430000
1554.3,-87200,-4557540000,8679990000,3663,246.7,Infinity,3000,3000,155700000,51.9,"2023-01-31T09:46:00.000Z",1675158360000,51.9,51.9,51.9,100,0,0,1.9,,,0,,3000,166300,,155700000,155700000,,
1554.3,-101800,-5315950000,9469480000,3663,246.7,0,300,-14600,-758410000,51.8,"2023-01-31T09:50:00.000Z",1675158600000,52,51.8,52,2,98,0,0.2,4.1,,49.7,14900,15200,181500,,789490000,15540000,773950000,
1554.3,-103900,-5424740000,9578270000,3663,246.7,0,,-2100,-108790000,51.9,"2023-01-31T09:52:00.000Z",1675158720000,51.9,51.8,51.8,0,100,0,,0.6,,Infinity,2100,2100,183600,,108790000,,108790000,
1554.3,-110500,-5766730000,9920260000,3663,246.7,0,,-6600,-341990000,51.9,"2023-01-31T09:54:00.000Z",1675158840000,51.9,51.8,51.9,0,100,0,,1.8,,Infinity,6600,6600,190200,,341990000,,341990000,
1554.3,-114600,-5979460000,10184890000,3663,246.7,0.1,300,-4100,-212730000,51.8,"2023-01-31T09:56:00.000Z",1675158960000,51.9,51.8,51.9,5.9,86.3,7.8,0.2,1.2,1.6,14.7,4400,5100,195300,400,264630000,15570000,228300000,20760000
1554.3,-117800,-6144880000,10485670000,3663,246.7,0.3,1300,-3200,-165420000,52.4,"2023-01-31T09:58:00.000Z",1675159080000,52.4,51.8,51.8,22.4,77.6,0,0.8,1.2,,3.5,4500,5800,201100,,300780000,67680000,233100000,
1554.3,-114400,-5966440000,10664110000,3663,246.7,Infinity,3400,3400,178440000,52.5,"2023-01-31T10:00:00.000Z",1675159200000,52.5,52.4,52.4,100,0,0,2.2,,,0,,3400,204500,,178440000,178440000,,
1554.3,-126000,-6570700000,11538770000,3663,246.7,0.2,2600,-11600,-604260000,52,"2023-01-31T10:02:00.000Z",1675159320000,52.5,52,52.5,15.5,84.5,0,1.7,3.9,,5.5,14200,16800,221300,,874660000,135200000,739460000,
1554.3,-125700,-6555100000,11554370000,3663,246.7,Infinity,300,300,15600000,52,"2023-01-31T10:04:00.000Z",1675159440000,52,52,52,100,0,0,0.2,,,0,,300,221600,,15600000,15600000,,
1554.3,-125000,-6518690000,11601160000,3663,246.7,8,800,700,36410000,52,"2023-01-31T10:06:00.000Z",1675159560000,52,51.9,52,88.9,11.1,0,0.5,0,,0.1,100,900,222500,,46790000,41600000,5190000,
1554.3,-124800,-6508290000,11611560000,3663,246.7,Infinity,200,200,10400000,52,"2023-01-31T10:08:00.000Z",1675159680000,52,52,52,100,0,0,0.1,,,0,,200,222700,,10400000,10400000,,
1554.3,-124900,-6513490000,11616760000,3663,246.7,0,,-100,-5200000,52,"2023-01-31T10:10:00.000Z",1675159800000,52,52,52,0,100,0,,0,,Infinity,100,100,222800,,5200000,,5200000,
1554.3,-126800,-6612290000,11819560000,3663,246.7,0.3,1000,-1900,-98800000,52,"2023-01-31T10:12:00.000Z",1675159920000,52,52,52,25.6,74.4,0,0.6,0.8,,2.9,2900,3900,226700,,202800000,52000000,150800000,
1554.3,-128800,-6716290000,11923560000,3663,246.7,0,,-2000,-104000000,52,"2023-01-31T10:14:00.000Z",1675160040000,52,52,52,0,100,0,,0.5,,Infinity,2000,2000,228700,,104000000,,104000000,
1554.3,-135300,-7054290000,12469560000,3663,246.7,0.2,2000,-6500,-338000000,52,"2023-01-31T10:16:00.000Z",1675160160000,52,52,52,19,81,0,1.3,2.3,,4.3,8500,10500,239200,,546000000,104000000,442000000,
1554.3,-136300,-7106290000,12521560000,3663,246.7,0,,-1000,-52000000,52,"2023-01-31T10:18:00.000Z",1675160280000,52,52,52,0,100,0,,0.3,,Infinity,1000,1000,240200,,52000000,,52000000,
1554.3,-142000,-7402810000,13286160000,3663,246.7,0.4,4500,-5700,-296520000,52.1,"2023-01-31T10:20:00.000Z",1675160400000,52.4,52,52.1,30.6,69.4,0,2.9,2.8,,2.3,10200,14700,254900,,764600000,234040000,530560000,
1554.3,-142100,-7408020000,13291370000,3663,246.7,0,,-100,-5210000,52.1,"2023-01-31T10:22:00.000Z",1675160520000,52.1,52.1,52.1,0,100,0,,0,,Infinity,100,100,255000,,5210000,,5210000,
1554.3,-153800,-8016620000,14066690000,3663,246.7,0.1,1600,-11700,-608600000,52.1,"2023-01-31T10:24:00.000Z",1675160640000,52.2,52,52.1,10.7,89.3,0,1,3.6,,8.3,13300,14900,269900,,775320000,83360000,691960000,
1554.3,-157800,-8224020000,15345290000,3663,246.7,0.7,10300,-4000,-207400000,52,"2023-01-31T10:26:00.000Z",1675160760000,52,51.9,52,41.9,58.1,0,6.6,3.9,,1.4,14300,24600,294500,,1278600000,535600000,743000000,
1554.3,-156400,-8151220000,15418090000,3663,246.7,Infinity,1400,1400,72800000,52,"2023-01-31T10:28:00.000Z",1675160880000,52,52,52,100,0,0,0.9,,,0,,1400,295900,,72800000,72800000,,
1554.3,-151300,-7885510000,15683800000,3663,246.7,Infinity,5100,5100,265710000,52.1,"2023-01-31T10:30:00.000Z",1675161000000,52.1,52.1,52.1,100,0,0,3.3,,,0,,5100,301000,,265710000,265710000,,
1554.3,-152300,-7937610000,15735900000,3663,246.7,0,,-1000,-52100000,52.1,"2023-01-31T10:34:00.000Z",1675161240000,52.1,52.1,52.1,0,100,0,,0.3,,Infinity,1000,1000,302000,,52100000,,52100000,
1554.3,-170300,-8873610000,16671900000,3663,246.7,0,,-18000,-936000000,52,"2023-01-31T10:36:00.000Z",1675161360000,52,52,52,0,100,0,,4.9,,Infinity,18000,18000,320000,,936000000,,936000000,
1554.3,-170100,-8863210000,16682300000,3663,246.7,Infinity,200,200,10400000,52,"2023-01-31T10:38:00.000Z",1675161480000,52,52,52,100,0,0,0.1,,,0,,200,320200,,10400000,10400000,,
1554.3,-169500,-8832010000,16713500000,3663,246.7,Infinity,600,600,31200000,52,"2023-01-31T10:40:00.000Z",1675161600000,52,52,52,100,0,0,0.4,,,0,,600,320800,,31200000,31200000,,
1554.3,-169900,-8852660000,16848550000,3663,246.7,0.7,1100,-400,-20650000,52,"2023-01-31T10:42:00.000Z",1675161720000,52,51.9,51.9,42.3,57.7,0,0.7,0.4,,1.4,1500,2600,323400,,135050000,57200000,77850000,
1554.3,-167700,-8738260000,16962950000,3663,246.7,Infinity,2200,2200,114400000,52,"2023-01-31T10:44:00.000Z",1675161840000,52,52,52,100,0,0,1.4,,,0,,2200,325600,,114400000,114400000,,
1554.3,-168200,-8764260000,16988950000,3663,246.7,0,,-500,-26000000,52,"2023-01-31T10:46:00.000Z",1675161960000,52,52,52,0,100,0,,0.1,,Infinity,500,500,326100,,26000000,,26000000,
1554.3,-167300,-8717460000,17035750000,3663,246.7,Infinity,900,900,46800000,52,"2023-01-31T10:50:00.000Z",1675162200000,52,52,52,100,0,0,0.6,,,0,,900,327000,,46800000,46800000,,
1554.3,-161600,-8421060000,17332150000,3663,246.7,Infinity,5700,5700,296400000,52,"2023-01-31T10:52:00.000Z",1675162320000,52,52,52,100,0,0,3.7,,,0,,5700,332700,,296400000,296400000,,
1554.3,-170900,-8903360000,17819650000,3663,246.7,0,,-9300,-482300000,51.8,"2023-01-31T10:54:00.000Z",1675162440000,52,51.8,52,0,98.9,1.1,,2.5,0.4,Infinity,9300,9400,342100,100,487500000,,482300000,5200000
1554.3,-170800,-8898160000,17845650000,3663,246.7,1.5,300,100,5200000,52,"2023-01-31T10:56:00.000Z",1675162560000,52,52,52,60,40,0,0.2,0.1,,0.7,200,500,342600,,26000000,15600000,10400000,
1554.3,-170400,-8877360000,17866450000,3663,246.7,Infinity,400,400,20800000,52,"2023-01-31T10:58:00.000Z",1675162680000,52,52,52,100,0,0,0.3,,,0,,400,343000,,20800000,20800000,,
1554.3,-171000,-8908560000,17897650000,3663,246.7,0,,-600,-31200000,52,"2023-01-31T11:06:00.000Z",1675163160000,52,52,52,0,100,0,,0.2,,Infinity,600,600,343600,,31200000,,31200000,
1554.3,-170200,-8866860000,17960150000,3663,246.7,5,1000,800,41700000,52.1,"2023-01-31T11:10:00.000Z",1675163400000,52.1,52,52,83.3,16.7,0,0.6,0.1,,0.2,200,1200,344800,,62500000,52100000,10400000,
1554.3,-170000,-8856440000,17980990000,3663,246.7,3,300,200,10420000,52.1,"2023-01-31T11:16:00.000Z",1675163760000,52.1,52.1,52.1,75,25,0,0.2,0,,0.3,100,400,345200,,20840000,15630000,5210000,
1554.3,-171000,-8908440000,18032990000,3663,246.7,0,,-1000,-52000000,52,"2023-01-31T11:18:00.000Z",1675163880000,52,52,52,0,100,0,,0.3,,Infinity,1000,1000,346200,,52000000,,52000000,
1554.3,-171000,-8908440000,18231710000,3663,246.7,NaN,,0,0,52.3,"2023-01-31T11:20:00.000Z",1675164000000,52.3,52.1,52.1,0,0,100,,,15.4,NaN,,3800,350000,3800,198720000,,,198720000
1554.3,-172000,-8960840000,18284110000,3663,246.7,0,,-1000,-52400000,52.4,"2023-01-31T11:30:00.000Z",1675164600000,52.4,52.4,52.4,0,100,0,,0.3,,Infinity,1000,1000,351000,,52400000,,52400000,
1554.3,-172500,-8986990000,18310260000,3663,246.7,0,,-500,-26150000,52.3,"2023-01-31T13:00:00.000Z",1675170000000,52.3,52.3,52.3,0,100,0,,0.1,,Infinity,500,500,351500,,26150000,,26150000,
1554.3,-172700,-8997450000,18320720000,3663,246.7,0,,-200,-10460000,52.3,"2023-01-31T13:04:00.000Z",1675170240000,52.3,52.3,52.3,0,100,0,,0.1,,Infinity,200,200,351700,,10460000,,10460000,
1554.3,-172900,-9007910000,18331180000,3663,246.7,0,,-200,-10460000,52.3,"2023-01-31T13:06:00.000Z",1675170360000,52.3,52.3,52.3,0,100,0,,0.1,,Infinity,200,200,351900,,10460000,,10460000,
1554.3,-171900,-8955410000,18388930000,3663,246.7,Infinity,1000,1000,52500000,52.5,"2023-01-31T13:12:00.000Z",1675170720000,52.5,52.5,52.5,90.9,0,9.1,0.6,,0.4,0,,1100,353000,100,57750000,52500000,,5250000
1554.3,-172100,-8965890000,18399410000,3663,246.7,0,,-200,-10480000,52.4,"2023-01-31T13:14:00.000Z",1675170840000,52.4,52.4,52.4,0,100,0,,0.1,,Infinity,200,200,353200,,10480000,,10480000,
1554.3,-172500,-8986860000,18430940000,3663,246.7,0.2,100,-400,-20970000,52.5,"2023-01-31T13:18:00.000Z",1675171080000,52.8,52.5,52.8,16.7,83.3,0,0.1,0.1,,5,500,600,353800,,31530000,5280000,26250000,
1554.3,-158500,-8244940000,19172860000,3663,246.7,Infinity,14000,14000,741920000,53,"2023-01-31T13:24:00.000Z",1675171440000,53,52.8,52.8,100,0,0,9,,,0,,14000,367800,,741920000,741920000,,
1554.3,-157200,-8175860000,19305560000,3663,246.7,3.2,1900,1300,69080000,53.1,"2023-01-31T13:26:00.000Z",1675171560000,53.1,53,53.1,76,24,0,1.2,0.2,,0.3,600,2500,370300,,132700000,100890000,31810000,
1554.3,-156500,-8138450000,19714630000,3663,246.7,1.2,3900,700,37410000,53,"2023-01-31T13:28:00.000Z",1675171680000,53.5,53,53.2,50.6,41.6,7.8,2.5,0.9,2.4,0.8,3200,7700,378000,600,409070000,207340000,169930000,31800000
1554.3,-161100,-8382250000,19958430000,3663,246.7,0,,-4600,-243800000,53,"2023-01-31T13:30:00.000Z",1675171800000,53,53,53,0,100,0,,1.3,,Infinity,4600,4600,382600,,243800000,,243800000,
1554.3,-160800,-8366350000,19974330000,3663,246.7,Infinity,300,300,15900000,53,"2023-01-31T13:32:00.000Z",1675171920000,53,53,53,100,0,0,0.2,,,0,,300,382900,,15900000,15900000,,
1554.3,-166400,-8659770000,20585550000,3663,246.7,0.3,3000,-5600,-293420000,52.5,"2023-01-31T13:34:00.000Z",1675172040000,53,52.5,53,25.9,74.1,0,1.9,2.3,,2.9,8600,11600,394500,,611220000,158900000,452320000,
1554.3,-165200,-8596770000,20648550000,3663,246.7,Infinity,1200,1200,63000000,52.5,"2023-01-31T13:36:00.000Z",1675172160000,52.5,52.5,52.5,100,0,0,0.8,,,0,,1200,395700,,63000000,63000000,,
1554.3,-165300,-8602070000,20685650000,3663,246.7,0.8,300,-100,-5300000,53,"2023-01-31T13:38:00.000Z",1675172280000,53,53,53,42.9,57.1,0,0.2,0.1,,1.3,400,700,396400,,37100000,15900000,21200000,
1554.3,-161000,-8374170000,20913550000,3663,246.7,Infinity,4300,4300,227900000,53,"2023-01-31T13:40:00.000Z",1675172400000,53,53,53,100,0,0,2.8,,,0,,4300,400700,,227900000,227900000,,
1554.3,-160900,-8368880000,20918840000,3663,246.7,Infinity,100,100,5290000,52.9,"2023-01-31T13:42:00.000Z",1675172520000,52.9,52.9,52.9,100,0,0,0.1,,,0,,100,400800,,5290000,5290000,,
1554.3,-158300,-8231000000,21056720000,3663,246.7,Infinity,2600,2600,137880000,53.1,"2023-01-31T13:44:00.000Z",1675172640000,53.1,53,53,100,0,0,1.7,,,0,,2600,403400,,137880000,137880000,,
1554.3,-160400,-8342300000,21199820000,3663,246.7,0.1,300,-2100,-111300000,53,"2023-01-31T13:46:00.000Z",1675172760000,53,53,53,11.1,88.9,0,0.2,0.7,,8,2400,2700,406100,,143100000,15900000,127200000,
1554.3,-158900,-8262750000,21332270000,3663,246.7,4,2000,1500,79550000,52.9,"2023-01-31T13:48:00.000Z",1675172880000,53,52.9,53,80,20,0,1.3,0.1,,0.3,500,2500,408600,,132450000,106000000,26450000,
1554.3,-160200,-8331500000,21485700000,3663,246.7,0.4,800,-1300,-68750000,52.9,"2023-01-31T13:50:00.000Z",1675173000000,53,52.9,52.9,27.6,72.4,0,0.5,0.6,,2.6,2100,2900,411500,,153430000,42340000,111090000,
1554.3,-160400,-8341960000,21601960000,3663,246.7,0.8,1000,-200,-10460000,52.8,"2023-01-31T13:52:00.000Z",1675173120000,52.9,52.8,52.9,45.5,54.5,0,0.6,0.3,,1.2,1200,2200,413700,,116260000,52900000,63360000,
1554.3,-160400,-8341950000,21617840000,3663,246.7,1,100,0,10000,53,"2023-01-31T13:54:00.000Z",1675173240000,53,52.9,52.9,33.3,33.3,33.3,0.1,0,0.4,1,100,300,414000,100,15880000,5300000,5290000,5290000
1554.3,-159700,-8304760000,21686650000,3663,246.7,3.3,1000,700,37190000,52.7,"2023-01-31T13:56:00.000Z",1675173360000,53,52.7,53,76.9,23.1,0,0.6,0.1,,0.3,300,1300,415300,,68810000,53000000,15810000,
1554.3,-162700,-8462860000,21844750000,3663,246.7,0,,-3000,-158100000,52.7,"2023-01-31T13:58:00.000Z",1675173480000,52.7,52.7,52.7,0,100,0,,0.8,,Infinity,3000,3000,418300,,158100000,,158100000,
1554.3,-173300,-9018980000,22400870000,3663,246.7,0,,-10600,-556120000,52.4,"2023-01-31T14:02:00.000Z",1675173720000,52.7,52.2,52.7,0,100,0,,2.9,,Infinity,10600,10600,428900,,556120000,,556120000,
1554.3,-202100,-10519660000,23901550000,3663,246.7,0,,-28800,-1500680000,52,"2023-01-31T14:06:00.000Z",1675173960000,52.5,52,52.5,0,100,0,,7.9,,Infinity,28800,28800,457700,,1500680000,,1500680000,
1554.3,-202100,-10519660000,23912090000,3663,246.7,NaN,,0,0,52.7,"2023-01-31T14:10:00.000Z",1675174200000,52.7,52.7,52.7,0,0,100,,,0.8,NaN,,200,457900,200,10540000,,,10540000
1554.3,-202900,-10561430000,24091400000,3663,246.7,0.6,1300,-800,-41770000,52.9,"2023-01-31T14:12:00.000Z",1675174320000,52.9,52.4,52.4,38.2,61.8,0,0.8,0.6,,1.6,2100,3400,461300,,179310000,68770000,110540000,
1554.3,-203200,-10577300000,24107270000,3663,246.7,0,,-300,-15870000,52.9,"2023-01-31T14:14:00.000Z",1675174440000,52.9,52.9,52.9,0,100,0,,0.1,,Infinity,300,300,461600,,15870000,,15870000,
1554.3,-205500,-10698880000,24292430000,3663,246.7,0.2,600,-2300,-121580000,52.8,"2023-01-31T14:16:00.000Z",1675174560000,53,52.8,52.9,17.1,82.9,0,0.4,0.8,,4.8,2900,3500,465100,,185160000,31790000,153370000,
1554.3,-198600,-10332890000,24658420000,3663,246.7,Infinity,6900,6900,365990000,53.1,"2023-01-31T14:18:00.000Z",1675174680000,53.1,52.9,52.9,100,0,0,4.4,,,0,,6900,472000,,365990000,365990000,,
1554.3,-197200,-10258550000,24732760000,3663,246.7,Infinity,1400,1400,74340000,53.1,"2023-01-31T14:20:00.000Z",1675174800000,53.1,53.1,53.1,100,0,0,0.9,,,0,,1400,473400,,74340000,74340000,,
1554.3,-199900,-10401720000,24875930000,3663,246.7,0,,-2700,-143170000,53,"2023-01-31T14:22:00.000Z",1675174920000,53.1,53,53.1,0,100,0,,0.7,,Infinity,2700,2700,476100,,143170000,,143170000,
1554.3,-193500,-10062520000,25215130000,3663,246.7,Infinity,6400,6400,339200000,53,"2023-01-31T14:24:00.000Z",1675175040000,53,53,53,100,0,0,4.1,,,0,,6400,482500,,339200000,339200000,,
1554.3,-194300,-10104990000,25586200000,3663,246.7,0.8,3100,-800,-42470000,53,"2023-01-31T14:26:00.000Z",1675175160000,53.1,53,53,44.3,55.7,0,2,1.1,,1.3,3900,7000,489500,,371070000,164300000,206770000,
1554.3,-194000,-10089090000,25655200000,3663,246.7,1.6,800,300,15900000,53.1,"2023-01-31T14:28:00.000Z",1675175280000,53.1,53,53,61.5,38.5,0,0.5,0.1,,0.6,500,1300,490800,,69000000,42450000,26550000,
1554.3,-194000,-10089090000,26283520000,3663,246.7,NaN,,0,0,52.8,"2023-01-31T14:44:00.000Z",1675176240000,52.8,52.8,52.8,0,0,100,,,48.2,NaN,,11900,502700,11900,628320000,,,628320000
