"abu","acum_busd","acum_busd_val","acum_val_bu","acum_val_sd","acum_val","avg_val_bu","avg_val_sd","rbusd","asd","auk","bs","bu","bu-sd","bu-sd_val","c","date","datetime","h","l","o","pbu","psd","puk","rbu","rsd","ruk","sb","sd","sum_vol","total_vol","uk","val","val_bu","val_sd","val_uk"
280252.2,157700,3051470000,12558935000,9507465000,22066400000,5389962500,4266285434.8,2.7,222456.5,42839.1,1.3,654100,157700,3051470000,19.15,"2023-01-31T09:15:00.000Z",1675156500000,19.25,19.1,19.15,56.9,43.1,0,2.3,2.2,,0.8,496400,1150500,1150500,,22066400000,12558935000,9507465000,
280252.2,262600,5080280000,18343080000,13262800000,31605880000,5389962500,4266285434.8,1.8,222456.5,42839.1,1.5,300500,104900,2028810000,19.2,"2023-01-31T09:20:00.000Z",1675156800000,19.3,19.15,19.2,60.6,39.4,0,1.1,0.9,,0.7,195600,496100,1646600,,9539480000,5784145000,3755335000,
280252.2,-256700,-4844175000,19692630000,24536805000,44229435000,5389962500,4266285434.8,-8.8,222456.5,42839.1,0.1,70500,-519300,-9924455000,19.1,"2023-01-31T09:25:00.000Z",1675157100000,19.2,19.1,19.2,10.7,89.3,0,0.3,2.7,,8.4,589800,660300,2306900,,12623555000,1349550000,11274005000,
280252.2,-233100,-4390340000,22448040000,26838380000,49286420000,5389962500,4266285434.8,0.4,222456.5,42839.1,1.2,144200,23600,453835000,19.15,"2023-01-31T09:30:00.000Z",1675157400000,19.15,19.05,19.05,54.5,45.5,0,0.5,0.5,,0.8,120600,264800,2571700,,5056985000,2755410000,2301575000,
280252.2,-412800,-7816535000,26535065000,34351600000,60886665000,5389962500,4266285434.8,-3,222456.5,42839.1,0.5,213500,-179700,-3426195000,19.1,"2023-01-31T09:35:00.000Z",1675157700000,19.2,19.05,19.15,35.2,64.8,0,0.8,1.8,,1.8,393200,606700,3178400,,11600245000,4087025000,7513220000,
280252.2,-193300,-3607855000,32756935000,36364790000,69121725000,5389962500,4266285434.8,3.7,222456.5,42839.1,3.1,324900,219500,4208680000,19.2,"2023-01-31T09:40:00.000Z",1675158000000,19.2,19.1,19.15,75.5,24.5,0,1.2,0.5,,0.3,105400,430300,3608700,,8235060000,6221870000,2013190000,
280252.2,-319000,-6014140000,34035060000,40049200000,74084260000,5389962500,4266285434.8,-2.1,222456.5,42839.1,0.3,66700,-125700,-2406285000,19.15,"2023-01-31T09:45:00.000Z",1675158300000,19.2,19.1,19.2,25.7,74.3,0,0.2,0.9,,2.9,192400,259100,3867800,,4962535000,1278125000,3684410000,
280252.2,-210100,-3925450000,37367160000,41292610000,78659770000,5389962500,4266285434.8,1.9,222456.5,42839.1,2.7,174000,108900,2088690000,19.15,"2023-01-31T09:50:00.000Z",1675158600000,19.15,19.1,19.15,72.8,27.2,0,0.6,0.3,,0.4,65100,239100,4106900,,4575510000,3332100000,1243410000,
280252.2,-562000,-10646220000,38167970000,48814190000,86982160000,5389962500,4266285434.8,-6,222456.5,42839.1,0.1,41900,-351900,-6720770000,19.1,"2023-01-31T09:55:00.000Z",1675158900000,19.15,19.1,19.15,9.6,90.4,0,0.1,1.8,,9.4,393800,435700,4542600,,8322390000,800810000,7521580000,
280252.2,-383600,-7233005000,44375560000,51608565000,95984125000,5389962500,4266285434.8,3,222456.5,42839.1,2.2,325000,178400,3413215000,19.15,"2023-01-31T10:00:00.000Z",1675159200000,19.15,19.05,19.15,68.9,31.1,0,1.2,0.7,,0.5,146600,471600,5014200,,9001965000,6207590000,2794375000,
280252.2,-552500,-10456840000,45220025000,55676865000,100896890000,5389962500,4266285434.8,-2.9,222456.5,42839.1,0.2,44100,-168900,-3223835000,19.15,"2023-01-31T10:05:00.000Z",1675159500000,19.15,19.1,19.1,17.2,82.8,0,0.2,1,,4.8,213000,257100,5271300,,4912765000,844465000,4068300000,
280252.2,-333600,-6261290000,52515960000,58777250000,111293210000,5389962500,4266285434.8,3.7,222456.5,42839.1,2.4,380800,218900,4195550000,19.2,"2023-01-31T10:10:00.000Z",1675159800000,19.2,19.15,19.15,70.2,29.8,0,1.4,0.7,,0.4,161900,542700,5814000,,10396320000,7295935000,3100385000,
280252.2,145600,2956710000,62976200000,60019490000,122995690000,5389962500,4266285434.8,8.2,222456.5,42839.1,8.4,543900,479200,9218000000,19.2,"2023-01-31T10:15:00.000Z",1675160100000,19.25,19.2,19.2,89.4,10.6,0,1.9,0.3,,0.1,64700,608600,6422600,,11702480000,10460240000,1242240000,
280252.2,1220700,23741500000,84672380000,60930880000,145603260000,5389962500,4266285434.8,18.5,222456.5,42839.1,23.8,1122200,1075100,20784790000,19.4,"2023-01-31T10:20:00.000Z",1675160400000,19.5,19.2,19.25,96,4,0,4,0.2,,0,47100,1169300,7591900,,22607570000,21696180000,911390000,
280252.2,1176000,22882205000,86556705000,63674500000,150231205000,5389962500,4266285434.8,-0.8,222456.5,42839.1,0.7,97400,-44700,-859295000,19.25,"2023-01-31T10:25:00.000Z",1675160700000,19.45,19.25,19.45,40.7,59.3,0,0.3,0.6,,1.5,142100,239500,7831400,,4627945000,1884325000,2743620000,
280252.2,1206200,23465870000,87450295000,63984425000,151434720000,5389962500,4266285434.8,0.5,222456.5,42839.1,2.9,46300,30200,583665000,19.25,"2023-01-31T10:30:00.000Z",1675161000000,19.3,19.25,19.25,74.2,25.8,0,0.2,0.1,,0.3,16100,62400,7893800,,1203515000,893590000,309925000,
280252.2,530700,10466925000,88633925000,78167000000,166802845000,5389962500,4266285434.8,-11.6,222456.5,42839.1,0.1,61600,-675500,-12998945000,19.2,"2023-01-31T10:35:00.000Z",1675161300000,19.3,19.2,19.3,7.7,92.3,0,0.2,3.3,0,12,737100,798800,8692600,100,15368125000,1183630000,14182575000,1920000
280252.2,367800,7349995000,89634245000,82284250000,171920415000,5389962500,4266285434.8,-2.8,222456.5,42839.1,0.2,52100,-162900,-3116930000,19.2,"2023-01-31T10:40:00.000Z",1675161600000,19.2,19.15,19.2,19.5,80.5,0,0.2,1,,4.1,215000,267100,8959700,,5117570000,1000320000,4117250000,
280252.2,232900,4767435000,92129930000,87362495000,179494345000,5389962500,4266285434.8,-2.3,222456.5,42839.1,0.5,130100,-134900,-2582560000,19.2,"2023-01-31T10:45:00.000Z",1675161900000,19.25,19.1,19.15,32.9,67.1,0,0.5,1.2,,2,265000,395100,9354800,,7573930000,2495685000,5078245000,
280252.2,236200,4832690000,92859505000,88026815000,180888240000,5389962500,4266285434.8,0.1,222456.5,42839.1,1.1,37900,3300,65255000,19.25,"2023-01-31T10:50:00.000Z",1675162200000,19.25,19.2,19.2,52.3,47.7,0,0.1,0.2,,0.9,34600,72500,9427300,,1393895000,729575000,664320000,
280252.2,244800,4999175000,93385030000,88385855000,181772805000,5389962500,4266285434.8,0.1,222456.5,42839.1,1.5,27300,8600,166485000,19.25,"2023-01-31T10:55:00.000Z",1675162500000,19.25,19.2,19.2,59.3,40.7,0,0.1,0.1,,0.7,18700,46000,9473300,,884565000,525525000,359040000,
280252.2,126900,2737025000,93974080000,91237055000,185213055000,5389962500,4266285434.8,-2,222456.5,42839.1,0.2,30600,-117900,-2262150000,19.2,"2023-01-31T11:00:00.000Z",1675162800000,19.25,19.2,19.25,17.1,82.9,0,0.1,0.7,,4.9,148500,179100,9652400,,3440250000,589050000,2851200000,
280252.2,182900,3812355000,96988485000,93176130000,190187655000,5389962500,4266285434.8,1,222456.5,42839.1,1.6,157000,56000,1075330000,19.2,"2023-01-31T11:05:00.000Z",1675163100000,19.25,19.15,19.25,60.6,39,0.4,0.6,0.5,0,0.6,101000,259100,9911500,1100,4974600000,3014405000,1939075000,21120000
280252.2,123600,2676755000,97061445000,94384690000,191469175000,5389962500,4266285434.8,-1,222456.5,42839.1,0.1,3800,-59300,-1135600000,19.2,"2023-01-31T11:10:00.000Z",1675163400000,19.2,19.15,19.2,5.7,94.3,0,0,0.3,,16.6,63100,66900,9978400,,1281520000,72960000,1208560000,
280252.2,28400,854520000,97385925000,96531405000,193940370000,5389962500,4266285434.8,-1.6,222456.5,42839.1,0.2,16900,-95200,-1822235000,19.15,"2023-01-31T11:15:00.000Z",1675163700000,19.2,19.15,19.2,13.1,86.9,0,0.1,0.5,,6.6,112100,129000,10107400,,2471194999.9999995,324480000,2146715000,
280252.2,-28900,-241725000,97789125000,98030850000,195843015000,5389962500,4266285434.8,-1,222456.5,42839.1,0.3,21000,-57300,-1096245000,19.2,"2023-01-31T11:20:00.000Z",1675164000000,19.2,19.15,19.2,21.1,78.9,0,0.1,0.4,,3.7,78300,99300,10206700,,1902645000,403200000,1499445000,
280252.2,-122500,-2033185000,98165445000,100198630000,198387115000,5389962500,4266285434.8,-1.6,222456.5,42839.1,0.2,19600,-93600,-1791460000,19.15,"2023-01-31T11:25:00.000Z",1675164300000,19.2,19.15,19.2,14.8,85.2,0,0.1,0.5,,5.8,113200,132800,10339500,,2544100000,376320000,2167780000,
280252.2,152700,3243845000,107028450000,103784605000,210836095000,5389962500,4266285434.8,4.7,222456.5,42839.1,2.5,462700,275200,5277030000,19.15,"2023-01-31T13:00:00.000Z",1675170000000,19.2,19.1,19.2,71.2,28.8,0,1.7,0.8,,0.4,187500,650200,10989700,,12448980000,8863005000,3585975000,
280252.2,13900,594050000,108278230000,107684180000,215985450000,5389962500,4266285434.8,-2.4,222456.5,42839.1,0.3,65200,-138800,-2649795000,19.15,"2023-01-31T13:05:00.000Z",1675170300000,19.2,19.1,19.15,24.2,75.8,0,0.2,0.9,,3.1,204000,269200,11258900,,5149355000,1249780000,3899575000,
280252.2,112700,2488905000,111380535000,108891630000,220295205000,5389962500,4266285434.8,1.7,222456.5,42839.1,2.6,162000,98800,1894855000,19.2,"2023-01-31T13:10:00.000Z",1675170600000,19.2,19.1,19.15,71.9,28.1,0,0.6,0.3,,0.4,63200,225200,11484100,,4309755000,3102305000,1207450000,
280252.2,410900,8268625000,125617890000,117349265000,242992115000,5389962500,4266285434.8,5.1,222456.5,42839.1,1.7,740600,298200,5779720000,19.3,"2023-01-31T13:15:00.000Z",1675170900000,19.3,19.1,19.2,62.6,37.4,0,2.6,2,0,0.6,442400,1183100,12667200,100,22696910000,14237355000,8457635000,1920000
280252.2,479700,9599335000,130769425000,121170090000,251964475000,5389962500,4266285434.8,1.2,222456.5,42839.1,1.3,267400,68800,1330710000,19.2,"2023-01-31T13:20:00.000Z",1675171200000,19.3,19.2,19.3,57.4,42.6,0,1,0.9,,0.7,198600,466000,13133200,,8972360000,5151535000,3820825000,
280252.2,457000,9167985000,132498075000,123330090000,255853125000,5389962500,4266285434.8,-0.4,222456.5,42839.1,0.8,89800,-22700,-431350000,19.2,"2023-01-31T13:25:00.000Z",1675171500000,19.25,19.2,19.25,44.4,55.6,0,0.3,0.5,,1.3,112500,202300,13335500,,3888650000,1728650000,2160000000,
280252.2,509700,10192220000,140657600000,130465380000,271147940000,5389962500,4266285434.8,0.9,222456.5,42839.1,1.1,424700,52700,1024235000,19.2,"2023-01-31T13:30:00.000Z",1675171800000,19.25,19.15,19.2,53.3,46.7,0,1.5,1.7,,0.9,372000,796700,14132200,,15294815000,8159525000,7135290000,
280252.2,875100,17212210000,147798535000,130586325000,278409820000,5389962500,4266285434.8,6.2,222456.5,42839.1,59,371700,365400,7019990000,19.25,"2023-01-31T13:35:00.000Z",1675172100000,19.25,19.15,19.2,98.3,1.7,0,1.3,0,,0,6300,378000,14510200,,7261880000,7140935000,120945000,
280252.2,701800,13886415000,148636620000,134750205000,283411785000,5389962500,4266285434.8,-3,222456.5,42839.1,0.2,43600,-173300,-3325795000,19.2,"2023-01-31T13:40:00.000Z",1675172400000,19.25,19.15,19.25,16.7,83.3,0,0.2,1,,5,216900,260500,14770700,,5001965000,838085000,4163880000,
280252.2,1315000,25686885000,160993890000,135307005000,296325855000,5389962500,4266285434.8,10.5,222456.5,42839.1,22.1,642200,613200,11800470000,19.3,"2023-01-31T13:45:00.000Z",1675172700000,19.3,19.2,19.2,95.7,4.3,0,2.3,0.1,,0,29000,671200,15441900,,12914070000,12357270000,556800000,
280252.2,962400,18910595000,169640700000,150730105000,320397690000,5389962500,4266285434.8,-6,222456.5,42839.1,0.6,448600,-352600,-6776290000,19.25,"2023-01-31T13:50:00.000Z",1675173000000,19.3,19.25,19.25,35.9,64.1,0,1.6,3.6,0,1.8,801200,1249900,16691800,100,24071835000,8646810000,15423100000,1925000
280252.2,915500,18011760000,170274025000,152262265000,322563175000,5389962500,4266285434.8,-0.8,222456.5,42839.1,0.4,32900,-46900,-898835000,19.2,"2023-01-31T13:55:00.000Z",1675173300000,19.25,19.2,19.25,29.2,70.8,0,0.1,0.4,,2.4,79800,112700,16804500,,2165485000,633325000,1532160000,
280252.2,789700,15602125000,173303000000,157700875000,331030760000,5389962500,4266285434.8,-2.1,222456.5,42839.1,0.6,157500,-125800,-2409635000,19.2,"2023-01-31T14:00:00.000Z",1675173600000,19.25,19.15,19.2,35.7,64.3,0,0.6,1.3,,1.8,283300,440800,17245300,,8467585000,3028975000,5438610000,
280252.2,631700,12577955000,177426990000,164849035000,342302910000,5389962500,4266285434.8,-2.7,222456.5,42839.1,0.6,214300,-158000,-3024170000,19.2,"2023-01-31T14:05:00.000Z",1675173900000,19.25,19.2,19.25,36.5,63.5,0,0.8,1.7,,1.7,372300,586600,17831900,,11272150000,4123990000,7148160000,
280252.2,456300,9218600000,181775760000,172557160000,354359805000,5389962500,4266285434.8,-3,222456.5,42839.1,0.6,227000,-175400,-3359355000,19.15,"2023-01-31T14:10:00.000Z",1675174200000,19.2,19.1,19.2,36.1,63.9,0,0.8,1.8,,1.8,402400,629400,18461300,,12056895000,4348770000,7708125000,
280252.2,1399700,27310110000,202455595000,175145485000,377627965000,5389962500,4266285434.8,16.1,222456.5,42839.1,8,1078600,943400,18091510000,19.2,"2023-01-31T14:15:00.000Z",1675174500000,19.2,19.1,19.15,88.9,11.1,0,3.8,0.6,,0.1,135200,1213800,19675100,,23268160000,20679835000,2588325000,
280252.2,1711700,33358425000,226038665000,192680240000,418745790000,5389962500,4266285434.8,5.4,222456.5,42839.1,1.3,1223200,312000,6048315000,19.3,"2023-01-31T14:20:00.000Z",1675174800000,19.3,19.2,19.2,57.3,42.7,0,4.4,4.1,,0.7,911200,2134400,21809500,,41117825000,23583070000,17534755000,
280252.2,2658600,51689145000,247938275000,196249130000,444214290000,5389962500,4266285434.8,16.3,222456.5,42839.1,6.1,1131700,946900,18330720000,19.4,"2023-01-31T14:25:00.000Z",1675175100000,19.4,19.25,19.3,86,14,0,4,0.8,,0.2,184800,1316500,23126000,,25468500000,21899610000,3568890000,
280252.2,2658600,51689145000,247938275000,196249130000,482515230000,5389962500,4266285434.8,0,222456.5,42839.1,NaN,,0,0,19.45,"2023-01-31T14:45:00.000Z",1675176300000,19.45,19.45,19.45,0,0,100,,,46,NaN,,1969200,25095200,1969200,38300940000,,,38300940000
