"abu","acum_busd","acum_busd_val","acum_val_bu","acum_val_sd","acum_val","avg_val_bu","avg_val_sd","rbusd","asd","auk","bs","bu","bu-sd","bu-sd_val","c","date","datetime","h","l","o","pbu","psd","puk","rbu","rsd","ruk","sb","sd","sum_vol","total_vol","uk","val","val_bu","val_sd","val_uk"
196236.8,2300,36340000,36340000,0,36340000,2949831184.2,1517768535.1,0,112112.3,0,Infinity,2300,2300,36340000,15.8,"2023-01-18T07:20:00.000Z",1674026400000,15.8,15.8,15.8,100,0,0,0,,,0,,2300,15666200,,36340000,36340000,,
196236.8,300,4940000,36340000,31400000,67740000,2949831184.2,1517768535.1,0,112112.3,0,0,,-2000,-31400000,15.7,"2023-01-18T07:25:00.000Z",1674026700000,15.7,15.7,15.7,0,100,0,,0,,Infinity,2000,2000,15782200,,31400000,,31400000,
196236.8,249400,471246000,537726000,66480000,604206000,2949831184.2,1517768535.1,0.3,112112.3,0,5.4,305400,249100,466306000,15.1,"2023-01-18T09:00:00.000Z",1674032400000,15.1,14.9,14.9,84.4,15.6,0,1.6,0.5,,0.2,56300,361700,361700,,536466000,501386000,35080000,
196236.8,245900,2584602000,2654897500,70295500,2725193000,2949831184.2,1517768535.1,1.5,112112.3,0,1,150300,-3500,2113356000,15,"2023-01-18T09:05:00.000Z",1674032700000,15.1,15,15.1,49.4,50.6,0,0.8,1.4,,1,153800,304100,665800,,2120987000,2117171500,3815500,
196236.8,399700,5095544500,5315517500,219973000,5535490500,2949831184.2,1517768535.1,1.8,112112.3,0,7.9,176200,153800,2510942500,15.1,"2023-01-18T09:10:00.000Z",1674033000000,15.1,15,15,88.7,11.3,0,0.9,0.2,,0.1,22400,198600,864400,,2810297500,2660620000,149677500,
196236.8,320800,3910624500,6469587500,2558963000,9028550500,2949831184.2,1517768535.1,-0.8,112112.3,0,0.5,76000,-78900,-1184920000,15.1,"2023-01-18T09:15:00.000Z",1674033300000,15.2,15.1,15.2,32.9,67.1,0,0.4,1.4,,2,154900,230900,1095300,,3493060000,1154070000,2338990000,
196236.8,444300,5781451500,8512557500,2731106000,11243663500,2949831184.2,1517768535.1,1.3,112112.3,0,11.6,135100,123500,1870827000,15.1,"2023-01-18T09:20:00.000Z",1674033600000,15.2,15,15,92.1,7.9,0,0.7,0.1,,0.1,11600,146700,1242000,,2215113000,2042970000,172143000,
196236.8,351000,4373551500,10776977500,6403426000,17180403500,2949831184.2,1517768535.1,-1,112112.3,0,0.6,149900,-93300,-1407900000,15.2,"2023-01-18T09:25:00.000Z",1674033900000,15.2,15.1,15.1,38.1,61.9,0,0.8,2.2,,1.6,243200,393100,1635100,,5936740000,2264420000,3672320000,
196236.8,440200,5758184000,13493467500,7735283500,21228751000,2949831184.2,1517768535.1,1,112112.3,0,2,179900,89200,1384632500,15.1,"2023-01-18T09:30:00.000Z",1674034200000,15.1,15,15.1,66.5,33.5,0,0.9,0.8,,0.5,90700,270600,1905700,,4048347500,2716490000,1331857500,
196236.8,441400,5918303000,14358897500,8440594500,22799492000,2949831184.2,1517768535.1,0.1,112112.3,0,1,57300,1200,160119000,15,"2023-01-18T09:35:00.000Z",1674034500000,15.2,15,15.1,50.5,49.5,0,0.3,0.5,,1,56100,113400,2019100,,1570741000,865430000,705311000,
196236.8,49700,6067803000,14514427500,8446624500,22961052000,2949831184.2,1517768535.1,0.1,112112.3,0,0,10300,-391700,149500000,15,"2023-01-18T09:40:00.000Z",1674034800000,15.1,15,15,2.5,97.5,0,0.1,3.6,,39,402000,412300,2431400,,161560000,155530000,6030000,
196236.8,35100,6364758500,14811897500,8447139000,23259036500,2949831184.2,1517768535.1,0.2,112112.3,0,0.6,19700,-14600,296955500,15.1,"2023-01-18T09:45:00.000Z",1674035100000,15.1,15,15,36.5,63.5,0,0.1,0.3,,1.7,34300,54000,2485400,,297984500,297470000,514500,
196236.8,21800,6474679500,14922127500,8447448000,23369575500,2949831184.2,1517768535.1,0.1,112112.3,0,0.4,7300,-13300,109921000,15,"2023-01-18T09:50:00.000Z",1674035400000,15.1,15,15.1,26.2,73.8,0,0,0.2,,2.8,20600,27900,2513300,,110539000,110230000,309000,
196236.8,-40700,6926292000,15375127500,8448835500,23823963000,2949831184.2,1517768535.1,0.3,112112.3,0,0.3,30000,-62500,451612500,15,"2023-01-18T09:55:00.000Z",1674035700000,15.1,15,15,24.5,75.5,0,0.2,0.8,,3.1,92500,122500,2635800,,454387500,453000000,1387500,
196236.8,337000,12771961000,21293417500,8521456500,29814874000,2949831184.2,1517768535.1,4.1,112112.3,0,27.6,391900,377700,5845669000,15.2,"2023-01-18T10:00:00.000Z",1674036000000,15.2,15,15.1,96.5,3.5,0,2,0.1,,0,14200,406100,3041900,,5990911000,5918290000,72621000,
196236.8,1540000,31061201000,39676897500,8615696500,48292594000,2949831184.2,1517768535.1,12.8,112112.3,0,195,1209200,1203000,18289240000,15.3,"2023-01-18T10:05:00.000Z",1674036300000,15.3,15.2,15.2,99.5,0.5,0,6.2,0.1,,0,6200,1215400,4257300,,18477720000,18383480000,94240000,
196236.8,1469300,29988231000,39932407500,9944176500,49876584000,2949831184.2,1517768535.1,-0.7,112112.3,0,0.2,16700,-70700,-1072970000,15.3,"2023-01-18T10:10:00.000Z",1674036600000,15.3,15.2,15.3,16,84,0,0.1,0.8,,5.2,87400,104100,4361400,,1583990000,255510000,1328480000,
196236.8,1503900,30520041000,40833577500,10313536500,51147114000,2949831184.2,1517768535.1,0.4,112112.3,0,2.4,58900,34600,531810000,15.2,"2023-01-18T10:15:00.000Z",1674036900000,15.3,15.2,15.2,70.8,29.2,0,0.3,0.2,,0.4,24300,83200,4444600,,1270530000,901170000,369360000,
196236.8,1567800,31498731000,41967307500,10468576500,52435884000,2949831184.2,1517768535.1,0.7,112112.3,0,7.3,74100,63900,978690000,15.2,"2023-01-18T10:20:00.000Z",1674037200000,15.3,15.2,15.3,87.9,12.1,0,0.4,0.1,,0.1,10200,84300,4528900,,1288770000,1133730000,155040000,
196236.8,1347800,28154731000,44913067500,16758336500,61671404000,2949831184.2,1517768535.1,-2.3,112112.3,0,0.5,193800,-220000,-3344000000,15.2,"2023-01-18T10:25:00.000Z",1674037500000,15.2,15.2,15.2,31.9,68.1,0,1,3.7,,2.1,413800,607600,5136500,,9235520000,2945760000,6289760000,
196236.8,1351200,28208761000,45321947500,17113186500,62435134000,2949831184.2,1517768535.1,0,112112.3,0,1.1,26900,3400,54030000,15.1,"2023-01-18T10:30:00.000Z",1674037800000,15.2,15.1,15.2,53.4,46.6,0,0.1,0.2,,0.9,23500,50400,5186900,,763730000,408880000,354850000,
196236.8,1689300,33350921000,50851367500,17500446500,68351814000,2949831184.2,1517768535.1,3.6,112112.3,0,14.2,363700,338100,5142160000,15.3,"2023-01-18T10:35:00.000Z",1674038100000,15.3,15.1,15.1,93.4,6.6,0,1.9,0.2,,0.1,25600,389300,5576200,,5916680000,5529420000,387260000,
196236.8,1704600,33586681000,51340967500,17754286500,69095254000,2949831184.2,1517768535.1,0.2,112112.3,0,1.9,32000,15300,235760000,15.3,"2023-01-18T10:40:00.000Z",1674038400000,15.3,15.2,15.3,65.7,34.3,0,0.2,0.1,,0.5,16700,48700,5624900,,743440000,489600000,253840000,
196236.8,1708100,33641361000,51567407500,17926046500,69493454000,2949831184.2,1517768535.1,0,112112.3,0,1.3,14800,3500,54680000,15.3,"2023-01-18T10:45:00.000Z",1674038700000,15.3,15.2,15.2,56.7,43.3,0,0.1,0.1,,0.8,11300,26100,5651000,,398200000,226440000,171760000,
196236.8,1641900,32636151000,51724997500,19088846500,70813844000,2949831184.2,1517768535.1,-0.7,112112.3,0,0.1,10300,-66200,-1005210000,15.3,"2023-01-18T10:50:00.000Z",1674039000000,15.3,15.2,15.2,11.9,88.1,0,0.1,0.7,,7.4,76500,86800,5737800,,1320390000,157590000,1162800000,
196236.8,1634600,32526541000,51931547500,19405006500,71336554000,2949831184.2,1517768535.1,-0.1,112112.3,0,0.6,13500,-7300,-109610000,15.2,"2023-01-18T10:55:00.000Z",1674039300000,15.3,15.2,15.3,39.4,60.6,0,0.1,0.2,,1.5,20800,34300,5772100,,522710000,206550000,316160000,
196236.8,1591000,31867551000,52502237500,20634686500,73136924000,2949831184.2,1517768535.1,-0.5,112112.3,0,0.5,37300,-43600,-658990000,15.2,"2023-01-18T11:00:00.000Z",1674039600000,15.3,15.2,15.3,31.6,68.4,0,0.2,0.7,,2.2,80900,118200,5890300,,1800370000,570690000,1229680000,
196236.8,1576400,31656231000,54124037500,22467806500,76591844000,2949831184.2,1517768535.1,-0.1,112112.3,0,0.9,106000,-14600,-211320000,15.2,"2023-01-18T11:05:00.000Z",1674039900000,15.3,15.2,15.2,46.8,53.2,0,0.5,1.1,,1.1,120600,226600,6116900,,3454920000,1621800000,1833120000,
196236.8,2515300,46021461000,68750837500,22729376500,91480214000,2949831184.2,1517768535.1,10,112112.3,0,55.9,956000,938900,14365230000,15.3,"2023-01-18T11:10:00.000Z",1674040200000,15.3,15.2,15.2,98.2,1.8,0,4.9,0.2,,0,17100,973100,7090000,,14888370000,14626800000,261570000,
196236.8,2995700,53441001000,79781857500,26340856500,106122714000,2949831184.2,1517768535.1,5.2,112112.3,0,3,716300,480400,7419540000,15.4,"2023-01-18T11:15:00.000Z",1674040500000,15.4,15.3,15.3,75.2,24.8,0,3.7,2.1,,0.3,235900,952200,8042200,,14642500000,11031020000,3611480000,
196236.8,2908500,52106201000,81034257500,28928056500,109962314000,2949831184.2,1517768535.1,-0.9,112112.3,0,0.5,80800,-87200,-1334800000,15.4,"2023-01-18T11:20:00.000Z",1674040800000,15.5,15.4,15.4,32.5,67.5,0,0.4,1.5,,2.1,168000,248800,8291000,,3839600000,1252400000,2587200000,
196236.8,2934100,52509191000,82390507500,29881316500,112271824000,2949831184.2,1517768535.1,0.3,112112.3,0,1.4,87500,25600,402990000,15.4,"2023-01-18T11:25:00.000Z",1674041100000,15.5,15.4,15.4,58.6,41.4,0,0.4,0.6,,0.7,61900,149400,8440400,,2309510000,1356250000,953260000,
196236.8,2934000,52507651000,82390507500,29882856500,112273364000,2949831184.2,1517768535.1,0,112112.3,0,0,,-100,-1540000,15.4,"2023-01-18T11:30:00.000Z",1674041400000,15.4,15.4,15.4,0,100,0,,0,,Infinity,100,100,8440500,,1540000,,1540000,
196236.8,3065200,54528801000,86975227500,32446426500,119421654000,2949831184.2,1517768535.1,1.4,112112.3,0,1.8,297700,131200,2021150000,15.4,"2023-01-18T13:00:00.000Z",1674046800000,15.5,15.3,15.4,64.1,35.9,0,1.5,1.5,,0.6,166500,464200,8904700,,7148290000,4584720000,2563570000,
196236.8,3086300,54854861000,87472647500,32617786500,120090434000,2949831184.2,1517768535.1,0.2,112112.3,0,2.9,32300,21100,326060000,15.3,"2023-01-18T13:05:00.000Z",1674047100000,15.4,15.3,15.4,74.3,25.7,0,0.2,0.1,,0.3,11200,43500,8948200,,668780000,497420000,171360000,
196236.8,2774000,50079071000,87842247500,37763176500,125605424000,2949831184.2,1517768535.1,-3.3,112112.3,0,0.1,24000,-312300,-4775790000,15.4,"2023-01-18T13:10:00.000Z",1674047400000,15.4,15.3,15.4,6.7,93.3,0,0.1,3,,14,336300,360300,9308500,,5514990000,369600000,5145390000,
196236.8,3172200,56211591000,94545967500,38334376500,132880344000,2949831184.2,1517768535.1,4.3,112112.3,0,11.7,435300,398200,6132520000,15.4,"2023-01-18T13:15:00.000Z",1674047700000,15.5,15.3,15.4,92.1,7.9,0,2.2,0.3,,0.1,37100,472400,9780900,,7274920000,6703720000,571200000,
196236.8,3072500,54677711000,94778467500,40100756500,134879224000,2949831184.2,1517768535.1,-1.1,112112.3,0,0.1,15000,-99700,-1533880000,15.5,"2023-01-18T13:20:00.000Z",1674048000000,15.5,15.4,15.4,11.6,88.4,0,0.1,1,,7.6,114700,129700,9910600,,1998880000,232500000,1766380000,
196236.8,3019000,53857001000,95272917500,41415916500,136688834000,2949831184.2,1517768535.1,-0.6,112112.3,0,0.4,31900,-53500,-820710000,15.5,"2023-01-18T13:25:00.000Z",1674048300000,15.5,15.4,15.4,27.2,72.8,0,0.2,0.8,,2.7,85400,117300,10027900,,1809610000,494450000,1315160000,
196236.8,3005500,53653921000,96020017500,42366096500,138386114000,2949831184.2,1517768535.1,-0.1,112112.3,0,0.8,48200,-13500,-203080000,15.5,"2023-01-18T13:30:00.000Z",1674048600000,15.5,15.4,15.4,43.9,56.1,0,0.2,0.6,,1.3,61700,109900,10137800,,1697280000,747100000,950180000,
196236.8,3873400,67115991000,111471967500,44355976500,155827944000,2949831184.2,1517768535.1,9.4,112112.3,0,7.7,996900,867900,13462070000,15.5,"2023-01-18T13:35:00.000Z",1674048900000,15.5,15.4,15.4,88.5,11.5,0,5.1,1.2,,0.1,129000,1125900,11263700,,17441830000,15451950000,1989880000,
196236.8,5057800,85659661000,134364927500,48705266500,183070194000,2949831184.2,1517768535.1,12.9,112112.3,0,5.3,1461800,1184400,18543670000,15.6,"2023-01-18T13:40:00.000Z",1674049200000,15.8,15.5,15.5,84.1,15.9,0,7.4,2.5,,0.2,277400,1739200,13002900,,27242250000,22892960000,4349290000,
196236.8,5072300,85888521000,136592187500,50703666500,187295854000,2949831184.2,1517768535.1,0.2,112112.3,0,1.1,142700,14500,228860000,15.6,"2023-01-18T13:45:00.000Z",1674049500000,15.7,15.5,15.6,52.7,47.3,0,0.7,1.1,,0.9,128200,270900,13273800,,4225660000,2227260000,1998400000,
196236.8,5225400,88289441000,140128787500,51839346500,191968134000,2949831184.2,1517768535.1,1.7,112112.3,0,3.1,225900,153100,2400920000,15.6,"2023-01-18T13:50:00.000Z",1674049800000,15.7,15.6,15.6,75.6,24.4,0,1.2,0.6,,0.3,72800,298700,13572500,,4672280000,3536600000,1135680000,
196236.8,5404500,91105021000,147310347500,56205326500,203515674000,2949831184.2,1517768535.1,2,112112.3,0,1.6,457300,179100,2815580000,15.7,"2023-01-18T13:55:00.000Z",1674050100000,15.8,15.6,15.7,62.2,37.8,0,2.3,2.5,,0.6,278200,735500,14308000,,11547540000,7181560000,4365980000,
196236.8,5632600,94686711000,151276167500,56589456500,207865624000,2949831184.2,1517768535.1,2.5,112112.3,0,10.3,252600,228100,3581690000,15.7,"2023-01-18T14:00:00.000Z",1674050400000,15.7,15.6,15.6,91.2,8.8,0,1.3,0.2,,0.1,24500,277100,14585100,,4349950000,3965820000,384130000,
196236.8,5290200,89311651000,151945357500,62633706500,214579064000,2949831184.2,1517768535.1,-3.8,112112.3,0,0.1,42600,-342400,-5375060000,15.7,"2023-01-18T14:05:00.000Z",1674050700000,15.8,15.6,15.8,10,90,0,0.2,3.4,,9,385000,427600,15012700,,6713440000,669190000,6044250000,
196236.8,5348700,90233601000,153413307500,63179706500,216593014000,2949831184.2,1517768535.1,0.6,112112.3,0,2.7,93500,58500,921950000,15.7,"2023-01-18T14:10:00.000Z",1674051000000,15.7,15.6,15.6,72.8,27.2,0,0.5,0.3,,0.4,35000,128500,15141200,,2013950000,1467950000,546000000,
196236.8,5514800,92841481000,158741887500,65900406500,224642294000,2949831184.2,1517768535.1,1.8,112112.3,0,2,339400,166100,2607880000,15.7,"2023-01-18T14:15:00.000Z",1674051300000,15.7,15.6,15.7,66.2,33.8,0,1.7,1.5,,0.5,173300,512700,15653900,,8049280000,5328580000,2720700000,
196236.8,5513900,92831321000,159369147500,66537826500,225906974000,2949831184.2,1517768535.1,0,112112.3,0,1,39700,-900,-10160000,15.8,"2023-01-18T14:20:00.000Z",1674051600000,15.8,15.7,15.7,49.4,50.6,0,0.2,0.4,,1,40600,80300,15736500,,1264680000,627260000,637420000,
196236.8,5294600,89394121000,161926207500,72532086500,234458294000,2949831184.2,1517768535.1,-2.4,112112.3,0,0.4,162600,-219300,-3437200000,15.7,"2023-01-18T14:25:00.000Z",1674051900000,15.8,15.6,15.8,29.9,70.1,0,0.8,3.4,,2.3,381900,544500,16283000,,8551320000,2557060000,5994260000,
196236.8,5310000,89648631000,164166597500,74517966500,238684564000,2949831184.2,1517768535.1,0.2,112112.3,0,1.1,142700,15400,254510000,15.6,"2023-01-18T14:30:00.000Z",1674052200000,15.7,15.6,15.6,52.9,47.1,0,0.7,1.1,,0.9,127300,270000,16553000,,4226270000,2240390000,1985880000,
196236.8,5328500,89942911000,165058357500,75115446500,240173804000,2949831184.2,1517768535.1,0.2,112112.3,0,1.5,56800,18500,294280000,15.6,"2023-01-18T14:35:00.000Z",1674052500000,15.7,15.6,15.6,59.7,40.3,0,0.3,0.3,,0.7,38300,95100,16648100,,1489240000,891760000,597480000,
196236.8,5304500,89572951000,165755437500,76182486500,241937924000,2949831184.2,1517768535.1,-0.3,112112.3,0,0.6,44400,-24000,-369960000,15.6,"2023-01-18T14:40:00.000Z",1674052800000,15.7,15.6,15.6,39.4,60.6,0,0.2,0.6,,1.5,68400,112800,16760900,,1764120000,697080000,1067040000,
196236.8,5054600,85674981000,165829227500,80154246500,245983474000,2949831184.2,1517768535.1,-2.7,112112.3,0,0,4700,-249900,-3897970000,15.6,"2023-01-18T14:45:00.000Z",1674053100000,15.7,15.6,15.6,1.8,98.2,0,0,2.3,,54.2,254600,259300,17020200,,4045550000,73790000,3971760000,
196236.8,4818600,81993451000,167208337500,85214886500,252423224000,2949831184.2,1517768535.1,-2.6,112112.3,0,0.3,88400,-236000,-3681530000,15.6,"2023-01-18T14:50:00.000Z",1674053400000,15.7,15.6,15.6,21.4,78.6,0,0.5,2.9,,3.7,324400,412800,17433000,,6439750000,1379110000,5060640000,
196236.8,4795100,81627571000,168140377500,86512806500,254653184000,2949831184.2,1517768535.1,-0.3,112112.3,0,0.7,59700,-23500,-365880000,15.7,"2023-01-18T14:55:00.000Z",1674053700000,15.7,15.6,15.6,41.8,58.2,0,0.3,0.7,,1.4,83200,142900,17575900,,2229960000,932040000,1297920000,
