"abu","acum_busd","acum_busd_val","acum_val","asd","auk","bs","bu","bu-sd","bu-sd_val","c","date","datetime","h","l","o","pbu","psd","puk","rbu","rsd","ruk","sb","sd","sum_vol","total_vol","uk","val","val_bu","val_sd","val_uk"
438.8,0,0,11880000,806.1,36.7,NaN,,0,0,7.92,"2023-01-18T09:14:00.000Z",1674033240000,7.92,7.92,7.92,0,0,100,,,40.9,NaN,,1500,1500,1500,11880000,,,11880000
438.8,-100,-800000,12680000,806.1,36.7,0,,-100,-800000,8,"2023-01-18T09:18:00.000Z",1674033480000,8,8,8,0,100,0,,0.1,,Infinity,100,100,1600,,800000,,800000,
438.8,700,5656000,19136000,806.1,36.7,Infinity,800,800,6456000,8.07,"2023-01-18T09:20:00.000Z",1674033600000,8.07,8.07,8.07,100,0,0,1.8,,,0,,800,2400,,6456000,6456000,,
438.8,200,1656000,23136000,806.1,36.7,0,,-500,-4000000,8,"2023-01-18T09:22:00.000Z",1674033720000,8,8,8,0,100,0,,0.6,,Infinity,500,500,2900,,4000000,,4000000,
438.8,-300,-2344000,27136000,806.1,36.7,0,,-500,-4000000,8,"2023-01-18T09:24:00.000Z",1674033840000,8,8,8,0,100,0,,0.6,,Infinity,500,500,3400,,4000000,,4000000,
438.8,-800,-6350000,31142000,806.1,36.7,0,,-500,-4006000,8,"2023-01-18T09:26:00.000Z",1674033960000,8.02,8,8.02,0,100,0,,0.6,,Infinity,500,500,3900,,4006000,,4006000,
438.8,-2000,-15950000,40742000,806.1,36.7,0,,-1200,-9600000,8,"2023-01-18T09:28:00.000Z",1674034080000,8,8,8,0,100,0,,1.5,,Infinity,1200,1200,5100,,9600000,,9600000,
438.8,-2600,-20732000,45524000,806.1,36.7,0,,-600,-4782000,7.91,"2023-01-18T09:30:00.000Z",1674034200000,8,7.91,8,0,100,0,,0.7,,Infinity,600,600,5700,,4782000,,4782000,
438.8,-2700,-21527000,46319000,806.1,36.7,0,,-100,-795000,7.95,"2023-01-18T09:44:00.000Z",1674035040000,7.95,7.95,7.95,0,100,0,,0.1,,Infinity,100,100,5800,,795000,,795000,
438.8,-3100,-24707000,49499000,806.1,36.7,0,,-400,-3180000,7.95,"2023-01-18T09:46:00.000Z",1674035160000,7.95,7.95,7.95,0,100,0,,0.5,,Infinity,400,400,6200,,3180000,,3180000,
438.8,-3000,-23912000,50294000,806.1,36.7,Infinity,100,100,795000,7.95,"2023-01-18T09:50:00.000Z",1674035400000,7.95,7.95,7.95,100,0,0,0.2,,,0,,100,6300,,795000,795000,,
438.8,-3100,-24707000,51089000,806.1,36.7,0,,-100,-795000,7.95,"2023-01-18T09:54:00.000Z",1674035640000,7.95,7.95,7.95,0,100,0,,0.1,,Infinity,100,100,6400,,795000,,795000,
438.8,-4400,-35042000,61424000,806.1,36.7,0,,-1300,-10335000,7.95,"2023-01-18T09:58:00.000Z",1674035880000,7.95,7.95,7.95,0,100,0,,1.6,,Infinity,1300,1300,7700,,10335000,,10335000,
438.8,-4300,-34247000,62219000,806.1,36.7,Infinity,100,100,795000,7.95,"2023-01-18T10:00:00.000Z",1674036000000,7.95,7.95,7.95,100,0,0,0.2,,,0,,100,7800,,795000,795000,,
438.8,-3300,-26297000,70169000,806.1,36.7,Infinity,1000,1000,7950000,7.95,"2023-01-18T10:02:00.000Z",1674036120000,7.95,7.95,7.95,100,0,0,2.3,,,0,,1000,8800,,7950000,7950000,,
438.8,-3400,-27090000,70962000,806.1,36.7,0,,-100,-793000,7.93,"2023-01-18T10:04:00.000Z",1674036240000,7.93,7.93,7.93,0,100,0,,0.1,,Infinity,100,100,8900,,793000,,793000,
438.8,-3100,-24705000,73347000,806.1,36.7,Infinity,300,300,2385000,7.95,"2023-01-18T10:08:00.000Z",1674036480000,7.95,7.95,7.95,100,0,0,0.7,,,0,,300,9200,,2385000,2385000,,
438.8,-3200,-25499000,74141000,806.1,36.7,0,,-100,-794000,7.94,"2023-01-18T10:14:00.000Z",1674036840000,7.94,7.94,7.94,0,100,0,,0.1,,Infinity,100,100,9300,,794000,,794000,
438.8,-4200,-33430000,82072000,806.1,36.7,0,,-1000,-7931000,7.93,"2023-01-18T10:32:00.000Z",1674037920000,7.94,7.93,7.94,0,100,0,,1.2,,Infinity,1000,1000,10300,,7931000,,7931000,
438.8,-3100,-24685000,90817000,806.1,36.7,Infinity,1100,1100,8745000,7.95,"2023-01-18T10:36:00.000Z",1674038160000,7.95,7.95,7.95,100,0,0,2.5,,,0,,1100,11400,,8745000,8745000,,
438.8,-3100,-24685000,92411000,806.1,36.7,NaN,,0,0,7.97,"2023-01-18T10:54:00.000Z",1674039240000,7.97,7.97,7.97,0,0,100,,,5.4,NaN,,200,11600,200,1594000,,,1594000
438.8,2700,21625000,138721000,806.1,36.7,Infinity,5800,5800,46310000,7.99,"2023-01-18T10:56:00.000Z",1674039360000,7.99,7.98,7.98,100,0,0,13.2,,,0,,5800,17400,,46310000,46310000,,
438.8,2300,18430000,143516000,806.1,36.7,0.2,100,-400,-3195000,7.99,"2023-01-18T10:58:00.000Z",1674039480000,8,7.99,8,16.7,83.3,0,0.2,0.6,,5,500,600,18000,,4795000,800000,3995000,
438.8,1100,8842000,153104000,806.1,36.7,0,,-1200,-9588000,7.99,"2023-01-18T11:00:00.000Z",1674039600000,7.99,7.99,7.99,0,100,0,,1.5,,Infinity,1200,1200,19200,,9588000,,9588000,
438.8,1300,10440000,154702000,806.1,36.7,Infinity,200,200,1598000,7.99,"2023-01-18T11:08:00.000Z",1674040080000,7.99,7.99,7.99,100,0,0,0.5,,,0,,200,19400,,1598000,1598000,,
438.8,1800,14435000,158697000,806.1,36.7,Infinity,500,500,3995000,7.99,"2023-01-18T11:10:00.000Z",1674040200000,7.99,7.99,7.99,100,0,0,1.1,,,0,,500,19900,,3995000,3995000,,
438.8,800,6455000,166677000,806.1,36.7,0,,-1000,-7980000,7.98,"2023-01-18T11:14:00.000Z",1674040440000,7.98,7.98,7.98,0,100,0,,1.2,,Infinity,1000,1000,20900,,7980000,,7980000,
438.8,600,4870000,169856000,806.1,36.7,0.3,100,-200,-1585000,7.97,"2023-01-18T13:00:00.000Z",1674046800000,7.97,7.94,7.94,25,75,0,0.2,0.4,,3,300,400,21300,,3179000,797000,2382000,
438.8,1300,10451000,175437000,806.1,36.7,Infinity,700,700,5581000,7.98,"2023-01-18T13:04:00.000Z",1674047040000,7.98,7.97,7.97,100,0,0,1.6,,,0,,700,22000,,5581000,5581000,,
438.8,2300,18401000,183387000,806.1,36.7,Infinity,1000,1000,7950000,7.95,"2023-01-18T13:38:00.000Z",1674049080000,7.95,7.95,7.95,100,0,0,2.3,,,0,,1000,23000,,7950000,7950000,,
438.8,2200,17606000,184182000,806.1,36.7,0,,-100,-795000,7.95,"2023-01-18T13:40:00.000Z",1674049200000,7.95,7.95,7.95,0,100,0,,0.1,,Infinity,100,100,23100,,795000,,795000,
438.8,-500,-3832000,205620000,806.1,36.7,0,,-2700,-21438000,7.94,"2023-01-18T13:42:00.000Z",1674049320000,7.94,7.94,7.94,0,100,0,,3.3,,Infinity,2700,2700,25800,,21438000,,21438000,
438.8,-700,-5420000,207208000,806.1,36.7,0,,-200,-1588000,7.94,"2023-01-18T13:46:00.000Z",1674049560000,7.94,7.94,7.94,0,100,0,,0.2,,Infinity,200,200,26000,,1588000,,1588000,
438.8,-1700,-13360000,215148000,806.1,36.7,0,,-1000,-7940000,7.94,"2023-01-18T13:48:00.000Z",1674049680000,7.94,7.94,7.94,0,100,0,,1.2,,Infinity,1000,1000,27000,,7940000,,7940000,
438.8,-2500,-19712000,222294000,806.1,36.7,0,,-800,-6352000,7.94,"2023-01-18T13:50:00.000Z",1674049800000,7.94,7.94,7.94,0,88.9,11.1,,1,2.7,Infinity,800,900,27900,100,7146000,,6352000,794000
438.8,-10800,-85405000,287987000,806.1,36.7,0,,-8300,-65693000,7.91,"2023-01-18T13:52:00.000Z",1674049920000,7.92,7.91,7.92,0,100,0,,10.3,,Infinity,8300,8300,36200,,65693000,,65693000,
438.8,-11200,-88573000,292747000,806.1,36.7,0.2,100,-400,-3168000,7.92,"2023-01-18T13:54:00.000Z",1674050040000,7.96,7.92,7.96,16.7,83.3,0,0.2,0.6,,5,500,600,36800,,4760000,796000,3964000,
438.8,-10200,-80603000,300717000,806.1,36.7,Infinity,1000,1000,7970000,7.97,"2023-01-18T14:00:00.000Z",1674050400000,7.97,7.97,7.97,100,0,0,2.3,,,0,,1000,37800,,7970000,7970000,,
438.8,-20200,-159745000,379859000,806.1,36.7,0,,-10000,-79142000,7.91,"2023-01-18T14:08:00.000Z",1674050880000,7.93,7.91,7.93,0,100,0,,12.4,,Infinity,10000,10000,47800,,79142000,,79142000,
438.8,-19900,-157352000,385416000,806.1,36.7,2.5,500,300,2393000,7.95,"2023-01-18T14:10:00.000Z",1674051000000,7.95,7.91,7.91,71.4,28.6,0,1.1,0.2,,0.4,200,700,48500,,5557000,3975000,1582000,
438.8,-19100,-150992000,393366000,806.1,36.7,9,900,800,6360000,7.95,"2023-01-18T14:12:00.000Z",1674051120000,7.95,7.95,7.95,90,10,0,2.1,0.1,,0.1,100,1000,49500,,7950000,7155000,795000,
438.8,-20000,-158127000,417991000,806.1,36.7,0.6,1100,-900,-7135000,7.94,"2023-01-18T14:14:00.000Z",1674051240000,7.95,7.94,7.95,35.5,64.5,0,2.5,2.5,,1.8,2000,3100,52600,,24625000,8745000,15880000,
438.8,-18000,-142227000,433891000,806.1,36.7,Infinity,2000,2000,15900000,7.95,"2023-01-18T14:16:00.000Z",1674051360000,7.95,7.95,7.95,100,0,0,4.6,,,0,,2000,54600,,15900000,15900000,,
438.8,-17900,-141432000,434686000,806.1,36.7,Infinity,100,100,795000,7.95,"2023-01-18T14:18:00.000Z",1674051480000,7.95,7.95,7.95,100,0,0,0.2,,,0,,100,54700,,795000,795000,,
438.8,-16000,-126327000,449791000,806.1,36.7,Infinity,1900,1900,15105000,7.95,"2023-01-18T14:20:00.000Z",1674051600000,7.95,7.95,7.95,100,0,0,4.3,,,0,,1900,56600,,15105000,15105000,,
438.8,-14300,-112792000,468096000,806.1,36.7,6.7,2000,1700,13535000,7.96,"2023-01-18T14:22:00.000Z",1674051720000,7.96,7.95,7.95,87,13,0,4.6,0.4,,0.2,300,2300,58900,,18305000,15920000,2385000,
438.8,-16400,-129487000,484791000,806.1,36.7,0,,-2100,-16695000,7.95,"2023-01-18T14:24:00.000Z",1674051840000,7.95,7.95,7.95,0,100,0,,2.6,,Infinity,2100,2100,61000,,16695000,,16695000,
438.8,-17000,-134256000,491154000,806.1,36.7,0.1,100,-600,-4769000,7.95,"2023-01-18T14:28:00.000Z",1674052080000,7.97,7.95,7.96,12.5,87.5,0,0.2,0.9,,7,700,800,61800,,6363000,797000,5566000,
438.8,-18000,-142196000,499094000,806.1,36.7,0,,-1000,-7940000,7.94,"2023-01-18T14:44:00.000Z",1674053040000,7.94,7.94,7.94,0,100,0,,1.2,,Infinity,1000,1000,62800,,7940000,,7940000,
