"abu","acum_busd","acum_busd_val","acum_val_bu","acum_val_sd","acum_val","avg_val_bu","avg_val_sd","rbusd","asd","auk","bs","bu","bu-sd","bu-sd_val","c","date","datetime","h","l","o","pbu","psd","puk","rbu","rsd","ruk","sb","sd","sum_vol","total_vol","uk","val","val_bu","val_sd","val_uk"
8029,-9700,-105350000,48450000,153800000,202250000,86955161.3,25636774.2,-1.7,2374.2,6.5,0.3,4400,-9700,-105350000,11000,"2023-02-27T09:00:00.000Z",1677488400000,11100,10800,10800,23.8,76.2,0,0.5,5.9,,3.2,14100,18500,18500,,202250000,48450000,153800000,
8029,-14100,-153110000,133470000,286580000,420050000,86955161.3,25636774.2,-0.8,2374.2,6.5,0.6,7800,-4400,-47760000,10800,"2023-02-27T09:15:00.000Z",1677489300000,10900,10800,10900,39,61,0,1,5.1,,1.6,12200,20000,38500,,217800000,85020000,132780000,
8029,-20000,-216830000,133470000,350300000,483770000,86955161.3,25636774.2,-1,2374.2,6.5,0,,-5900,-63720000,10800,"2023-02-27T09:20:00.000Z",1677489600000,10800,10800,10800,0,100,0,,2.5,,Infinity,5900,5900,44400,,63720000,,63720000,
8029,-26100,-282710000,133470000,416180000,549650000,86955161.3,25636774.2,-1.1,2374.2,6.5,0,,-6100,-65880000,10800,"2023-02-27T09:25:00.000Z",1677489900000,10800,10800,10800,0,100,0,,2.6,,Infinity,6100,6100,50500,,65880000,,65880000,
8029,-31000,-335630000,134550000,470180000,604730000,86955161.3,25636774.2,-0.9,2374.2,6.5,0,100,-4900,-52920000,10800,"2023-02-27T09:30:00.000Z",1677490200000,10800,10800,10800,2,98,0,0,2.1,,50,5000,5100,55600,,55080000,1080000,54000000,
8029,-35200,-380890000,156250000,537140000,693390000,86955161.3,25636774.2,-0.7,2374.2,6.5,0.3,2000,-4200,-45260000,10900,"2023-02-27T09:35:00.000Z",1677490500000,10900,10800,10800,24.4,75.6,0,0.2,2.6,,3.1,6200,8200,63800,,88660000,21700000,66960000,
8029,-34300,-371070000,167150000,538220000,705370000,86955161.3,25636774.2,0.2,2374.2,6.5,10,1000,900,9820000,10800,"2023-02-27T09:40:00.000Z",1677490800000,10900,10800,10900,90.9,9.1,0,0.1,0,,0.1,100,1100,64900,,11980000,10900000,1080000,
8029,-24200,-260980000,277240000,538220000,815460000,86955161.3,25636774.2,1.8,2374.2,6.5,Infinity,10100,10100,110090000,10900,"2023-02-27T09:50:00.000Z",1677491400000,10900,10900,10900,100,0,0,1.3,,,0,,10100,75000,,110090000,110090000,,
8029,-5900,-61340000,495240000,556580000,1051820000,86955161.3,25636774.2,3.3,2374.2,6.5,11.8,20000,18300,199640000,10800,"2023-02-27T09:55:00.000Z",1677491700000,10900,10800,10900,92.2,7.8,0,2.5,0.7,,0.1,1700,21700,96700,,236360000,218000000,18360000,
8029,-5400,-55940000,502800000,558740000,1061540000,86955161.3,25636774.2,0.1,2374.2,6.5,3.5,700,500,5400000,10800,"2023-02-27T10:00:00.000Z",1677492000000,10800,10800,10800,77.8,22.2,0,0.1,0.1,,0.3,200,900,97600,,9720000,7560000,2160000,
8029,5900,66100000,624840000,558740000,1183580000,86955161.3,25636774.2,2,2374.2,6.5,Infinity,11300,11300,122040000,10800,"2023-02-27T10:05:00.000Z",1677492300000,10800,10800,10800,100,0,0,1.4,,,0,,11300,108900,,122040000,122040000,,
8029,6900,76900000,635640000,558740000,1194380000,86955161.3,25636774.2,0.2,2374.2,6.5,Infinity,1000,1000,10800000,10800,"2023-02-27T10:15:00.000Z",1677492900000,10800,10800,10800,100,0,0,0.1,,,0,,1000,109900,,10800000,10800000,,
8029,10900,120500000,679240000,558740000,1237980000,86955161.3,25636774.2,0.7,2374.2,6.5,Infinity,4000,4000,43600000,10900,"2023-02-27T10:35:00.000Z",1677494100000,10900,10900,10900,100,0,0,0.5,,,0,,4000,113900,,43600000,43600000,,
8029,5500,62720000,679240000,616520000,1295760000,86955161.3,25636774.2,-0.9,2374.2,6.5,0,,-5400,-57780000,10700,"2023-02-27T10:45:00.000Z",1677494700000,10700,10700,10700,0,100,0,,2.3,,Infinity,5400,5400,119300,,57780000,,57780000,
8029,4900,56300000,679240000,622940000,1302180000,86955161.3,25636774.2,-0.1,2374.2,6.5,0,,-600,-6420000,10700,"2023-02-27T10:50:00.000Z",1677495000000,10700,10700,10700,0,100,0,,0.3,,Infinity,600,600,119900,,6420000,,6420000,
8029,34300,374820000,1001000000,626180000,1627180000,86955161.3,25636774.2,5.2,2374.2,6.5,99,29700,29400,318520000,10800,"2023-02-27T11:10:00.000Z",1677496200000,10900,10800,10800,99,1,0,3.7,0.1,,0,300,30000,149900,,325000000,321760000,3240000,
8029,34800,380220000,1006400000,626180000,1632580000,86955161.3,25636774.2,0.1,2374.2,6.5,Infinity,500,500,5400000,10800,"2023-02-27T11:25:00.000Z",1677497100000,10800,10800,10800,100,0,0,0.1,,,0,,500,150400,,5400000,5400000,,
8029,34800,380300000,1015040000,634740000,1649780000,86955161.3,25636774.2,0,2374.2,6.5,1,800,0,80000,10700,"2023-02-27T13:15:00.000Z",1677503700000,10800,10700,10800,50,50,0,0.1,0.3,,1,800,1600,152000,,17200000,8640000,8560000,
8029,85000,925650000,1570020000,644370000,2214390000,86955161.3,25636774.2,8.9,2374.2,6.5,56.8,51100,50200,545350000,10900,"2023-02-27T13:20:00.000Z",1677504000000,10900,10700,10700,98.3,1.7,0,6.4,0.4,,0,900,52000,204000,,564610000,554980000,9630000,
8029,85300,928920000,1573290000,644370000,2217660000,86955161.3,25636774.2,0.1,2374.2,6.5,Infinity,300,300,3270000,10900,"2023-02-27T13:25:00.000Z",1677504300000,10900,10900,10900,100,0,0,0,,,0,,300,204300,,3270000,3270000,,
8029,95300,1037920000,1682290000,644370000,2326660000,86955161.3,25636774.2,1.8,2374.2,6.5,Infinity,10000,10000,109000000,10900,"2023-02-27T13:35:00.000Z",1677504900000,10900,10900,10900,100,0,0,1.2,,,0,,10000,214300,,109000000,109000000,,
8029,96300,1048820000,1693190000,644370000,2337560000,86955161.3,25636774.2,0.2,2374.2,6.5,Infinity,1000,1000,10900000,10900,"2023-02-27T13:45:00.000Z",1677505500000,10900,10900,10900,100,0,0,0.1,,,0,,1000,215300,,10900000,10900000,,
8029,96100,1046680000,1693190000,646510000,2341860000,86955161.3,25636774.2,0,2374.2,6.5,0,,-200,-2140000,10700,"2023-02-27T14:05:00.000Z",1677506700000,10800,10700,10800,0,50,50,,0.1,30.8,Infinity,200,400,215700,200,4300000,,2140000,2160000
8029,90200,983550000,1693190000,709640000,2404990000,86955161.3,25636774.2,-1,2374.2,6.5,0,,-5900,-63130000,10700,"2023-02-27T14:10:00.000Z",1677507000000,10700,10700,10700,0,100,0,,2.5,,Infinity,5900,5900,221600,,63130000,,63130000,
8029,87200,951450000,1693190000,741740000,2437090000,86955161.3,25636774.2,-0.5,2374.2,6.5,0,,-3000,-32100000,10700,"2023-02-27T14:15:00.000Z",1677507300000,10700,10700,10700,0,100,0,,1.3,,Infinity,3000,3000,224600,,32100000,,32100000,
8029,175400,1901190000,2642930000,741740000,3386830000,86955161.3,25636774.2,15.5,2374.2,6.5,Infinity,88200,88200,949740000,10900,"2023-02-27T14:20:00.000Z",1677507600000,10900,10700,10900,100,0,0,11,,,0,,88200,312800,,949740000,949740000,,
8029,174700,1893770000,2642930000,749160000,3394250000,86955161.3,25636774.2,-0.1,2374.2,6.5,0,,-700,-7420000,10600,"2023-02-27T14:30:00.000Z",1677508200000,10600,10600,10600,0,100,0,,0.3,,Infinity,700,700,313500,,7420000,,7420000,
8029,172400,1869390000,2642930000,773540000,3418630000,86955161.3,25636774.2,-0.4,2374.2,6.5,0,,-2300,-24380000,10600,"2023-02-27T14:35:00.000Z",1677508500000,10600,10600,10600,0,100,0,,1,,Infinity,2300,2300,315800,,24380000,,24380000,
8029,170400,1848190000,2642930000,794740000,3439830000,86955161.3,25636774.2,-0.3,2374.2,6.5,0,,-2000,-21200000,10600,"2023-02-27T14:40:00.000Z",1677508800000,10600,10600,10600,0,100,0,,0.8,,Infinity,2000,2000,317800,,21200000,,21200000,
8029,172800,1873870000,2668610000,794740000,3465510000,86955161.3,25636774.2,0.4,2374.2,6.5,Infinity,2400,2400,25680000,10700,"2023-02-27T14:45:00.000Z",1677509100000,10700,10700,10700,100,0,0,0.3,,,0,,2400,320200,,25680000,25680000,,
8029,175300,1900870000,2695610000,794740000,3492510000,86955161.3,25636774.2,0.4,2374.2,6.5,Infinity,2500,2500,27000000,10800,"2023-02-27T14:50:00.000Z",1677509400000,10800,10800,10800,100,0,0,0.3,,,0,,2500,322700,,27000000,27000000,,
