"abu","acum_busd","acum_busd_val","acum_val_bu","acum_val_sd","acum_val","avg_val_bu","avg_val_sd","rbusd","asd","auk","bs","bu","bu-sd","bu-sd_val","c","date","datetime","h","l","o","pbu","psd","puk","rbu","rsd","ruk","sb","sd","sum_vol","total_vol","uk","val","val_bu","val_sd","val_uk"
1477.4,-5000,-125250000,0,125250000,127760000,37295645.2,31456935.5,-21.5,1258.1,274.2,0,,-5000,-125250000,25050,"2023-02-27T09:15:00.000Z",1677489300000,25100,25050,25100,0,98,2,,4,0.4,Infinity,5000,5100,5100,100,127760000,,125250000,2510000
1477.4,-7800,-194210000,0,194210000,196720000,37295645.2,31456935.5,-11.8,1258.1,274.2,0,,-2800,-68960000,24600,"2023-02-27T09:20:00.000Z",1677489600000,25000,24600,25000,0,100,0,,2.2,,Infinity,2800,2800,7900,,68960000,,68960000,
1477.4,-2200,-56405000,164820000,221225000,388555000,37295645.2,31456935.5,23.6,1258.1,274.2,6.1,6700,5600,137805000,24550,"2023-02-27T09:25:00.000Z",1677489900000,24600,24550,24600,85.9,14.1,0,4.5,0.9,,0.2,1100,7800,15700,,191835000,164820000,27015000,
1477.4,-2800,-71165000,169740000,240905000,413155000,37295645.2,31456935.5,-2.5,1258.1,274.2,0.3,200,-600,-14760000,24600,"2023-02-27T09:30:00.000Z",1677490200000,24600,24600,24600,20,80,0,0.1,0.6,,4,800,1000,16700,,24600000,4920000,19680000,
1477.4,-3400,-86165000,169740000,255905000,428155000,37295645.2,31456935.5,-2.6,1258.1,274.2,0,,-600,-15000000,25000,"2023-02-27T09:50:00.000Z",1677491400000,25000,25000,25000,0,100,0,,0.5,,Infinity,600,600,17300,,15000000,,15000000,
1477.4,12400,319105000,714000000,394895000,1111405000,37295645.2,31456935.5,69.4,1258.1,274.2,3.8,21400,15800,405270000,25450,"2023-02-27T09:55:00.000Z",1677491700000,25450,24700,25400,79.3,20.7,0,14.5,4.5,,0.3,5600,27000,44300,,683250000,544260000,138990000,
1477.4,12800,329260000,724155000,394895000,1121560000,37295645.2,31456935.5,1.7,1258.1,274.2,Infinity,400,400,10155000,25350,"2023-02-27T10:05:00.000Z",1677492300000,25400,25350,25400,100,0,0,0.3,,,0,,400,44700,,10155000,10155000,,
1477.4,11900,306950000,744195000,437245000,1183950000,37295645.2,31456935.5,-3.8,1258.1,274.2,0.5,800,-900,-22310000,24850,"2023-02-27T10:15:00.000Z",1677492900000,25050,24850,25050,32,68,0,0.5,1.4,,2.1,1700,2500,47200,,62390000,20040000,42350000,
1477.4,10600,274715000,744195000,469480000,1216185000,37295645.2,31456935.5,-5.5,1258.1,274.2,0,,-1300,-32235000,24750,"2023-02-27T10:20:00.000Z",1677493200000,24850,24750,24850,0,100,0,,1,,Infinity,1300,1300,48500,,32235000,,32235000,
1477.4,10500,272235000,744195000,471960000,1218665000,37295645.2,31456935.5,-0.4,1258.1,274.2,0,,-100,-2480000,24800,"2023-02-27T10:25:00.000Z",1677493500000,24800,24800,24800,0,100,0,,0.1,,Infinity,100,100,48600,,2480000,,2480000,
1477.4,12800,329545000,801505000,471960000,1275975000,37295645.2,31456935.5,9.8,1258.1,274.2,Infinity,2300,2300,57310000,25000,"2023-02-27T10:30:00.000Z",1677493800000,25000,24900,24900,100,0,0,1.6,,,0,,2300,50900,,57310000,57310000,,
1477.4,13400,344595000,816555000,471960000,1291025000,37295645.2,31456935.5,2.6,1258.1,274.2,Infinity,600,600,15050000,25100,"2023-02-27T10:35:00.000Z",1677494100000,25100,25000,25100,100,0,0,0.4,,,0,,600,51500,,15050000,15050000,,
1477.4,13900,357270000,829230000,471960000,1303700000,37295645.2,31456935.5,2.2,1258.1,274.2,Infinity,500,500,12675000,25350,"2023-02-27T10:45:00.000Z",1677494700000,25350,25350,25350,100,0,0,0.3,,,0,,500,52000,,12675000,12675000,,
1477.4,13800,354750000,829230000,474480000,1306220000,37295645.2,31456935.5,-0.4,1258.1,274.2,0,,-100,-2520000,25200,"2023-02-27T10:55:00.000Z",1677495300000,25200,25200,25200,0,100,0,,0.1,,Infinity,100,100,52100,,2520000,,2520000,
1477.4,14000,359820000,834300000,474480000,1311290000,37295645.2,31456935.5,0.9,1258.1,274.2,Infinity,200,200,5070000,25350,"2023-02-27T11:15:00.000Z",1677496500000,25350,25350,25350,100,0,0,0.1,,,0,,200,52300,,5070000,5070000,,
1477.4,14800,380115000,862130000,482015000,1354245000,37295645.2,31456935.5,3.5,1258.1,274.2,3.7,1100,800,20295000,25150,"2023-02-27T13:00:00.000Z",1677502800000,25300,25100,25300,64.7,17.6,17.6,0.7,0.2,1.1,0.3,300,1700,54000,300,42955000,27830000,7535000,7590000
1477.4,15200,390255000,872270000,482015000,1364385000,37295645.2,31456935.5,1.7,1258.1,274.2,Infinity,400,400,10140000,25350,"2023-02-27T13:05:00.000Z",1677503100000,25350,25350,25350,100,0,0,0.3,,,0,,400,54400,,10140000,10140000,,
1477.4,15500,397860000,879875000,482015000,1371990000,37295645.2,31456935.5,1.3,1258.1,274.2,Infinity,300,300,7605000,25350,"2023-02-27T13:10:00.000Z",1677503400000,25350,25350,25350,100,0,0,0.2,,,0,,300,54700,,7605000,7605000,,
1477.4,14700,378330000,970955000,592625000,1573680000,37295645.2,31456935.5,-3.3,1258.1,274.2,0.8,3600,-800,-19530000,25050,"2023-02-27T13:15:00.000Z",1677503700000,25350,25050,25200,45,55,0,2.4,3.5,,1.2,4400,8000,62700,,201690000,91080000,110610000,
1477.4,16500,423960000,1016585000,592625000,1619310000,37295645.2,31456935.5,7.8,1258.1,274.2,Infinity,1800,1800,45630000,25350,"2023-02-27T13:20:00.000Z",1677504000000,25350,25350,25350,100,0,0,1.2,,,0,,1800,64500,,45630000,45630000,,
1477.4,12400,320915000,1041985000,721070000,1773155000,37295645.2,31456935.5,-17.6,1258.1,274.2,0.2,1000,-4100,-103045000,25050,"2023-02-27T13:30:00.000Z",1677504600000,25400,25050,25400,16.4,83.6,0,0.7,4.1,,5.1,5100,6100,70600,,153845000,25400000,128445000,
1477.4,12500,323455000,1044525000,721070000,1775695000,37295645.2,31456935.5,0.4,1258.1,274.2,Infinity,100,100,2540000,25400,"2023-02-27T13:35:00.000Z",1677504900000,25400,25400,25400,100,0,0,0.1,,,0,,100,70700,,2540000,2540000,,
1477.4,14300,369225000,1090295000,721070000,1821465000,37295645.2,31456935.5,7.8,1258.1,274.2,Infinity,1800,1800,45770000,25450,"2023-02-27T13:40:00.000Z",1677505200000,25450,25400,25400,100,0,0,1.2,,,0,,1800,72500,,45770000,45770000,,
1477.4,14400,371770000,1092840000,721070000,1824010000,37295645.2,31456935.5,0.4,1258.1,274.2,Infinity,100,100,2545000,25450,"2023-02-27T13:45:00.000Z",1677505500000,25450,25450,25450,100,0,0,0.1,,,0,,100,72600,,2545000,2545000,,
1477.4,15400,397225000,1120835000,723610000,1854545000,37295645.2,31456935.5,4.4,1258.1,274.2,11,1100,1000,25455000,25400,"2023-02-27T13:50:00.000Z",1677505800000,25450,25400,25450,91.7,8.3,0,0.7,0.1,,0.1,100,1200,73800,,30535000,27995000,2540000,
1477.4,15400,397210000,1140995000,743785000,1894880000,37295645.2,31456935.5,0,1258.1,274.2,1,800,0,-15000,25200,"2023-02-27T13:55:00.000Z",1677506100000,25350,25200,25350,50,50,0,0.5,0.6,,1,800,1600,75400,,40335000,20160000,20175000,
1477.4,15500,399755000,1143540000,743785000,1897425000,37295645.2,31456935.5,0.4,1258.1,274.2,Infinity,100,100,2545000,25450,"2023-02-27T14:00:00.000Z",1677506400000,25450,25450,25450,100,0,0,0.1,,,0,,100,75500,,2545000,2545000,,
1477.4,15400,397240000,1143540000,746300000,1899940000,37295645.2,31456935.5,-0.4,1258.1,274.2,0,,-100,-2515000,25150,"2023-02-27T14:15:00.000Z",1677507300000,25150,25150,25150,0,100,0,,0.1,,Infinity,100,100,75600,,2515000,,2515000,
1477.4,15000,387205000,1146080000,758875000,1915055000,37295645.2,31456935.5,-1.7,1258.1,274.2,0.2,100,-400,-10035000,25150,"2023-02-27T14:20:00.000Z",1677507600000,25400,25150,25400,16.7,83.3,0,0.1,0.4,,5,500,600,76200,,15115000,2540000,12575000,
1477.4,6800,181000000,1156165000,975165000,2141430000,37295645.2,31456935.5,-35.3,1258.1,274.2,0,400,-8200,-206205000,25400,"2023-02-27T14:25:00.000Z",1677507900000,25400,25150,25150,4.4,95.6,0,0.3,6.8,,21.5,8600,9000,85200,,226375000,10085000,216290000,
1477.4,6800,181000000,1156165000,975165000,2347575000,37295645.2,31456935.5,0,1258.1,274.2,NaN,,0,0,25450,"2023-02-27T14:45:00.000Z",1677509100000,25450,25450,25450,0,0,100,,,29.5,NaN,,8100,93300,8100,206145000,,,206145000
