"abu","acum_busd","acum_busd_val","acum_val_bu","acum_val_sd","acum_val","avg_val_bu","avg_val_sd","rbusd","asd","auk","bs","bu","bu-sd","bu-sd_val","c","date","datetime","h","l","o","pbu","psd","puk","rbu","rsd","ruk","sb","sd","sum_vol","total_vol","uk","val","val_bu","val_sd","val_uk"
17815,-9400,-131600000,0,131600000,131600000,247555750,25122750,-0.6,1810,100,0,,-9400,-131600000,14000,"2023-02-27T09:15:00.000Z",1677489300000,14000,14000,14000,0,100,0,,5.2,,Infinity,9400,9400,9400,,131600000,,131600000,
17815,-9100,-127415000,4185000,131600000,135785000,247555750,25122750,0,1810,100,Infinity,300,300,4185000,13950,"2023-02-27T09:50:00.000Z",1677491400000,13950,13950,13950,100,0,0,0,,,0,,300,9700,,4185000,4185000,,
17815,-9900,-138535000,4185000,142720000,146905000,247555750,25122750,0,1810,100,0,,-800,-11120000,13900,"2023-02-27T10:05:00.000Z",1677492300000,13900,13900,13900,0,100,0,,0.4,,Infinity,800,800,10500,,11120000,,11120000,
17815,-9900,-138535000,5575000,144110000,149685000,247555750,25122750,0,1810,100,1,100,0,0,13900,"2023-02-27T10:10:00.000Z",1677492600000,13900,13900,13900,50,50,0,0,0.1,,1,100,200,10700,,2780000,1390000,1390000,
17815,87000,1203535000,1369805000,166270000,1536075000,247555750,25122750,6,1810,100,61.6,98500,96900,1342070000,13850,"2023-02-27T10:20:00.000Z",1677493200000,13900,13850,13900,98.4,1.6,0,5.5,0.9,,0,1600,100100,110800,,1386390000,1364230000,22160000,
17815,192000,2657785000,2824055000,166270000,2990325000,247555750,25122750,6.5,1810,100,Infinity,105000,105000,1454250000,13850,"2023-02-27T10:25:00.000Z",1677493500000,13850,13850,13850,100,0,0,5.9,,,0,,105000,215800,,1454250000,1454250000,,
17815,193000,2671685000,2837955000,166270000,3031925000,247555750,25122750,0.1,1810,100,Infinity,1000,1000,13900000,13900,"2023-02-27T10:30:00.000Z",1677493800000,13900,13850,13850,33.3,0,66.7,0.1,,20,0,,3000,218800,2000,41600000,13900000,,27700000
17815,224700,3110745000,3278400000,167655000,3473755000,247555750,25122750,2,1810,100,318,31800,31700,439060000,13850,"2023-02-27T10:35:00.000Z",1677494100000,13900,13850,13900,99.7,0.3,0,1.8,0.1,,0,100,31900,250700,,441830000,440445000,1385000,
17815,223700,3096945000,3278400000,181455000,3487555000,247555750,25122750,-0.1,1810,100,0,,-1000,-13800000,13800,"2023-02-27T11:05:00.000Z",1677495900000,13800,13800,13800,0,100,0,,0.6,,Infinity,1000,1000,251700,,13800000,,13800000,
17815,215700,2986545000,3278400000,291855000,3597955000,247555750,25122750,-0.5,1810,100,0,,-8000,-110400000,13800,"2023-02-27T11:10:00.000Z",1677496200000,13800,13800,13800,0,100,0,,4.4,,Infinity,8000,8000,259700,,110400000,,110400000,
17815,215200,2979645000,3278400000,298755000,3604855000,247555750,25122750,0,1810,100,0,,-500,-6900000,13800,"2023-02-27T11:20:00.000Z",1677496800000,13800,13800,13800,0,100,0,,0.3,,Infinity,500,500,260200,,6900000,,6900000,
17815,215300,2981030000,3279785000,298755000,3606240000,247555750,25122750,0,1810,100,Infinity,100,100,1385000,13850,"2023-02-27T13:05:00.000Z",1677503100000,13850,13850,13850,100,0,0,0,,,0,,100,260300,,1385000,1385000,,
17815,215500,2983800000,3282555000,298755000,3609010000,247555750,25122750,0,1810,100,Infinity,200,200,2770000,13850,"2023-02-27T13:10:00.000Z",1677503400000,13850,13850,13850,100,0,0,0,,,0,,200,260500,,2770000,2770000,,
17815,210400,2913420000,3282555000,369135000,3679390000,247555750,25122750,-0.3,1810,100,0,,-5100,-70380000,13800,"2023-02-27T13:20:00.000Z",1677504000000,13800,13800,13800,0,100,0,,2.8,,Infinity,5100,5100,265600,,70380000,,70380000,
17815,207900,2878920000,3286695000,407775000,3722170000,247555750,25122750,-0.2,1810,100,0.1,300,-2500,-34500000,13800,"2023-02-27T13:35:00.000Z",1677504900000,13800,13800,13800,9.7,90.3,0,0,1.5,,9.3,2800,3100,268700,,42780000,4140000,38640000,
17815,209100,2895480000,3303255000,407775000,3738730000,247555750,25122750,0.1,1810,100,Infinity,1200,1200,16560000,13800,"2023-02-27T13:40:00.000Z",1677505200000,13800,13800,13800,100,0,0,0.1,,,0,,1200,269900,,16560000,16560000,,
17815,212400,2941020000,3348795000,407775000,3784270000,247555750,25122750,0.2,1810,100,Infinity,3300,3300,45540000,13800,"2023-02-27T14:10:00.000Z",1677507000000,13800,13800,13800,100,0,0,0.2,,,0,,3300,273200,,45540000,45540000,,
17815,212000,2935525000,3350175000,414650000,3792525000,247555750,25122750,0,1810,100,0.2,100,-400,-5495000,13750,"2023-02-27T14:20:00.000Z",1677507600000,13800,13750,13800,16.7,83.3,0,0,0.3,,5,500,600,273800,,8255000,1380000,6875000,
17815,209000,2893260000,3395715000,502455000,3925870000,247555750,25122750,-0.2,1810,100,0.5,3300,-3000,-42265000,13950,"2023-02-27T14:25:00.000Z",1677507900000,13950,13750,13750,34.4,65.6,0,0.2,3.5,,1.9,6300,9600,283400,,133345000,45540000,87805000,
17815,320100,4448660000,4951115000,502455000,5481270000,247555750,25122750,7,1810,100,Infinity,111100,111100,1555400000,14000,"2023-02-27T14:45:00.000Z",1677509100000,14000,14000,14000,100,0,0,6.2,,,0,,111100,394500,,1555400000,1555400000,,
