"abu","acum_busd","acum_busd_val","acum_val_bu","acum_val_sd","acum_val","avg_val_bu","avg_val_sd","rbusd","asd","auk","bs","bu","bu-sd","bu-sd_val","c","date","datetime","h","l","o","pbu","psd","puk","rbu","rsd","ruk","sb","sd","sum_vol","total_vol","uk","val","val_bu","val_sd","val_uk"
19754,-3300,-43420000,493160000,536580000,1029740000,210056070,202572910,-5.8,16604,58,0.9,33500,-3300,-43420000,14.7,"2022-12-16T09:00:00.000Z",1671181200000,14.9,13.8,13.8,47.7,52.3,0,1.7,2.2,,1.1,36800,70300,70300,,1029740000,493160000,536580000,
19754,-10100,-142470000,560550000,703020000,1269410000,210056070,202572910,-13.2,16604,58,0.4,4600,-6800,-99050000,14.6,"2022-12-16T09:05:00.000Z",1671181500000,14.7,14.6,14.6,28,69.5,2.4,0.2,0.7,6.9,2.5,11400,16400,86700,400,239670000,67390000,166440000,5840000
19754,26500,392090000,1095110000,703020000,1803970000,210056070,202572910,71.4,16604,58,Infinity,36600,36600,534560000,14.6,"2022-12-16T09:10:00.000Z",1671181800000,14.7,14.6,14.6,100,0,0,1.9,,,0,,36600,123300,,534560000,534560000,,
19754,19900,296790000,1364760000,1067970000,2438570000,210056070,202572910,-12.7,16604,58,0.7,18400,-6600,-95300000,14.7,"2022-12-16T09:15:00.000Z",1671182100000,14.7,14.5,14.5,42.4,57.6,0,0.9,1.5,,1.4,25000,43400,166700,,634600000,269650000,364950000,
19754,48800,721820000,1861620000,1139800000,3007260000,210056070,202572910,56.8,16604,58,6.9,33800,28900,425030000,14.7,"2022-12-16T09:20:00.000Z",1671182400000,14.7,14.6,14.7,87.3,12.7,0,1.7,0.3,,0.1,4900,38700,205400,,568690000,496860000,71830000,
19754,68900,1017840000,2240880000,1223040000,3469760000,210056070,202572910,39.6,16604,58,4.5,25800,20100,296020000,14.7,"2022-12-16T09:25:00.000Z",1671182700000,14.7,14.6,14.7,81.9,18.1,0,1.3,0.3,,0.2,5700,31500,236900,,462500000,379260000,83240000,
19754,8500,141500000,2255580000,2114080000,4375500000,210056070,202572910,-117.1,16604,58,0,1000,-60400,-876340000,14.5,"2022-12-16T09:30:00.000Z",1671183000000,14.7,14.5,14.7,1.6,98.4,0,0.1,3.7,,61.4,61400,62400,299300,,905740000,14700000,891040000,
19754,17400,272900000,2582410000,2309510000,4924220000,210056070,202572910,17.6,16604,58,1.7,22200,8900,131400000,14.8,"2022-12-16T09:35:00.000Z",1671183300000,14.8,14.6,14.6,59.5,35.7,4.8,1.1,0.8,31,0.6,13300,37300,336600,1800,548720000,326830000,195430000,26460000
19754,16200,256690000,3263260000,3006570000,6303610000,210056070,202572910,-2.2,16604,58,1,46000,-1200,-16210000,14.8,"2022-12-16T09:40:00.000Z",1671183600000,14.9,14.7,14.8,49.3,50.6,0.1,2.3,2.8,1.7,1,47200,93300,429900,100,1379390000,680850000,697060000,1480000
19754,-8900,-114740000,3374310000,3489050000,6897140000,210056070,202572910,-49.6,16604,58,0.2,7500,-25100,-371430000,14.8,"2022-12-16T09:45:00.000Z",1671183900000,14.9,14.8,14.8,18.7,81.3,0,0.4,2,,4.3,32600,40100,470000,,593530000,111050000,482480000,
19754,17000,270020000,3815310000,3545290000,7394380000,210056070,202572910,51.4,16604,58,7.8,29700,25900,384760000,14.9,"2022-12-16T09:50:00.000Z",1671184200000,14.9,14.8,14.8,88.7,11.3,0,1.5,0.2,,0.1,3800,33500,503500,,497240000,441000000,56240000,
19754,22600,353100000,4152950000,3799850000,7986580000,210056070,202572910,11.1,16604,58,1.3,22800,5600,83080000,14.8,"2022-12-16T09:55:00.000Z",1671184500000,14.9,14.8,14.9,57,43,0,1.2,1,,0.8,17200,40000,543500,,592200000,337640000,254560000,
19754,15200,243580000,4243230000,3999650000,8276660000,210056070,202572910,-14.6,16604,58,0.5,6100,-7400,-109520000,14.8,"2022-12-16T10:00:00.000Z",1671184800000,14.8,14.8,14.8,31.1,68.9,0,0.3,0.8,,2.2,13500,19600,563100,,290080000,90280000,199800000,
19754,27600,428340000,4427990000,3999650000,8461420000,210056070,202572910,24.7,16604,58,Infinity,12400,12400,184760000,14.9,"2022-12-16T10:05:00.000Z",1671185100000,14.9,14.9,14.9,100,0,0,0.6,,,0,,12400,575500,,184760000,184760000,,
19754,66800,1012420000,5012070000,3999650000,9045500000,210056070,202572910,78.1,16604,58,Infinity,39200,39200,584080000,14.9,"2022-12-16T10:10:00.000Z",1671185400000,14.9,14.9,14.9,100,0,0,2,,,0,,39200,614700,,584080000,584080000,,
19754,57300,872963000,5308583000,4435620000,9777983000,210056070,202572910,-18.6,16604,58,0.7,20100,-9500,-139457000,15,"2022-12-16T10:15:00.000Z",1671185700000,15,14.7,14.9,40.4,59.6,0,1,1.8,,1.5,29600,49700,664400,,732483000,296513000,435970000,
19754,75700,873239000,5309133500,4435894500,9778808000,210056070,202572910,0,16604,58,2,36700,18400,276000,15,"2022-12-16T10:20:00.000Z",1671186000000,15,15,15,66.7,33.3,0,1.9,1.1,,0.5,18300,55000,719400,,825000,550500,274500,
19754,79800,895628000,5577455000,4681827000,10293069500,210056070,202572910,3,16604,58,1.2,26100,4100,22389000,14.9,"2022-12-16T10:25:00.000Z",1671186300000,15,14.9,15,53.7,45.3,1,1.3,1.3,8.6,0.8,22000,48600,768000,500,514261500,268321500,245932500,7500
19754,62200,633788000,5580435000,4946647000,10560869500,210056070,202572910,-35,16604,58,0,200,-17600,-261840000,14.8,"2022-12-16T10:30:00.000Z",1671186600000,14.9,14.8,14.9,1.1,98.9,0,0,1.1,,89,17800,18000,786000,,267800000,2980000,264820000,
19754,64500,668328000,5654935000,4986607000,10675329500,210056070,202572910,4.6,16604,58,1.9,5000,2300,34540000,14.8,"2022-12-16T10:35:00.000Z",1671186900000,14.9,14.8,14.8,64.9,35.1,0,0.3,0.2,,0.5,2700,7700,793700,,114460000,74500000,39960000,
19754,84900,972868000,6066175000,5093307000,11193269500,210056070,202572910,40.7,16604,58,3.8,27600,20400,304540000,14.9,"2022-12-16T10:40:00.000Z",1671187200000,14.9,14.8,14.8,79.3,20.7,0,1.4,0.4,,0.3,7200,34800,828500,,517940000,411240000,106700000,
19754,98700,1043084500,6158691500,5115607000,11308086000,210056070,202572910,9.4,16604,58,10.2,15300,13800,70216500,14.9,"2022-12-16T10:45:00.000Z",1671187500000,15,14.8,14.9,91.1,8.9,0,0.8,0.1,,0.1,1500,16800,845300,,114816500,92516500,22300000,
19754,88200,887924500,6194451500,5306527000,11534766000,210056070,202572910,-20.7,16604,58,0.2,2400,-10500,-155160000,14.8,"2022-12-16T10:50:00.000Z",1671187800000,14.9,14.8,14.9,15.7,84.3,0,0.1,0.8,,5.4,12900,15300,860600,,226680000,35760000,190920000,
19754,85000,840574500,6195941500,5355367000,11585096000,210056070,202572910,-6.3,16604,58,0,100,-3200,-47350000,14.8,"2022-12-16T10:55:00.000Z",1671188100000,14.9,14.8,14.8,2.9,97.1,0,0,0.2,,33,3300,3400,864000,,50330000,1490000,48840000,
19754,83600,820294500,6261501500,5441207000,11736496000,210056070,202572910,-2.7,16604,58,0.8,4400,-1400,-20280000,14.8,"2022-12-16T11:00:00.000Z",1671188400000,14.9,14.8,14.9,43.1,56.9,0,0.2,0.3,,1.3,5800,10200,874200,,151400000,65560000,85840000,
19754,68100,590994500,6276401500,5685407000,11995596000,210056070,202572910,-30.6,16604,58,0.1,1000,-15500,-229300000,14.8,"2022-12-16T11:05:00.000Z",1671188700000,14.9,14.8,14.8,5.7,94.3,0,0.1,1,,16.5,16500,17500,891700,,259100000,14900000,244200000,
19754,72500,657604500,6610161500,5952557000,12596506000,210056070,202572910,8.9,16604,58,1.2,22400,4400,66610000,14.9,"2022-12-16T11:10:00.000Z",1671189000000,14.9,14.8,14.8,55.4,44.6,0,1.1,1.1,,0.8,18000,40400,932100,,600910000,333760000,267150000,
19754,54300,338792500,6610209500,6271417000,12915414000,210056070,202572910,-42.6,16604,58,0.1,3200,-18200,-318812000,15,"2022-12-16T11:15:00.000Z",1671189300000,15,14.9,14.9,13,87,0,0.2,1.3,,6.7,21400,24600,956700,,318908000,48000,318860000,
19754,45200,203202500,6610209500,6407007000,13051004000,210056070,202572910,-18.1,16604,58,0,,-9100,-135590000,14.9,"2022-12-16T11:20:00.000Z",1671189600000,14.9,14.9,14.9,0,100,0,,0.5,,Infinity,9100,9100,965800,,135590000,,135590000,
19754,58000,393922500,6909699500,6515777000,13459264000,210056070,202572910,25.5,16604,58,2.8,20100,12800,190720000,14.9,"2022-12-16T11:25:00.000Z",1671189900000,14.9,14.9,14.9,73.4,26.6,0,1,0.4,,0.4,7300,27400,993200,,408260000,299490000,108770000,
19754,61300,443792500,7063169500,6619377000,13716334000,210056070,202572910,6.7,16604,58,1.5,10300,3300,49870000,14.9,"2022-12-16T13:00:00.000Z",1671195600000,14.9,14.8,14.9,59.5,40.5,0,0.5,0.4,,0.7,7000,17300,1010500,,257070000,153470000,103600000,
19754,9500,-322817500,7067639500,7390457000,14491884000,210056070,202572910,-102.4,16604,58,0,300,-51800,-766610000,14.8,"2022-12-16T13:05:00.000Z",1671195900000,14.9,14.8,14.9,0.6,99.4,0,0,3.1,,173.7,52100,52400,1062900,,775550000,4470000,771080000,
19754,-1800,-487877500,7392459500,7880337000,15306584000,210056070,202572910,-22.1,16604,58,0.7,21800,-11300,-165060000,14.8,"2022-12-16T13:10:00.000Z",1671196200000,14.9,14.8,14.9,39.7,60.3,0,1.1,2,,1.5,33100,54900,1117800,,814700000,324820000,489880000,
19754,25500,-94494000,7802223000,7896717000,15734217500,210056070,202572910,52.6,16604,58,25.8,28400,27300,393383500,14.9,"2022-12-16T13:15:00.000Z",1671196500000,15,14.8,14.9,95.9,3.7,0.3,1.4,0.1,1.7,0,1100,29600,1147400,100,427633500,409763500,16380000,1490000
19754,81800,-184448000,7803376500,7987824500,15826478500,210056070,202572910,-12,16604,58,3.7,76900,56300,-89954000,15,"2022-12-16T13:20:00.000Z",1671196800000,15,14.9,14.9,78.9,21.1,0,3.9,1.2,,0.3,20600,97500,1244900,,92261000,1153500,91107500,
19754,77100,-184518500,7803444000,7987962500,15826684000,210056070,202572910,0,16604,58,0.5,4500,-4700,-70500,15,"2022-12-16T13:25:00.000Z",1671197100000,15,15,15,32.8,67.2,0,0.2,0.6,,2,9200,13700,1258600,,205500,67500,138000,
19754,43400,-701533500,7915209000,8616742500,16567229000,210056070,202572910,-69.1,16604,58,0.2,8500,-33700,-517015000,14.9,"2022-12-16T13:30:00.000Z",1671197400000,15,14.9,15,16.8,83.2,0,0.4,2.5,,5,42200,50700,1309300,,740545000,111765000,628780000,
19754,60900,-440783500,8205759000,8646542500,16887579000,210056070,202572910,34.8,16604,58,9.8,19500,17500,260750000,14.9,"2022-12-16T13:35:00.000Z",1671197700000,14.9,14.9,14.9,90.7,9.3,0,1,0.1,,0.1,2000,21500,1330800,,320350000,290550000,29800000,
19754,74500,-643015500,8206167000,8849182500,17090627000,210056070,202572910,-27,16604,58,2,27200,13600,-202232000,14.9,"2022-12-16T13:40:00.000Z",1671198000000,15,14.9,14.9,66.7,33.3,0,1.4,0.8,,0.5,13600,40800,1371600,,203048000,408000,202640000,
19754,101900,-703633000,8206639500,8910272500,17152189500,210056070,202572910,-8.1,16604,58,7.7,31500,27400,-60617500,15,"2022-12-16T13:45:00.000Z",1671198300000,15,14.9,14.9,88.5,11.5,0,1.6,0.2,,0.1,4100,35600,1407200,,61562500,472500,61090000,
19754,86600,-702354000,8208365500,8910719500,17154362500,210056070,202572910,0.2,16604,58,0.5,14500,-15300,1279000,15,"2022-12-16T13:50:00.000Z",1671198600000,15.1,15,15,32.7,67.3,0,0.7,1.8,,2.1,29800,44300,1451500,,2173000,1726000,447000,
19754,71400,-733780500,8212895500,8946676000,17194849000,210056070,202572910,-4.2,16604,58,0,300,-15200,-31426500,14.9,"2022-12-16T13:55:00.000Z",1671198900000,15.1,14.9,15,1.9,98.1,0,0,0.9,,51.7,15500,15800,1467300,,40486500,4530000,35956500,
19754,88800,-763289500,8213186500,8976476000,17224940000,210056070,202572910,-3.9,16604,58,9.7,19400,17400,-29509000,14.9,"2022-12-16T14:00:00.000Z",1671199200000,15,14.9,15,90.7,9.3,0,1,0.1,,0.1,2000,21400,1488700,,30091000,291000,29800000,
19754,115000,-792666500,8213615500,9006282000,17255175000,210056070,202572910,-3.9,16604,58,11.9,28600,26200,-29377000,15,"2022-12-16T14:05:00.000Z",1671199500000,15,14.9,15,92.3,7.7,0,1.4,0.1,,0.1,2400,31000,1519700,,30235000,429000,29806000,
19754,121900,-777078000,8259113500,9036191500,17330582500,210056070,202572910,2.1,16604,58,1.7,16200,6900,15588500,14.9,"2022-12-16T14:10:00.000Z",1671199800000,15.1,14.9,15,63.5,36.5,0,0.8,0.6,,0.6,9300,25500,1545200,,75407500,45498000,29909500,
19754,92500,-799826500,8260638500,9060465000,17356381000,210056070,202572910,-3,16604,58,0,1100,-29400,-22748500,15,"2022-12-16T14:15:00.000Z",1671200100000,15.1,14.9,14.9,3.5,96.5,0,0.1,1.8,,27.7,30500,31600,1576800,,25798500,1525000,24273500,
19754,127700,-182650500,8965913500,9148564000,18149755000,210056070,202572910,82.5,16604,58,2.9,53700,35200,617176000,15,"2022-12-16T14:20:00.000Z",1671200400000,15.1,14.9,15,74.4,25.6,0,2.7,1.1,,0.3,18500,72200,1649000,,793374000,705275000,88099000,
19754,107200,-399372000,9431803500,9831175500,19298256500,210056070,202572910,-29,16604,58,0.6,30800,-20500,-216721500,15.2,"2022-12-16T14:25:00.000Z",1671200700000,15.2,15,15,37.5,62.5,0,1.6,3.1,,1.7,51300,82100,1731100,,1148501500,465890000,682611500,
19754,176700,664078000,10502803500,9838725500,20376806500,210056070,202572910,142.1,16604,58,140,70000,69500,1063450000,15.3,"2022-12-16T14:30:00.000Z",1671201000000,15.3,15.1,15.1,99.3,0.7,0,3.5,0,,0,500,70500,1801600,,1078550000,1071000000,7550000,
19754,157500,374158000,10502803500,10128645500,20666726500,210056070,202572910,-38.7,16604,58,0,,-19200,-289920000,15.1,"2022-12-16T14:45:00.000Z",1671201900000,15.1,15.1,15.1,0,100,0,,1.2,,Infinity,19200,19200,1820800,,289920000,,289920000,
