"abu","acum_busd","acum_busd_val","acum_val_bu","acum_val_sd","acum_val","avg_val_bu","avg_val_sd","rbusd","asd","auk","bs","bu","bu-sd","bu-sd_val","c","date","datetime","h","l","o","pbu","psd","puk","rbu","rsd","ruk","sb","sd","sum_vol","total_vol","uk","val","val_bu","val_sd","val_uk"
900,-1200,-10680000,0,10680000,10680000,7928444.4,6950777.8,10.9,788.9,0,0,,-1200,-10680000,8.9,"2022-12-26T09:26:00.000Z",1672046760000,8.9,8.9,8.9,0,100,0,,1.5,,Infinity,1200,1200,1200,,10680000,,10680000,
900,-2300,-20415000,0,20415000,20415000,7928444.4,6950777.8,10,788.9,0,0,,-1100,-9735000,8.85,"2022-12-26T09:40:00.000Z",1672047600000,8.85,8.85,8.85,0,100,0,,1.4,,Infinity,1100,1100,2300,,9735000,,9735000,
900,-5100,-45100000,0,45100000,45100000,7928444.4,6950777.8,25.2,788.9,0,0,,-2800,-24685000,8.8,"2022-12-26T09:42:00.000Z",1672047720000,8.85,8.8,8.85,0,100,0,,3.5,,Infinity,2800,2800,5100,,24685000,,24685000,
900,-7000,-61663000,0,61663000,61663000,7928444.4,6950777.8,16.9,788.9,0,0,,-1900,-16563000,8.7,"2022-12-26T10:28:00.000Z",1672050480000,8.73,8.7,8.73,0,100,0,,2.4,,Infinity,1900,1900,7000,,16563000,,16563000,
900,-5100,-45133000,16529999.999999998,61663000,78193000,7928444.4,6950777.8,16.9,788.9,0,Infinity,1900,1900,16529999.999999998,8.7,"2022-12-26T13:00:00.000Z",1672059600000,8.7,8.7,8.7,100,0,0,2.1,,,0,,1900,8900,,16529999.999999998,16529999.999999998,,
900,-4900,-43397000,18266000,61663000,79929000,7928444.4,6950777.8,1.8,788.9,0,Infinity,200,200,1736000,8.68,"2022-12-26T14:16:00.000Z",1672064160000,8.68,8.68,8.68,100,0,0,0.2,,,0,,200,9100,,1736000,1736000,,
900,-300,-2823000,58840000,61663000,120503000,7928444.4,6950777.8,41.5,788.9,0,Infinity,4600,4600,40574000,8.95,"2022-12-26T14:20:00.000Z",1672064400000,8.95,8.7,8.7,100,0,0,5.1,,,0,,4600,13700,,40574000,40574000,,
900,-400,-3717000,58840000,62557000,121397000,7928444.4,6950777.8,0.9,788.9,0,0,,-100,-894000,8.94,"2022-12-26T14:28:00.000Z",1672064880000,8.94,8.94,8.94,0,100,0,,0.1,,Infinity,100,100,13800,,894000,,894000,
900,1000,8799000,71356000,62557000,133913000,7928444.4,6950777.8,12.8,788.9,0,Infinity,1400,1400,12516000,8.94,"2022-12-26T14:44:00.000Z",1672065840000,8.94,8.94,8.94,100,0,0,1.6,,,0,,1400,15200,,12516000,12516000,,
