"abu","acum_busd","acum_busd_val","acum_val","asd","auk","bs","bu","bu-sd","bu-sd_val","c","date","datetime","h","l","o","pbu","psd","puk","rbu","rsd","ruk","sb","sd","sum_vol","total_vol","uk","val","val_bu","val_sd","val_uk"
883.6,100,1850000,1850000,885.2,260.7,Infinity,100,100,1850000,18.5,"2022-12-26T09:18:00.000Z",1672046280000,18.5,18.5,18.5,100,0,0,0.1,,,0,,100,100,,1850000,1850000,,
883.6,-500,-9010000,12710000,885.2,260.7,0,,-600,-10860000,18.1,"2022-12-26T09:30:00.000Z",1672047000000,18.1,18.1,18.1,0,100,0,,0.7,,Infinity,600,600,700,,10860000,,10860000,
883.6,-500,-9010000,21760000,885.2,260.7,NaN,,0,0,18.1,"2022-12-26T09:32:00.000Z",1672047120000,18.1,18.1,18.1,0,0,100,,,1.9,NaN,,500,1200,500,9050000,,,9050000
883.6,200,3660000.000000002,38050000,885.2,260.7,Infinity,700,700,12670000.000000002,18.1,"2022-12-26T09:34:00.000Z",1672047240000,18.1,18.1,18.1,77.8,0,22.2,0.8,,0.8,0,,900,2100,200,16290000.000000002,12670000.000000002,,3620000.0000000005
883.6,-300,3651000.000000002,38059000,885.2,260.7,0,,-500,-9000,18,"2022-12-26T09:36:00.000Z",1672047360000,18,18,18,0,100,0,,0.6,,Infinity,500,500,2600,,9000,,9000,
883.6,-1300,3633000.000000002,47127000,885.2,260.7,0,,-1000,-18000,18,"2022-12-26T09:40:00.000Z",1672047600000,18.1,18,18.1,0,66.7,33.3,,1.1,1.9,Infinity,1000,1500,4100,500,9068000,,18000,9050000
883.6,-1200,9089400.000000002,52590600,885.2,260.7,1.5,300,100,5456400,18.2,"2022-12-26T09:48:00.000Z",1672048080000,18.2,18,18,60,40,0,0.3,0.2,,0.7,200,500,4600,,5463600,5460000,3600,
883.6,-1100,10909400.000000002,54410600,885.2,260.7,Infinity,100,100,1820000,18.2,"2022-12-26T10:04:00.000Z",1672049040000,18.2,18.2,18.2,100,0,0,0.1,,,0,,100,4700,,1820000,1820000,,
883.6,-1200,9099400.000000002,56220600,885.2,260.7,0,,-100,-1810000.0000000002,18.1,"2022-12-26T10:08:00.000Z",1672049280000,18.1,18.1,18.1,0,100,0,,0.1,,Infinity,100,100,4800,,1810000.0000000002,,1810000.0000000002,
883.6,-500,21769400.000000004,74320600,885.2,260.7,Infinity,700,700,12670000.000000002,18.1,"2022-12-26T10:12:00.000Z",1672049520000,18.1,18.1,18.1,70,0,30,0.8,,1.2,0,,1000,5800,300,18100000,12670000.000000002,,5430000
883.6,1600,21807200.000000004,74358400,885.2,260.7,Infinity,2100,2100,37800,18,"2022-12-26T10:24:00.000Z",1672050240000,18,18,18,100,0,0,2.4,,,0,,2100,7900,,37800,37800,,
883.6,1600,21807200.000000004,76148400,885.2,260.7,NaN,,0,0,17.9,"2022-12-26T10:26:00.000Z",1672050360000,17.9,17.9,17.9,0,0,100,,,0.4,NaN,,100,8000,100,1789999.9999999998,,,1789999.9999999998
883.6,3600,57407200,111748400,885.2,260.7,Infinity,2000,2000,35600000,17.8,"2022-12-26T10:28:00.000Z",1672050480000,17.8,17.8,17.8,100,0,0,2.3,,,0,,2000,10000,,35600000,35600000,,
883.6,4000,64527200,118868400,885.2,260.7,Infinity,400,400,7120000,17.8,"2022-12-26T10:38:00.000Z",1672051080000,17.8,17.8,17.8,100,0,0,0.5,,,0,,400,10400,,7120000,7120000,,
883.6,5000,82327200,136668400,885.2,260.7,Infinity,1000,1000,17800000,17.8,"2022-12-26T10:46:00.000Z",1672051560000,17.8,17.8,17.8,100,0,0,1.1,,,0,,1000,11400,,17800000,17800000,,
883.6,5700,93009000,147350200,885.2,260.7,Infinity,700,700,10681800,18,"2022-12-26T10:48:00.000Z",1672051680000,18,17.8,17.8,100,0,0,0.8,,,0,,700,12100,,10681800,10681800,,
883.6,6000,93014400,147355600,885.2,260.7,Infinity,300,300,5400,18,"2022-12-26T11:04:00.000Z",1672052640000,18,18,18,100,0,0,0.3,,,0,,300,12400,,5400,5400,,
883.6,5300,80554400,159815600,885.2,260.7,0,,-700,-12460000,17.8,"2022-12-26T11:16:00.000Z",1672053360000,17.8,17.8,17.8,0,100,0,,0.8,,Infinity,700,700,13100,,12460000,,12460000,
883.6,5600,85894400,165155600,885.2,260.7,Infinity,300,300,5340000,17.8,"2022-12-26T11:18:00.000Z",1672053480000,17.8,17.8,17.8,100,0,0,0.3,,,0,,300,13400,,5340000,5340000,,
883.6,4700,69964400,181085600,885.2,260.7,0,,-900,-15930000,17.7,"2022-12-26T11:28:00.000Z",1672054080000,17.7,17.7,17.7,0,100,0,,1,,Infinity,900,900,14300,,15930000,,15930000,
883.6,3700,52264400,198785600,885.2,260.7,0,,-1000,-17700000,17.7,"2022-12-26T12:58:00.000Z",1672059480000,17.7,17.7,17.7,0,100,0,,1.1,,Infinity,1000,1000,15300,,17700000,,17700000,
883.6,3300,45334400,244655600,885.2,260.7,0.7,1100,-400,-6930000,17.7,"2022-12-26T13:00:00.000Z",1672059600000,17.7,17.6,17.7,42.3,57.7,0,1.2,1.7,,1.4,1500,2600,17900,,45870000,19470000,26400000,
883.6,3900,55954400,255275600,885.2,260.7,Infinity,600,600,10620000,17.7,"2022-12-26T13:02:00.000Z",1672059720000,17.7,17.7,17.7,100,0,0,0.7,,,0,,600,18500,,10620000,10620000,,
883.6,2900,38254400,272975600,885.2,260.7,0,,-1000,-17700000,17.7,"2022-12-26T13:04:00.000Z",1672059840000,17.7,17.7,17.7,0,100,0,,1.1,,Infinity,1000,1000,19500,,17700000,,17700000,
883.6,2400,29504400,299425600,885.2,260.7,0.5,500,-500,-8750000,17.6,"2022-12-26T13:06:00.000Z",1672059960000,17.7,17.6,17.7,33.3,66.7,0,0.6,1.1,,2,1000,1500,21000,,26450000,8850000,17600000,
883.6,2300,27744400,301185600,885.2,260.7,0,,-100,-1760000.0000000002,17.6,"2022-12-26T13:08:00.000Z",1672060080000,17.6,17.6,17.6,0,100,0,,0.1,,Infinity,100,100,21100,,1760000.0000000002,,1760000.0000000002,
883.6,1300,10144400,318785600,885.2,260.7,0,,-1000,-17600000,17.6,"2022-12-26T13:10:00.000Z",1672060200000,17.6,17.6,17.6,0,100,0,,1.1,,Infinity,1000,1000,22100,,17600000,,17600000,
883.6,1400,11914400,320555600,885.2,260.7,Infinity,100,100,1770000,17.7,"2022-12-26T13:12:00.000Z",1672060320000,17.7,17.7,17.7,100,0,0,0.1,,,0,,100,22200,,1770000,1770000,,
883.6,-2500,-57115600,412725600,885.2,260.7,0,,-3900,-69030000,17.8,"2022-12-26T13:14:00.000Z",1672060440000,17.8,17.7,17.7,0,75,25,,4.4,5,Infinity,3900,5200,27400,1300,92170000,,69030000,23140000
883.6,-2000,-48165600,421675600,885.2,260.7,Infinity,500,500,8950000,17.9,"2022-12-26T13:16:00.000Z",1672060560000,17.9,17.9,17.9,100,0,0,0.6,,,0,,500,27900,,8950000,8950000,,
883.6,-1500,-39215600,430625600,885.2,260.7,Infinity,500,500,8950000,17.9,"2022-12-26T13:18:00.000Z",1672060680000,17.9,17.9,17.9,100,0,0,0.6,,,0,,500,28400,,8950000,8950000,,
883.6,-1300,-42788400,434212800,885.2,260.7,2,400,200,-3572799.9999999995,18,"2022-12-26T13:20:00.000Z",1672060800000,18,17.9,17.9,66.7,33.3,0,0.5,0.2,,0.5,200,600,29000,,3587199.9999999995,7200,3579999.9999999995,
883.6,-1400,-44578400,436002800,885.2,260.7,0,,-100,-1789999.9999999998,17.9,"2022-12-26T13:22:00.000Z",1672060920000,17.9,17.9,17.9,0,100,0,,0.1,,Infinity,100,100,29100,,1789999.9999999998,,1789999.9999999998,
883.6,-3100,-75008400,466432800,885.2,260.7,0,,-1700,-30429999.999999996,17.9,"2022-12-26T13:24:00.000Z",1672061040000,17.9,17.9,17.9,0,100,0,,1.9,,Infinity,1700,1700,30800,,30429999.999999996,,30429999.999999996,
883.6,-3600,-83888400,482472800,885.2,260.7,0.3,200,-500,-8880000,17.9,"2022-12-26T13:26:00.000Z",1672061160000,17.9,17.8,17.8,22.2,77.8,0,0.2,0.8,,3.5,700,900,31700,,16040000,3579999.9999999995,12460000,
883.6,-4700,-103468400,502052800,885.2,260.7,0,,-1100,-19580000,17.8,"2022-12-26T13:28:00.000Z",1672061280000,17.8,17.8,17.8,0,100,0,,1.2,,Infinity,1100,1100,32800,,19580000,,19580000,
883.6,-4700,-103448400,509152800,885.2,260.7,1,200,0,20000,17.8,"2022-12-26T13:32:00.000Z",1672061520000,17.8,17.7,17.7,50,50,0,0.2,0.2,,1,200,400,33200,,7100000,3560000,3540000,
883.6,-5800,-122628400,649372800,885.2,260.7,0.7,2900,-1100,-19180000,17.8,"2022-12-26T13:34:00.000Z",1672061640000,17.8,17.7,17.8,36.7,50.6,12.7,3.3,4.5,3.8,1.4,4000,7900,41100,1000,140220000,51620000,70800000,17800000
883.6,-5900,-124398400,651142800,885.2,260.7,0,,-100,-1770000,17.7,"2022-12-26T13:36:00.000Z",1672061760000,17.7,17.7,17.7,0,100,0,,0.1,,Infinity,100,100,41200,,1770000,,1770000,
883.6,-5200,-111908400,674252800,885.2,260.7,3.3,1000,700,12490000,17.8,"2022-12-26T13:38:00.000Z",1672061880000,17.8,17.7,17.7,76.9,23.1,0,1.1,0.3,,0.3,300,1300,42500,,23110000,17800000,5310000,
883.6,-2200,-58508400,727652800,885.2,260.7,Infinity,3000,3000,53400000,17.8,"2022-12-26T13:40:00.000Z",1672062000000,17.8,17.8,17.8,100,0,0,3.4,,,0,,3000,45500,,53400000,53400000,,
883.6,2000,16251600,802412800,885.2,260.7,Infinity,4200,4200,74760000,17.8,"2022-12-26T13:42:00.000Z",1672062120000,17.8,17.8,17.8,100,0,0,4.8,,,0,,4200,49700,,74760000,74760000,,
883.6,4200,55411600,870052800,885.2,260.7,3.8,3000,2200,39160000,17.8,"2022-12-26T13:44:00.000Z",1672062240000,17.8,17.8,17.8,78.9,21.1,0,3.4,0.9,,0.3,800,3800,53500,,67640000,53400000,14240000,
883.6,4400,58971600,873612800,885.2,260.7,Infinity,200,200,3560000,17.8,"2022-12-26T13:46:00.000Z",1672062360000,17.8,17.8,17.8,100,0,0,0.2,,,0,,200,53700,,3560000,3560000,,
883.6,6400,94571600,909212800,885.2,260.7,Infinity,2000,2000,35600000,17.8,"2022-12-26T13:50:00.000Z",1672062600000,17.8,17.8,17.8,100,0,0,2.3,,,0,,2000,55700,,35600000,35600000,,
883.6,12700,206711600,1021352800,885.2,260.7,Infinity,6300,6300,112140000,17.8,"2022-12-26T13:56:00.000Z",1672062960000,17.8,17.8,17.8,100,0,0,7.1,,,0,,6300,62000,,112140000,112140000,,
883.6,13700,224511600,1039152800,885.2,260.7,Infinity,1000,1000,17800000,17.8,"2022-12-26T13:58:00.000Z",1672063080000,17.8,17.8,17.8,100,0,0,1.1,,,0,,1000,63000,,17800000,17800000,,
883.6,13600,222741600,1040922800,885.2,260.7,0,,-100,-1770000,17.7,"2022-12-26T14:02:00.000Z",1672063320000,17.7,17.7,17.7,0,100,0,,0.1,,Infinity,100,100,63100,,1770000,,1770000,
883.6,12900,210351600,1053312800,885.2,260.7,0,,-700,-12390000,17.7,"2022-12-26T14:04:00.000Z",1672063440000,17.7,17.7,17.7,0,100,0,,0.8,,Infinity,700,700,63800,,12390000,,12390000,
883.6,2000,17421600,1246242800,885.2,260.7,0,,-10900,-192930000,17.7,"2022-12-26T14:06:00.000Z",1672063560000,17.7,17.7,17.7,0,100,0,,12.3,,Infinity,10900,10900,74700,,192930000,,192930000,
883.6,8400,130701600,1423242800,885.2,260.7,4.6,8200,6400,113280000,17.7,"2022-12-26T14:08:00.000Z",1672063680000,17.7,17.7,17.7,82,18,0,9.3,2,,0.2,1800,10000,84700,,177000000,145140000,31860000,
883.6,5800,85201600,1589002800,885.2,260.7,0.3,1000,-2600,-45500000,17.5,"2022-12-26T14:12:00.000Z",1672063920000,17.5,17.4,17.5,10.5,37.9,51.6,1.1,4.1,18.8,3.6,3600,9500,94200,4900,165760000,17500000,63000000,85260000
883.6,10900,175451600,1691502800,885.2,260.7,Infinity,5100,5100,90250000,17.7,"2022-12-26T14:14:00.000Z",1672064040000,17.7,17.5,17.5,87.9,0,12.1,5.8,,2.7,0,,5800,100000,700,102500000,90250000,,12250000
883.6,10700,171931600,1695022800,885.2,260.7,0,,-200,-3520000.0000000005,17.6,"2022-12-26T14:16:00.000Z",1672064160000,17.6,17.6,17.6,0,100,0,,0.2,,Infinity,200,200,100200,,3520000.0000000005,,3520000.0000000005,
883.6,10400,166651600,1700302800,885.2,260.7,0,,-300,-5280000,17.6,"2022-12-26T14:18:00.000Z",1672064280000,17.6,17.6,17.6,0,100,0,,0.3,,Infinity,300,300,100500,,5280000,,5280000,
883.6,10400,166651600,1702052800,885.2,260.7,NaN,,0,0,17.5,"2022-12-26T14:20:00.000Z",1672064400000,17.5,17.5,17.5,0,0,100,,,0.4,NaN,,100,100600,100,1750000,,,1750000
883.6,8300,130521600,1746772800,885.2,260.7,0,100,-2100,-36130000,17.1,"2022-12-26T14:22:00.000Z",1672064520000,17.3,17.1,17.3,3.8,84.6,11.5,0.1,2.5,1.2,22,2200,2600,103200,300,44720000,1730000,37860000,5130000
883.6,900,32474400,1848271400,885.2,260.7,0.2,2200,-7400,-98047200,16.9,"2022-12-26T14:24:00.000Z",1672064640000,17,16.9,17,18.6,81.4,0,2.5,10.8,,4.4,9600,11800,115000,,101498600,1725699.9999999998,99772900,
883.6,1400,32482900,1848279900,885.2,260.7,Infinity,500,500,8500,17,"2022-12-26T14:26:00.000Z",1672064760000,17,17,17,100,0,0,0.6,,,0,,500,115500,,8500,8500,,
883.6,-100,379700,1880396700,885.2,260.7,0.2,400,-1500,-32103200,16.9,"2022-12-26T14:28:00.000Z",1672064880000,17,16.9,17,17.4,82.6,0,0.5,2.1,,4.8,1900,2300,117800,,32116800,6800,32110000,
883.6,-100,379700,1981796700,885.2,260.7,NaN,,0,0,16.9,"2022-12-26T14:44:00.000Z",1672065840000,16.9,16.9,16.9,0,0,100,,,23,NaN,,6000,123800,6000,101399999.99999999,,,101399999.99999999
