"abu","acum_busd","acum_busd_val","acum_val","asd","auk","bs","bu","bu-sd","bu-sd_val","c","date","datetime","h","l","o","pbu","psd","puk","rbu","rsd","ruk","sb","sd","sum_vol","total_vol","uk","val","val_bu","val_sd","val_uk"
5046.7,-1200,-4452000,4452000,5058.9,28.9,0,,-1200,-4452000,3.71,"2022-12-26T09:14:00.000Z",1672046040000,3.71,3.71,3.71,0,100,0,,0.2,,Infinity,1200,1200,1200,,4452000,,4452000,
5046.7,-1400,-5197000,19257000,5058.9,28.9,0.9,1900,-200,-745000,3.7,"2022-12-26T09:16:00.000Z",1672046160000,3.71,3.7,3.71,47.5,52.5,0,0.4,0.4,,1.1,2100,4000,5200,,14805000,7030000,7775000,
5046.7,-1300,-4812000,26332000,5058.9,28.9,1.1,1000,100,385000,3.73,"2022-12-26T09:18:00.000Z",1672046280000,3.73,3.7,3.7,52.6,47.4,0,0.2,0.2,,0.9,900,1900,7100,,7075000,3730000,3345000,
5046.7,-1400,-5185000,29689000,5058.9,28.9,0.8,400,-100,-373000,3.73,"2022-12-26T09:20:00.000Z",1672046400000,3.73,3.73,3.73,44.4,55.6,0,0.1,0.1,,1.3,500,900,8000,,3357000,1492000,1865000,
5046.7,59700,223460000,316980000,5058.9,28.9,8.7,69000,61100,228645000,3.75,"2022-12-26T09:22:00.000Z",1672046520000,3.75,3.7,3.73,89.7,10.3,0,13.7,1.6,,0.1,7900,76900,84900,,287291000,257968000,29323000,
5046.7,56700,212230000,328210000,5058.9,28.9,0,,-3000,-11230000,3.73,"2022-12-26T09:24:00.000Z",1672046640000,3.75,3.73,3.75,0,100,0,,0.6,,Infinity,3000,3000,87900,,11230000,,11230000,
5046.7,55100,206262000,334178000,5058.9,28.9,0,,-1600,-5968000,3.73,"2022-12-26T09:26:00.000Z",1672046760000,3.73,3.73,3.73,0,100,0,,0.3,,Infinity,1600,1600,89500,,5968000,,5968000,
5046.7,54300,203278000,337162000,5058.9,28.9,0,,-800,-2984000,3.73,"2022-12-26T09:28:00.000Z",1672046880000,3.73,3.73,3.73,0,100,0,,0.2,,Infinity,800,800,90300,,2984000,,2984000,
5046.7,51100,191410000,349030000,5058.9,28.9,0,,-3200,-11868000,3.7,"2022-12-26T09:32:00.000Z",1672047120000,3.71,3.7,3.71,0,100,0,,0.6,,Infinity,3200,3200,93500,,11868000,,11868000,
5046.7,50000,187340000,353100000,5058.9,28.9,0,,-1100,-4070000,3.7,"2022-12-26T09:36:00.000Z",1672047360000,3.7,3.7,3.7,0,100,0,,0.2,,Infinity,1100,1100,94600,,4070000,,4070000,
5046.7,51100,191421000,357181000,5058.9,28.9,Infinity,1100,1100,4081000,3.71,"2022-12-26T09:38:00.000Z",1672047480000,3.71,3.71,3.71,100,0,0,0.2,,,0,,1100,95700,,4081000,4081000,,
5046.7,50200,188092000,361252000,5058.9,28.9,0.1,100,-900,-3329000,3.71,"2022-12-26T09:40:00.000Z",1672047600000,3.71,3.7,3.7,9.1,90.9,0,0,0.2,,10,1000,1100,96800,,4071000,371000,3700000,
5046.7,46200,173378000,379676000,5058.9,28.9,0.1,500,-4000,-14714000,3.67,"2022-12-26T09:44:00.000Z",1672047840000,3.71,3.67,3.71,10,90,0,0.1,0.9,,9,4500,5000,101800,,18424000,1855000,16569000,
5046.7,34600,132946000,706488000,5058.9,28.9,0.8,38700,-11600,-40432000,3.7,"2022-12-26T09:46:00.000Z",1672047960000,3.7,3.65,3.67,43.5,56.5,0,7.7,9.9,,1.3,50300,89000,190800,,326812000,143190000,183622000,
5046.7,35000,134426000,707968000,5058.9,28.9,Infinity,400,400,1480000,3.7,"2022-12-26T09:48:00.000Z",1672048080000,3.7,3.7,3.7,100,0,0,0.1,,,0,,400,191200,,1480000,1480000,,
5046.7,36000,138126000,711668000,5058.9,28.9,Infinity,1000,1000,3700000,3.7,"2022-12-26T09:50:00.000Z",1672048200000,3.7,3.7,3.7,100,0,0,0.2,,,0,,1000,192200,,3700000,3700000,,
5046.7,39000,149226000,722768000,5058.9,28.9,Infinity,3000,3000,11100000,3.7,"2022-12-26T09:52:00.000Z",1672048320000,3.7,3.7,3.7,100,0,0,0.6,,,0,,3000,195200,,11100000,11100000,,
5046.7,40200,153666000,727208000,5058.9,28.9,Infinity,1200,1200,4440000,3.7,"2022-12-26T09:54:00.000Z",1672048440000,3.7,3.7,3.7,100,0,0,0.2,,,0,,1200,196400,,4440000,4440000,,
5046.7,46400,176652000,750194000,5058.9,28.9,Infinity,6200,6200,22986000,3.71,"2022-12-26T09:56:00.000Z",1672048560000,3.71,3.7,3.7,100,0,0,1.2,,,0,,6200,202600,,22986000,22986000,,
5046.7,41000,156618000,770228000,5058.9,28.9,0,,-5400,-20034000,3.71,"2022-12-26T10:00:00.000Z",1672048800000,3.71,3.71,3.71,0,100,0,,1.1,,Infinity,5400,5400,208000,,20034000,,20034000,
5046.7,40100,153288000,773558000,5058.9,28.9,0,,-900,-3330000,3.7,"2022-12-26T10:02:00.000Z",1672048920000,3.7,3.7,3.7,0,100,0,,0.2,,Infinity,900,900,208900,,3330000,,3330000,
5046.7,39900,152552000,774294000,5058.9,28.9,0,,-200,-736000,3.68,"2022-12-26T10:04:00.000Z",1672049040000,3.68,3.68,3.68,0,100,0,,0,,Infinity,200,200,209100,,736000,,736000,
5046.7,40400,154407000,776149000,5058.9,28.9,Infinity,500,500,1855000,3.71,"2022-12-26T10:14:00.000Z",1672049640000,3.71,3.71,3.71,100,0,0,0.1,,,0,,500,209600,,1855000,1855000,,
5046.7,40500,154778000,776520000,5058.9,28.9,Infinity,100,100,371000,3.71,"2022-12-26T10:18:00.000Z",1672049880000,3.71,3.71,3.71,100,0,0,0,,,0,,100,209700,,371000,371000,,
5046.7,26700,103905000,827393000,5058.9,28.9,0,,-13800,-50873000,3.68,"2022-12-26T10:20:00.000Z",1672050000000,3.69,3.68,3.69,0,100,0,,2.7,,Infinity,13800,13800,223500,,50873000,,50873000,
5046.7,26600,103537000,827761000,5058.9,28.9,0,,-100,-368000,3.68,"2022-12-26T10:24:00.000Z",1672050240000,3.68,3.68,3.68,0,100,0,,0,,Infinity,100,100,223600,,368000,,368000,
5046.7,26800,104273000,828497000,5058.9,28.9,Infinity,200,200,736000,3.68,"2022-12-26T10:26:00.000Z",1672050360000,3.68,3.68,3.68,100,0,0,0,,,0,,200,223800,,736000,736000,,
5046.7,26700,103905000,829233000,5058.9,28.9,0,,-100,-368000,3.68,"2022-12-26T10:28:00.000Z",1672050480000,3.68,3.68,3.68,0,50,50,,0,3.5,Infinity,100,200,224000,100,736000,,368000,368000
5046.7,26100,101708000,839548000,5058.9,28.9,0.6,1100,-600,-2197000,3.68,"2022-12-26T10:40:00.000Z",1672051200000,3.69,3.68,3.69,39.3,60.7,0,0.2,0.3,,1.5,1700,2800,226800,,10315000,4059000,6256000,
5046.7,30600,118314000,856890000,5058.9,28.9,46,4600,4500,16606000,3.68,"2022-12-26T10:42:00.000Z",1672051320000,3.69,3.68,3.69,97.9,2.1,0,0.9,0,,0,100,4700,231500,,17342000,16974000,368000,
5046.7,31400,121256000,868668000,5058.9,28.9,1.7,2000,800,2942000,3.68,"2022-12-26T10:46:00.000Z",1672051560000,3.69,3.68,3.69,62.5,37.5,0,0.4,0.2,,0.6,1200,3200,234700,,11778000,7360000,4418000,
5046.7,31500,121625000,869037000,5058.9,28.9,Infinity,100,100,369000,3.69,"2022-12-26T10:48:00.000Z",1672051680000,3.69,3.69,3.69,100,0,0,0,,,0,,100,234800,,369000,369000,,
5046.7,31500,121625000,873085000,5058.9,28.9,NaN,,0,0,3.68,"2022-12-26T10:50:00.000Z",1672051800000,3.68,3.68,3.68,0,0,100,,,38.1,NaN,,1100,235900,1100,4048000,,,4048000
5046.7,26500,103274000,891436000,5058.9,28.9,0,,-5000,-18351000,3.67,"2022-12-26T10:52:00.000Z",1672051920000,3.68,3.67,3.68,0,100,0,,1,,Infinity,5000,5000,240900,,18351000,,18351000,
5046.7,26800,104378000,892540000,5058.9,28.9,Infinity,300,300,1104000,3.68,"2022-12-26T10:56:00.000Z",1672052160000,3.68,3.68,3.68,100,0,0,0.1,,,0,,300,241200,,1104000,1104000,,
5046.7,31800,122778000,910940000,5058.9,28.9,Infinity,5000,5000,18400000,3.68,"2022-12-26T11:00:00.000Z",1672052400000,3.68,3.68,3.68,100,0,0,1,,,0,,5000,246200,,18400000,18400000,,
5046.7,30500,118007000,916445000,5058.9,28.9,0.1,100,-1300,-4771000,3.67,"2022-12-26T11:04:00.000Z",1672052640000,3.67,3.67,3.67,6.7,93.3,0,0,0.3,,14,1400,1500,247700,,5505000,367000,5138000,
5046.7,10400,44442000,998796000,5058.9,28.9,0.1,1200,-20100,-73565000,3.66,"2022-12-26T11:06:00.000Z",1672052760000,3.67,3.66,3.67,5.3,94.7,0,0.2,4.2,,17.8,21300,22500,270200,,82351000,4393000,77958000,
5046.7,12300,51396000,1005750000,5058.9,28.9,Infinity,1900,1900,6954000,3.66,"2022-12-26T11:08:00.000Z",1672052880000,3.66,3.66,3.66,100,0,0,0.4,,,0,,1900,272100,,6954000,6954000,,
5046.7,30000,116536000,1088458000,5058.9,28.9,8.4,20100,17700,65140000,3.68,"2022-12-26T11:10:00.000Z",1672053000000,3.68,3.66,3.66,89.3,10.7,0,4,0.5,,0.1,2400,22500,294600,,82708000,73924000,8784000,
5046.7,30100,116902000,1088824000,5058.9,28.9,Infinity,100,100,366000,3.66,"2022-12-26T11:12:00.000Z",1672053120000,3.66,3.66,3.66,100,0,0,0,,,0,,100,294700,,366000,366000,,
5046.7,25100,98658000,1111460000,5058.9,28.9,0.1,600,-5000,-18244000,3.66,"2022-12-26T11:16:00.000Z",1672053360000,3.66,3.65,3.65,9.7,90.3,0,0.1,1.1,,9.3,5600,6200,300900,,22636000,2196000,20440000,
5046.7,29500,114762000,1127564000,5058.9,28.9,Infinity,4400,4400,16104000,3.66,"2022-12-26T11:18:00.000Z",1672053480000,3.66,3.66,3.66,100,0,0,0.9,,,0,,4400,305300,,16104000,16104000,,
5046.7,28700,111834000,1134884000,5058.9,28.9,0.4,600,-800,-2928000,3.66,"2022-12-26T11:22:00.000Z",1672053720000,3.66,3.66,3.66,30,70,0,0.1,0.3,,2.3,1400,2000,307300,,7320000,2196000,5124000,
5046.7,16100,65834000,1180884000,5058.9,28.9,0,,-12600,-46000000,3.65,"2022-12-26T11:24:00.000Z",1672053840000,3.66,3.65,3.66,0,100,0,,2.5,,Infinity,12600,12600,319900,,46000000,,46000000,
5046.7,-800,4818000,1242630000,5058.9,28.9,0,100,-16900,-61016000,3.6,"2022-12-26T11:26:00.000Z",1672053960000,3.65,3.6,3.65,0.6,99.4,0,0,3.4,,170,17000,17100,337000,,61746000,365000,61381000,
5046.7,2100,15260000,1253788000,5058.9,28.9,30,3000,2900,10442000,3.6,"2022-12-26T11:28:00.000Z",1672054080000,3.6,3.58,3.6,96.8,3.2,0,0.6,0,,0,100,3100,340100,,11158000,10800000,358000,
5046.7,-2900,-2698000,1271746000,5058.9,28.9,0,,-5000,-17958000,3.58,"2022-12-26T13:00:00.000Z",1672059600000,3.6,3.58,3.6,0,100,0,,1,,Infinity,5000,5000,345100,,17958000,,17958000,
5046.7,-3800,-5934000,1275710000,5058.9,28.9,0.1,100,-900,-3236000,3.6,"2022-12-26T13:02:00.000Z",1672059720000,3.64,3.6,3.64,9.1,90.9,0,0,0.2,,10,1000,1100,346200,,3964000,364000,3600000,
5046.7,-3600,-5206000,1276438000,5058.9,28.9,Infinity,200,200,728000,3.64,"2022-12-26T13:06:00.000Z",1672059960000,3.64,3.64,3.64,100,0,0,0,,,0,,200,346400,,728000,728000,,
5046.7,-4100,-7006000,1278238000,5058.9,28.9,0,,-500,-1800000,3.6,"2022-12-26T13:08:00.000Z",1672060080000,3.6,3.6,3.6,0,100,0,,0.1,,Infinity,500,500,346900,,1800000,,1800000,
5046.7,-7000,-17443000,1293001000,5058.9,28.9,0.2,600,-2900,-10437000,3.6,"2022-12-26T13:10:00.000Z",1672060200000,3.63,3.6,3.63,14.6,85.4,0,0.1,0.7,,5.8,3500,4100,351000,,14763000,2163000,12600000,
5046.7,2500,16775000,1337967000,5058.9,28.9,7.3,11000,9500,34218000,3.58,"2022-12-26T13:12:00.000Z",1672060320000,3.6,3.58,3.6,88,12,0,2.2,0.3,,0.1,1500,12500,363500,,44966000,39592000,5374000,
5046.7,2000,14988000,1340476000,5058.9,28.9,0.2,100,-500,-1787000,3.58,"2022-12-26T13:16:00.000Z",1672060560000,3.61,3.58,3.61,14.3,85.7,0,0,0.1,,6,600,700,364200,,2509000,361000,2148000,
5046.7,2100,15349000,1340837000,5058.9,28.9,Infinity,100,100,361000,3.61,"2022-12-26T13:18:00.000Z",1672060680000,3.61,3.61,3.61,100,0,0,0,,,0,,100,364300,,361000,361000,,
5046.7,3300,19672000,1347314000,5058.9,28.9,5,1500,1200,4323000,3.59,"2022-12-26T13:20:00.000Z",1672060800000,3.6,3.59,3.6,83.3,16.7,0,0.3,0.1,,0.2,300,1800,366100,,6477000,5400000,1077000,
5046.7,3400,20031000,1347673000,5058.9,28.9,Infinity,100,100,359000,3.59,"2022-12-26T13:22:00.000Z",1672060920000,3.59,3.59,3.59,100,0,0,0,,,0,,100,366200,,359000,359000,,
5046.7,-11500,-33222000,1401640000,5058.9,28.9,0,100,-14900,-53253000,3.57,"2022-12-26T13:26:00.000Z",1672061160000,3.58,3.56,3.58,0.7,99.3,0,0,3,,150,15000,15100,381300,,53967000,357000,53610000,
5046.7,-25000,-81214000,1450342000,5058.9,28.9,0,100,-13500,-47992000,3.55,"2022-12-26T13:28:00.000Z",1672061280000,3.57,3.55,3.57,0.7,99.3,0,0,2.7,,136,13600,13700,395000,,48702000,355000,48347000,
5046.7,-25300,-82313000,1487263000,5058.9,28.9,0.9,5100,-300,-1099000,3.53,"2022-12-26T13:30:00.000Z",1672061400000,3.53,3.51,3.53,48.6,51.4,0,1,1.1,,1.1,5400,10500,405500,,36921000,17911000,19010000,
5046.7,-53600,-181515000,1616657000,5058.9,28.9,0.1,4300,-28300,-99202000,3.5,"2022-12-26T13:32:00.000Z",1672061520000,3.54,3.5,3.53,11.7,88.3,0,0.9,6.4,,7.6,32600,36900,442400,,129394000,15096000,114298000,
5046.7,-61700,-209865000,1645007000,5058.9,28.9,0,,-8100,-28350000,3.5,"2022-12-26T13:34:00.000Z",1672061640000,3.5,3.5,3.5,0,100,0,,1.6,,Infinity,8100,8100,450500,,28350000,,28350000,
5046.7,-56600,-191811000,1663061000,5058.9,28.9,Infinity,5100,5100,18054000,3.54,"2022-12-26T13:36:00.000Z",1672061760000,3.54,3.54,3.54,100,0,0,1,,,0,,5100,455600,,18054000,18054000,,
5046.7,-56300,-190752000,1664120000,5058.9,28.9,Infinity,300,300,1059000,3.53,"2022-12-26T13:38:00.000Z",1672061880000,3.53,3.53,3.53,100,0,0,0.1,,,0,,300,455900,,1059000,1059000,,
5046.7,-49600,-167034000,1687838000,5058.9,28.9,Infinity,6700,6700,23718000,3.54,"2022-12-26T13:40:00.000Z",1672062000000,3.54,3.54,3.54,100,0,0,1.3,,,0,,6700,462600,,23718000,23718000,,
5046.7,-45000,-150730000,1718262000,5058.9,28.9,3.3,6600,4600,16304000,3.54,"2022-12-26T13:42:00.000Z",1672062120000,3.54,3.53,3.53,76.7,23.3,0,1.3,0.4,,0.3,2000,8600,471200,,30424000,23364000,7060000,
5046.7,-42600,-142232000,1728172000,5058.9,28.9,13,2600,2400,8498000,3.54,"2022-12-26T13:44:00.000Z",1672062240000,3.54,3.53,3.54,92.9,7.1,0,0.5,0,,0.1,200,2800,474000,,9910000,9204000,706000,
5046.7,-40800,-135842000,1734562000,5058.9,28.9,Infinity,1800,1800,6390000,3.55,"2022-12-26T13:46:00.000Z",1672062360000,3.55,3.55,3.55,100,0,0,0.4,,,0,,1800,475800,,6390000,6390000,,
5046.7,-40700,-135483000,1735279000,5058.9,28.9,Infinity,100,100,359000,3.59,"2022-12-26T13:48:00.000Z",1672062480000,3.59,3.58,3.58,50,0,50,0,,3.5,0,,200,476000,100,717000,359000,,358000
5046.7,-42400,-141508000,1744176000,5058.9,28.9,0.2,400,-1700,-6025000,3.54,"2022-12-26T13:50:00.000Z",1672062600000,3.59,3.54,3.59,16,84,0,0.1,0.4,,5.3,2100,2500,478500,,8897000,1436000,7461000,
5046.7,-43300,-144689000,1748785000,5058.9,28.9,0.2,200,-900,-3181000,3.55,"2022-12-26T13:52:00.000Z",1672062720000,3.57,3.54,3.54,15.4,84.6,0,0,0.2,,5.5,1100,1300,479800,,4609000,714000,3895000,
5046.7,-40400,-134353000,1767641000,5058.9,28.9,3.4,4100,2900,10336000,3.56,"2022-12-26T13:54:00.000Z",1672062840000,3.56,3.55,3.55,77.4,22.6,0,0.8,0.2,,0.3,1200,5300,485100,,18856000,14596000,4260000,
5046.7,-33800,-110857000,1791137000,5058.9,28.9,Infinity,6600,6600,23496000,3.56,"2022-12-26T13:56:00.000Z",1672062960000,3.56,3.56,3.56,100,0,0,1.3,,,0,,6600,491700,,23496000,23496000,,
5046.7,-34400,-112993000,1796833000,5058.9,28.9,0.5,500,-600,-2136000,3.56,"2022-12-26T13:58:00.000Z",1672063080000,3.56,3.56,3.56,31.3,68.8,0,0.1,0.2,,2.2,1100,1600,493300,,5696000,1780000,3916000,
5046.7,-32000,-104429000,1819597000,5058.9,28.9,2.2,4400,2400,8564000,3.56,"2022-12-26T14:00:00.000Z",1672063200000,3.56,3.55,3.56,68.8,31.3,0,0.9,0.4,,0.5,2000,6400,499700,,22764000,15664000,7100000,
5046.7,-28500,-91923000,1839935000,5058.9,28.9,4.2,4600,3500,12506000,3.57,"2022-12-26T14:02:00.000Z",1672063320000,3.57,3.56,3.56,80.7,19.3,0,0.9,0.2,,0.2,1100,5700,505400,,20338000,16422000,3916000,
5046.7,-29000,-93708000,1844576000,5058.9,28.9,0.4,400,-500,-1785000,3.57,"2022-12-26T14:04:00.000Z",1672063440000,3.57,3.57,3.57,30.8,69.2,0,0.1,0.2,,2.3,900,1300,506700,,4641000,1428000,3213000,
5046.7,-35000,-115108000,1865976000,5058.9,28.9,0,,-6000,-21400000,3.56,"2022-12-26T14:06:00.000Z",1672063560000,3.57,3.56,3.57,0,100,0,,1.2,,Infinity,6000,6000,512700,,21400000,,21400000,
5046.7,-44000,-147058000,1897926000,5058.9,28.9,0,,-9000,-31950000,3.55,"2022-12-26T14:08:00.000Z",1672063680000,3.55,3.55,3.55,0,100,0,,1.8,,Infinity,9000,9000,521700,,31950000,,31950000,
5046.7,-50800,-171141000,1935499000,5058.9,28.9,0.2,1900,-6800,-24083000,3.55,"2022-12-26T14:10:00.000Z",1672063800000,3.55,3.54,3.55,17.9,82.1,0,0.4,1.7,,4.6,8700,10600,532300,,37573000,6745000,30828000,
5046.7,-49100,-165113000,1964871000,5058.9,28.9,1.5,5000,1700,6028000,3.54,"2022-12-26T14:12:00.000Z",1672063920000,3.54,3.53,3.54,60.2,39.8,0,1,0.7,,0.7,3300,8300,540600,,29372000,17700000,11672000,
5046.7,-40200,-133597000,1996387000,5058.9,28.9,Infinity,8900,8900,31516000,3.55,"2022-12-26T14:14:00.000Z",1672064040000,3.55,3.54,3.54,100,0,0,1.8,,,0,,8900,549500,,31516000,31516000,,
5046.7,-42400,-141366000,2017646000,5058.9,28.9,0.5,1900,-2200,-7769000,3.55,"2022-12-26T14:16:00.000Z",1672064160000,3.55,3.54,3.55,31.7,68.3,0,0.4,0.8,,2.2,4100,6000,555500,,21259000,6745000,14514000,
5046.7,-42200,-140656000,2018356000,5058.9,28.9,Infinity,200,200,710000,3.55,"2022-12-26T14:18:00.000Z",1672064280000,3.55,3.55,3.55,100,0,0,0,,,0,,200,555700,,710000,710000,,
5046.7,-62900,-213807000,2103209000,5058.9,28.9,0,1000,-20700,-73151000,3.53,"2022-12-26T14:20:00.000Z",1672064400000,3.55,3.53,3.54,4.2,90.4,5.4,0.2,4.3,45,21.7,21700,24000,579700,1300,84853000,3550000,76701000,4602000
5046.7,-62300,-211677000,2105339000,5058.9,28.9,Infinity,600,600,2130000,3.55,"2022-12-26T14:22:00.000Z",1672064520000,3.55,3.55,3.55,100,0,0,0.1,,,0,,600,580300,,2130000,2130000,,
5046.7,-126800,-437615000,2331277000,5058.9,28.9,0,,-64500,-225938000,3.49,"2022-12-26T14:24:00.000Z",1672064640000,3.53,3.49,3.52,0,100,0,,12.7,,Infinity,64500,64500,644800,,225938000,,225938000,
5046.7,-168500,-582795000,2504357000,5058.9,28.9,0.1,4000,-41700,-145180000,3.48,"2022-12-26T14:26:00.000Z",1672064760000,3.49,3.48,3.49,8,92,0,0.8,9,,11.4,45700,49700,694500,,173080000,13950000,159130000,
5046.7,-189800,-656668000,2604678000,5058.9,28.9,0.2,3800,-21300,-73873000,3.48,"2022-12-26T14:28:00.000Z",1672064880000,3.48,3.47,3.48,13.1,86.9,0,0.8,5,,6.6,25100,28900,723400,,100321000,13224000,87097000,
5046.7,-1100,-1879000,3259467000,5058.9,28.9,Infinity,188700,188700,654789000,3.47,"2022-12-26T14:44:00.000Z",1672065840000,3.47,3.47,3.47,100,0,0,37.4,,,0,,188700,912100,,654789000,654789000,,
