"abu","acum_busd","acum_busd_val","acum_val","asd","auk","bs","bu","bu-sd","bu-sd_val","c","date","datetime","h","l","o","pbu","psd","puk","rbu","rsd","ruk","sb","sd","sum_vol","total_vol","uk","val","val_bu","val_sd","val_uk"
1561.1,-10400,-80080000,80080000,5792.2,180,0,,-10400,-80080000,7.7,"2022-12-26T09:14:00.000Z",1672046040000,7.7,7.7,7.7,0,100,0,,1.8,,Infinity,10400,10400,10400,,80080000,,80080000,
1561.1,-12600,-97040000,97040000,5792.2,180,0,,-2200,-16960000,7.8,"2022-12-26T09:18:00.000Z",1672046280000,7.8,7.7,7.7,0,100,0,,0.4,,Infinity,2200,2200,12600,,16960000,,16960000,
1561.1,-13800,-106401000,106401000,5792.2,180,0,,-1200,-9361000,7.8,"2022-12-26T09:22:00.000Z",1672046520000,7.81,7.8,7.81,0,100,0,,0.2,,Infinity,1200,1200,13800,,9361000,,9361000,
1561.1,-14900,-114981000,116541000,5792.2,180,0.1,100,-1100,-8580000,7.8,"2022-12-26T09:24:00.000Z",1672046640000,7.8,7.8,7.8,7.7,92.3,0,0.1,0.2,,12,1200,1300,15100,,10140000,780000,9360000,
1561.1,-15600,-120301000,178301000,5792.2,180,0.8,3600,-700,-5320000,7.8,"2022-12-26T09:26:00.000Z",1672046760000,7.85,7.8,7.8,45.6,54.4,0,2.3,0.7,,1.2,4300,7900,23000,,61760000,28220000,33540000,
1561.1,-15000,-115581000,195501000,5792.2,180,1.8,1400,600,4720000,7.84,"2022-12-26T09:30:00.000Z",1672047000000,7.84,7.8,7.8,63.6,36.4,0,0.9,0.1,,0.6,800,2200,25200,,17200000,10960000,6240000,
1561.1,-13000,-99921000,211161000,5792.2,180,Infinity,2000,2000,15660000,7.83,"2022-12-26T09:34:00.000Z",1672047240000,7.83,7.83,7.83,100,0,0,1.3,,,0,,2000,27200,,15660000,15660000,,
1561.1,-12000,-92121000,218961000,5792.2,180,Infinity,1000,1000,7800000,7.8,"2022-12-26T09:36:00.000Z",1672047360000,7.8,7.8,7.8,100,0,0,0.6,,,0,,1000,28200,,7800000,7800000,,
1561.1,-9700,-74132000,236950000,5792.2,180,Infinity,2300,2300,17989000,7.83,"2022-12-26T09:38:00.000Z",1672047480000,7.83,7.81,7.81,100,0,0,1.5,,,0,,2300,30500,,17989000,17989000,,
1561.1,-15400,-118583000,281401000,5792.2,180,0,,-5700,-44451000,7.77,"2022-12-26T09:40:00.000Z",1672047600000,7.83,7.77,7.83,0,100,0,,1,,Infinity,5700,5700,36200,,44451000,,44451000,
1561.1,-20600,-158849000,321667000,5792.2,180,0,,-5200,-40266000,7.73,"2022-12-26T09:44:00.000Z",1672047840000,7.76,7.73,7.76,0,100,0,,0.9,,Infinity,5200,5200,41400,,40266000,,40266000,
1561.1,-29100,-224498000,387316000,5792.2,180,0,,-8500,-65649000,7.71,"2022-12-26T09:46:00.000Z",1672047960000,7.73,7.71,7.72,0,100,0,,1.5,,Infinity,8500,8500,49900,,65649000,,65649000,
1561.1,-34300,-264599000,470649000,5792.2,180,0.4,2800,-5200,-40101000,7.71,"2022-12-26T09:48:00.000Z",1672048080000,7.72,7.71,7.72,25.9,74.1,0,1.8,1.4,,2.9,8000,10800,60700,,83333000,21616000,61717000,
1561.1,-35300,-272319000,478369000,5792.2,180,0,,-1000,-7720000,7.72,"2022-12-26T09:54:00.000Z",1672048440000,7.72,7.72,7.72,0,100,0,,0.2,,Infinity,1000,1000,61700,,7720000,,7720000,
1561.1,-35600,-274635000,480685000,5792.2,180,0,,-300,-2316000,7.72,"2022-12-26T09:58:00.000Z",1672048680000,7.72,7.72,7.72,0,100,0,,0.1,,Infinity,300,300,62000,,2316000,,2316000,
1561.1,-43700,-337044000,543094000,5792.2,180,0,,-8100,-62409000,7.71,"2022-12-26T10:00:00.000Z",1672048800000,7.71,7.7,7.71,0,100,0,,1.4,,Infinity,8100,8100,70100,,62409000,,62409000,
1561.1,-53600,-413273000,620875000,5792.2,180,0,100,-9900,-76229000,7.76,"2022-12-26T10:06:00.000Z",1672049160000,7.76,7.7,7.71,1,99,0,0.1,1.7,,100,10000,10100,80200,,77781000,776000,77005000,
1561.1,-53500,-412497000,621651000,5792.2,180,Infinity,100,100,776000,7.76,"2022-12-26T10:10:00.000Z",1672049400000,7.76,7.76,7.76,100,0,0,0.1,,,0,,100,80300,,776000,776000,,
1561.1,-53400,-411721000,622427000,5792.2,180,Infinity,100,100,776000,7.76,"2022-12-26T10:12:00.000Z",1672049520000,7.76,7.76,7.76,100,0,0,0.1,,,0,,100,80400,,776000,776000,,
1561.1,-53200,-410173000,623975000,5792.2,180,Infinity,200,200,1548000,7.74,"2022-12-26T10:14:00.000Z",1672049640000,7.74,7.74,7.74,100,0,0,0.1,,,0,,200,80600,,1548000,1548000,,
1561.1,-53800,-414806000,628608000,5792.2,180,0,,-600,-4633000,7.72,"2022-12-26T10:16:00.000Z",1672049760000,7.73,7.72,7.73,0,100,0,,0.1,,Infinity,600,600,81200,,4633000,,4633000,
1561.1,-55000,-424068000,637870000,5792.2,180,0,,-1200,-9262000,7.71,"2022-12-26T10:18:00.000Z",1672049880000,7.72,7.71,7.72,0,100,0,,0.2,,Infinity,1200,1200,82400,,9262000,,9262000,
1561.1,-55200,-425610000,639412000,5792.2,180,0,,-200,-1542000,7.71,"2022-12-26T10:22:00.000Z",1672050120000,7.71,7.71,7.71,0,100,0,,0,,Infinity,200,200,82600,,1542000,,1542000,
1561.1,-55800,-430236000,644038000,5792.2,180,0,,-600,-4626000,7.71,"2022-12-26T10:24:00.000Z",1672050240000,7.71,7.71,7.71,0,100,0,,0.1,,Infinity,600,600,83200,,4626000,,4626000,
1561.1,-58400,-450282000,664084000,5792.2,180,0,,-2600,-20046000,7.71,"2022-12-26T10:26:00.000Z",1672050360000,7.71,7.71,7.71,0,100,0,,0.4,,Infinity,2600,2600,85800,,20046000,,20046000,
1561.1,-58000,-447198000,667168000,5792.2,180,Infinity,400,400,3084000,7.71,"2022-12-26T10:28:00.000Z",1672050480000,7.71,7.71,7.71,100,0,0,0.3,,,0,,400,86200,,3084000,3084000,,
1561.1,-59000,-454908000,674878000,5792.2,180,0,,-1000,-7710000,7.71,"2022-12-26T10:30:00.000Z",1672050600000,7.71,7.71,7.71,0,100,0,,0.2,,Infinity,1000,1000,87200,,7710000,,7710000,
1561.1,-60000,-462612000,682582000,5792.2,180,0,,-1000,-7704000,7.7,"2022-12-26T10:32:00.000Z",1672050720000,7.71,7.7,7.71,0,100,0,,0.2,,Infinity,1000,1000,88200,,7704000,,7704000,
1561.1,-59100,-455655000,706545000,5792.2,180,1.8,2000,900,6957000,7.73,"2022-12-26T10:34:00.000Z",1672050840000,7.73,7.73,7.73,64.5,35.5,0,1.3,0.2,,0.6,1100,3100,91300,,23963000,15460000,8503000,
1561.1,-58100,-447925000,714275000,5792.2,180,Infinity,1000,1000,7730000,7.73,"2022-12-26T10:36:00.000Z",1672050960000,7.73,7.73,7.73,100,0,0,0.6,,,0,,1000,92300,,7730000,7730000,,
1561.1,-57300,-441741000,720459000,5792.2,180,Infinity,800,800,6184000,7.73,"2022-12-26T10:38:00.000Z",1672051080000,7.73,7.73,7.73,100,0,0,0.5,,,0,,800,93100,,6184000,6184000,,
1561.1,-57000,-439426000,724316000,5792.2,180,4,400,300,2315000,7.73,"2022-12-26T10:40:00.000Z",1672051200000,7.73,7.71,7.71,80,20,0,0.3,0,,0.3,100,500,93600,,3857000,3086000,771000,
1561.1,-53600,-413124000,750618000,5792.2,180,Infinity,3400,3400,26302000,7.74,"2022-12-26T10:46:00.000Z",1672051560000,7.74,7.73,7.73,100,0,0,2.2,,,0,,3400,97000,,26302000,26302000,,
1561.1,-53400,-411574000,752168000,5792.2,180,Infinity,200,200,1550000,7.75,"2022-12-26T10:50:00.000Z",1672051800000,7.75,7.75,7.75,100,0,0,0.1,,,0,,200,97200,,1550000,1550000,,
1561.1,-52800,-406924000,756818000,5792.2,180,Infinity,600,600,4650000,7.75,"2022-12-26T10:52:00.000Z",1672051920000,7.75,7.75,7.75,100,0,0,0.4,,,0,,600,97800,,4650000,4650000,,
1561.1,-52400,-403824000,759918000,5792.2,180,Infinity,400,400,3100000,7.75,"2022-12-26T10:56:00.000Z",1672052160000,7.75,7.75,7.75,100,0,0,0.3,,,0,,400,98200,,3100000,3100000,,
1561.1,-51700,-398392000,765350000,5792.2,180,Infinity,700,700,5432000,7.76,"2022-12-26T10:58:00.000Z",1672052280000,7.76,7.76,7.76,100,0,0,0.4,,,0,,700,98900,,5432000,5432000,,
1561.1,-45800,-352178000,830260000,5792.2,180,5.9,7100,5900,46214000,7.85,"2022-12-26T11:00:00.000Z",1672052400000,7.85,7.78,7.78,85.5,14.5,0,4.5,0.2,,0.2,1200,8300,107200,,64910000,55562000,9348000,
1561.1,-45500,-349823000,832615000,5792.2,180,Infinity,300,300,2355000,7.85,"2022-12-26T11:02:00.000Z",1672052520000,7.85,7.85,7.85,100,0,0,0.2,,,0,,300,107500,,2355000,2355000,,
1561.1,-42900,-329309000,853129000,5792.2,180,Infinity,2600,2600,20514000,7.89,"2022-12-26T11:04:00.000Z",1672052640000,7.89,7.89,7.89,100,0,0,1.7,,,0,,2600,110100,,20514000,20514000,,
1561.1,-41900,-321419000,861019000,5792.2,180,Infinity,1000,1000,7890000,7.89,"2022-12-26T11:08:00.000Z",1672052880000,7.89,7.89,7.89,100,0,0,0.6,,,0,,1000,111100,,7890000,7890000,,
1561.1,-40900,-313539000,868899000,5792.2,180,Infinity,1000,1000,7880000,7.88,"2022-12-26T11:10:00.000Z",1672053000000,7.88,7.88,7.88,100,0,0,0.6,,,0,,1000,112100,,7880000,7880000,,
1561.1,-40700,-311965000,870473000,5792.2,180,Infinity,200,200,1574000,7.87,"2022-12-26T11:12:00.000Z",1672053120000,7.87,7.87,7.87,100,0,0,0.1,,,0,,200,112300,,1574000,1574000,,
1561.1,-44200,-339440000,897948000,5792.2,180,0,,-3500,-27475000,7.85,"2022-12-26T11:14:00.000Z",1672053240000,7.85,7.85,7.85,0,100,0,,0.6,,Infinity,3500,3500,115800,,27475000,,27475000,
1561.1,-48800,-375334000,933842000,5792.2,180,0,,-4600,-35894000,7.8,"2022-12-26T11:16:00.000Z",1672053360000,7.81,7.8,7.81,0,100,0,,0.8,,Infinity,4600,4600,120400,,35894000,,35894000,
1561.1,-46300,-355859000,953317000,5792.2,180,Infinity,2500,2500,19475000,7.79,"2022-12-26T11:18:00.000Z",1672053480000,7.79,7.79,7.79,100,0,0,1.6,,,0,,2500,122900,,19475000,19475000,,
1561.1,-48400,-372034000,1008442000,5792.2,180,0.5,2500,-2100,-16175000,7.79,"2022-12-26T11:20:00.000Z",1672053600000,7.79,7.75,7.75,35.2,64.8,0,1.6,0.8,,1.8,4600,7100,130000,,55125000,19475000,35650000,
1561.1,-45900,-352559000,1027917000,5792.2,180,Infinity,2500,2500,19475000,7.79,"2022-12-26T11:22:00.000Z",1672053720000,7.79,7.79,7.79,100,0,0,1.6,,,0,,2500,132500,,19475000,19475000,,
1561.1,-45100,-346319000,1034157000,5792.2,180,Infinity,800,800,6240000,7.8,"2022-12-26T11:24:00.000Z",1672053840000,7.8,7.8,7.8,100,0,0,0.5,,,0,,800,133300,,6240000,6240000,,
1561.1,-47300,-363355000,1097573000,5792.2,180,0.6,3000,-2200,-17036000,7.73,"2022-12-26T11:28:00.000Z",1672054080000,7.75,7.73,7.75,36.6,63.4,0,1.9,0.9,,1.7,5200,8200,141500,,63416000,23190000,40226000,
1561.1,-57300,-440315000,1205413000,5792.2,180,0.2,2000,-10000,-76960000,7.7,"2022-12-26T13:00:00.000Z",1672059600000,7.72,7.7,7.7,14.3,85.7,0,1.3,2.1,,6,12000,14000,155500,,107840000,15440000,92400000,
1561.1,-54800,-421001000,1238587000,5792.2,180,3.8,3400,2500,19314000,7.72,"2022-12-26T13:02:00.000Z",1672059720000,7.72,7.7,7.7,79.1,20.9,0,2.2,0.2,,0.3,900,4300,159800,,33174000,26244000,6930000,
1561.1,-54200,-416320000,1264786000,5792.2,180,1.4,2000,600,4681000,7.68,"2022-12-26T13:04:00.000Z",1672059840000,7.72,7.68,7.72,58.8,41.2,0,1.3,0.2,,0.7,1400,3400,163200,,26199000,15440000,10759000,
1561.1,-79400,-609242000,1465440000,5792.2,180,0,500,-25200,-192922000,7.65,"2022-12-26T13:06:00.000Z",1672059960000,7.75,7.65,7.72,1.9,98.1,0,0.3,4.4,,51.4,25700,26200,189400,,200654000,3866000,196788000,
1561.1,-79400,-609242000,1466212000,5792.2,180,NaN,,0,0,7.72,"2022-12-26T13:08:00.000Z",1672060080000,7.72,7.72,7.72,0,0,100,,,0.6,NaN,,100,189500,100,772000,,,772000
1561.1,-81300,-623777000,1480747000,5792.2,180,0,,-1900,-14535000,7.65,"2022-12-26T13:10:00.000Z",1672060200000,7.65,7.65,7.65,0,100,0,,0.3,,Infinity,1900,1900,191400,,14535000,,14535000,
1561.1,-76300,-585307000,1536047000,5792.2,180,5.5,6100,5000,38470000,7.75,"2022-12-26T13:12:00.000Z",1672060320000,7.75,7.65,7.65,84.7,15.3,0,3.9,0.2,,0.2,1100,7200,198600,,55300000,46885000,8415000,
1561.1,-76500,-586837000,1537577000,5792.2,180,0,,-200,-1530000,7.65,"2022-12-26T13:14:00.000Z",1672060440000,7.65,7.65,7.65,0,100,0,,0,,Infinity,200,200,198800,,1530000,,1530000,
1561.1,-82100,-629681000,1580421000,5792.2,180,0,,-5600,-42844000,7.65,"2022-12-26T13:16:00.000Z",1672060560000,7.66,7.65,7.65,0,100,0,,1,,Infinity,5600,5600,204400,,42844000,,42844000,
1561.1,-88300,-677083000,1629351000,5792.2,180,0,100,-6200,-47402000,7.64,"2022-12-26T13:18:00.000Z",1672060680000,7.65,7.64,7.65,1.6,98.4,0,0.1,1.1,,63,6300,6400,210800,,48930000,764000,48166000,
1561.1,-91800,-703753000,1671301000,5792.2,180,0.2,1000,-3500,-26670000,7.62,"2022-12-26T13:20:00.000Z",1672060800000,7.64,7.62,7.64,18.2,81.8,0,0.6,0.8,,4.5,4500,5500,216300,,41950000,7640000,34310000,
1561.1,-131300,-1001527000,2002507000,5792.2,180,0.1,2200,-39500,-297774000,7.4,"2022-12-26T13:22:00.000Z",1672060920000,7.61,7.4,7.61,5,95,0,1.4,7.2,,19,41700,43900,260200,,331206000,16716000,314490000,
1561.1,-126800,-967947000,2055327000,5792.2,180,4.5,5800,4500,33580000,7.48,"2022-12-26T13:24:00.000Z",1672061040000,7.48,7.4,7.4,81.7,18.3,0,3.7,0.2,,0.2,1300,7100,267300,,52820000,43200000,9620000,
1561.1,-128500,-980465000,2117213000,5792.2,180,0.7,3300,-1700,-12518000,7.4,"2022-12-26T13:26:00.000Z",1672061160000,7.5,7.4,7.48,39.8,60.2,0,2.1,0.9,,1.5,5000,8300,275600,,61886000,24684000,37202000,
1561.1,-130400,-994620000,2131368000,5792.2,180,0,,-1900,-14155000,7.45,"2022-12-26T13:28:00.000Z",1672061280000,7.45,7.45,7.45,0,100,0,,0.3,,Infinity,1900,1900,277500,,14155000,,14155000,
1561.1,-160300,-1216083000,2363931000,5792.2,180,0,,-29900,-221463000,7.4,"2022-12-26T13:30:00.000Z",1672061400000,7.45,7.4,7.45,0,95.2,4.8,,5.2,8.3,Infinity,29900,31400,308900,1500,232563000,,221463000,11100000
1561.1,-156200,-1185743000,2394271000,5792.2,180,Infinity,4100,4100,30340000,7.4,"2022-12-26T13:32:00.000Z",1672061520000,7.4,7.4,7.4,100,0,0,2.6,,,0,,4100,313000,,30340000,30340000,,
1561.1,-176600,-1336713000,2545241000,5792.2,180,0,,-20400,-150970000,7.4,"2022-12-26T13:34:00.000Z",1672061640000,7.41,7.4,7.4,0,100,0,,3.5,,Infinity,20400,20400,333400,,150970000,,150970000,
1561.1,-189100,-1429213000,2707301000,5792.2,180,0.2,2500,-12500,-92500000,7.4,"2022-12-26T13:36:00.000Z",1672061760000,7.4,7.4,7.4,11.4,68.5,20.1,1.6,2.6,24.4,6,15000,21900,355300,4400,162060000,18500000,111000000,32560000
1561.1,-190100,-1436623000,2725085000,5792.2,180,0.4,700,-1000,-7410000,7.41,"2022-12-26T13:38:00.000Z",1672061880000,7.41,7.41,7.41,29.2,70.8,0,0.4,0.3,,2.4,1700,2400,357700,,17784000,5187000,12597000,
1561.1,-187500,-1416993000,2744715000,5792.2,180,Infinity,2600,2600,19630000,7.55,"2022-12-26T13:40:00.000Z",1672062000000,7.55,7.55,7.55,100,0,0,1.7,,,0,,2600,360300,,19630000,19630000,,
1561.1,-186000,-1405673000,2756035000,5792.2,180,Infinity,1500,1500,11320000,7.54,"2022-12-26T13:42:00.000Z",1672062120000,7.55,7.54,7.55,100,0,0,1,,,0,,1500,361800,,11320000,11320000,,
1561.1,-197100,-1487968000,2838330000,5792.2,180,0,,-11100,-82295000,7.41,"2022-12-26T13:50:00.000Z",1672062600000,7.44,7.41,7.44,0,100,0,,1.9,,Infinity,11100,11100,372900,,82295000,,82295000,
1561.1,-198100,-1495378000,2845740000,5792.2,180,0,,-1000,-7410000,7.41,"2022-12-26T13:52:00.000Z",1672062720000,7.41,7.41,7.41,0,100,0,,0.2,,Infinity,1000,1000,373900,,7410000,,7410000,
1561.1,-197200,-1488628000,2852490000,5792.2,180,Infinity,900,900,6750000,7.5,"2022-12-26T13:54:00.000Z",1672062840000,7.5,7.5,7.5,100,0,0,0.6,,,0,,900,374800,,6750000,6750000,,
1561.1,-197100,-1487875000,2853243000,5792.2,180,Infinity,100,100,753000,7.53,"2022-12-26T13:58:00.000Z",1672063080000,7.53,7.53,7.53,100,0,0,0.1,,,0,,100,374900,,753000,753000,,
1561.1,-214100,-1614009000,2979377000,5792.2,180,0,,-17000,-126134000,7.41,"2022-12-26T14:02:00.000Z",1672063320000,7.43,7.41,7.43,0,100,0,,2.9,,Infinity,17000,17000,391900,,126134000,,126134000,
1561.1,-215600,-1625013000,3005423000,5792.2,180,0.4,1000,-1500,-11004000,7.53,"2022-12-26T14:06:00.000Z",1672063560000,7.53,7.41,7.41,28.6,71.4,0,0.6,0.4,,2.5,2500,3500,395400,,26046000,7521000,18525000,
1561.1,-243500,-1831594000,3213486000,5792.2,180,0,,-27900,-206581000,7.4,"2022-12-26T14:08:00.000Z",1672063680000,7.42,7.4,7.42,0,99.3,0.7,,4.8,1.1,Infinity,27900,28100,423500,200,208063000,,206581000,1482000
1561.1,-274300,-2058999000,3440891000,5792.2,180,0,,-30800,-227405000,7.35,"2022-12-26T14:10:00.000Z",1672063800000,7.4,7.35,7.4,0,100,0,,5.3,,Infinity,30800,30800,454300,,227405000,,227405000,
1561.1,-297500,-2228369000,3610261000,5792.2,180,0,,-23200,-169370000,7.28,"2022-12-26T14:12:00.000Z",1672063920000,7.32,7.28,7.32,0,100,0,,4,,Infinity,23200,23200,477500,,169370000,,169370000,
1561.1,-287200,-2152559000,3686071000,5792.2,180,Infinity,10300,10300,75810000,7.4,"2022-12-26T14:14:00.000Z",1672064040000,7.4,7.3,7.3,100,0,0,6.6,,,0,,10300,487800,,75810000,75810000,,
1561.1,-297300,-2226081000,3761073000,5792.2,180,0,100,-10100,-73522000,7.23,"2022-12-26T14:16:00.000Z",1672064160000,7.4,7.23,7.4,1,99,0,0.1,1.8,,102,10200,10300,498100,,75002000,740000,74262000,
1561.1,-307300,-2298471000,3833463000,5792.2,180,0,,-10000,-72390000,7.23,"2022-12-26T14:18:00.000Z",1672064280000,7.25,7.23,7.25,0,100,0,,1.7,,Infinity,10000,10000,508100,,72390000,,72390000,
1561.1,-308300,-2305691000,3913009000,5792.2,180,0,,-1000,-7220000,7.22,"2022-12-26T14:20:00.000Z",1672064400000,7.25,7.22,7.25,0,9.1,90.9,,0.2,55.6,Infinity,1000,11000,519100,10000,79546000,,7220000,72326000
1561.1,-332800,-2482161000,4096699000,5792.2,180,0,500,-24500,-176470000,7.2,"2022-12-26T14:22:00.000Z",1672064520000,7.22,7.2,7.22,2,98,0,0.3,4.3,,50,25000,25500,544600,,183690000,3610000,180080000,
1561.1,-380000,-2821043000,4718541000,5792.2,180,0.3,19700,-47200,-338882000,7.18,"2022-12-26T14:24:00.000Z",1672064640000,7.2,7.18,7.2,22.7,77.3,0,12.6,11.6,,3.4,66900,86600,631200,,621842000,141480000,480362000,
1561.1,-393200,-2915819000,4827677000,5792.2,180,0.1,1000,-13200,-94776000,7.18,"2022-12-26T14:26:00.000Z",1672064760000,7.18,7.18,7.18,6.6,93.4,0,0.6,2.5,,14.2,14200,15200,646400,,109136000,7180000,101956000,
1561.1,-398600,-2954687000,4926857000,5792.2,180,0.4,4200,-5400,-38868000,7.19,"2022-12-26T14:28:00.000Z",1672064880000,7.19,7.18,7.18,30.4,69.6,0,2.7,1.7,,2.3,9600,13800,660200,,99180000,30156000,69024000,
1561.1,-380800,-2826883000,5054661000,5792.2,180,Infinity,17800,17800,127804000,7.18,"2022-12-26T14:44:00.000Z",1672065840000,7.18,7.18,7.18,100,0,0,11.4,,,0,,17800,678000,,127804000,127804000,,
