"abu","acum_busd","acum_busd_val","acum_val_bu","acum_val_sd","acum_val","avg_val_bu","avg_val_sd","rbusd","asd","auk","bs","bu","bu-sd","bu-sd_val","c","date","datetime","h","l","o","pbu","psd","puk","rbu","rsd","ruk","sb","sd","sum_vol","total_vol","uk","val","val_bu","val_sd","val_uk"
721.4,100,300,300,0,300,1347200,1201621.4,0,478.6,14.3,Infinity,100,100,300,3,"2022-12-27T09:04:00.000Z",1672131840000,3,3,3,100,0,0,0.1,,,0,,100,100,,300,300,,
721.4,-800,-2400,300,2700,3000,1347200,1201621.4,0,478.6,14.3,0,,-900,-2700,3,"2022-12-27T09:20:00.000Z",1672132800000,3,3,3,0,100,0,,1.9,,Infinity,900,900,1000,,2700,,2700,
721.4,-600,-1800,900,2700,3600,1347200,1201621.4,0,478.6,14.3,Infinity,200,200,600,3,"2022-12-27T13:22:00.000Z",1672147320000,3,3,3,100,0,0,0.3,,,0,,200,1200,,600,600,,
721.4,-5000,-12761800,580900,13342700,13923600,1347200,1201621.4,87.7,478.6,14.3,0,200,-4400,-12760000,2.9,"2022-12-27T13:28:00.000Z",1672147680000,2.9,2.9,2.9,4.2,95.8,0,0.3,9.6,,23,4600,4800,6000,,13920000,580000,13340000,
721.4,-4900,-12471800,870900,13342700,14213600,1347200,1201621.4,2,478.6,14.3,Infinity,100,100,290000,2.9,"2022-12-27T13:30:00.000Z",1672147800000,2.9,2.9,2.9,100,0,0,0.1,,,0,,100,6100,,290000,290000,,
721.4,-4700,-11891800,1450900,13342700,14793600,1347200,1201621.4,4,478.6,14.3,Infinity,200,200,580000,2.9,"2022-12-27T13:34:00.000Z",1672148040000,2.9,2.9,2.9,100,0,0,0.3,,,0,,200,6300,,580000,580000,,
721.4,-4400,-11021800,2320900,13342700,15663600,1347200,1201621.4,6,478.6,14.3,Infinity,300,300,870000,2.9,"2022-12-27T13:40:00.000Z",1672148400000,2.9,2.9,2.9,100,0,0,0.4,,,0,,300,6600,,870000,870000,,
721.4,-2700,-6091800,7250900,13342700,20593600,1347200,1201621.4,33.9,478.6,14.3,Infinity,1700,1700,4930000,2.9,"2022-12-27T13:46:00.000Z",1672148760000,2.9,2.9,2.9,100,0,0,2.4,,,0,,1700,8300,,4930000,4930000,,
721.4,-3900,-9571800,7250900,16822700,24073600,1347200,1201621.4,23.9,478.6,14.3,0,,-1200,-3480000,2.9,"2022-12-27T14:06:00.000Z",1672149960000,2.9,2.9,2.9,0,100,0,,2.5,,Infinity,1200,1200,9500,,3480000,,3480000,
721.4,-900,-871800,15950900,16822700,32773600,1347200,1201621.4,59.8,478.6,14.3,Infinity,3000,3000,8700000,2.9,"2022-12-27T14:08:00.000Z",1672150080000,2.9,2.9,2.9,100,0,0,4.2,,,0,,3000,12500,,8700000,8700000,,
721.4,100,2028200,18850900,16822700,35673600,1347200,1201621.4,19.9,478.6,14.3,Infinity,1000,1000,2900000,2.9,"2022-12-27T14:24:00.000Z",1672151040000,2.9,2.9,2.9,100,0,0,1.4,,,0,,1000,13500,,2900000,2900000,,
721.4,1100,2031200,18853900,16822700,35676600,1347200,1201621.4,0,478.6,14.3,Infinity,1000,1000,3000,3,"2022-12-27T14:32:00.000Z",1672151520000,3,3,3,100,0,0,1.4,,,0,,1000,14500,,3000,3000,,
721.4,3400,2038100,18860800,16822700,35683500,1347200,1201621.4,0,478.6,14.3,Infinity,2300,2300,6900,3,"2022-12-27T14:42:00.000Z",1672152120000,3,3,3,100,0,0,3.2,,,0,,2300,16800,,6900,6900,,
721.4,3400,2038100,18860800,16822700,35684100,1347200,1201621.4,0,478.6,14.3,NaN,,0,0,3,"2022-12-27T14:54:00.000Z",1672152840000,3,3,3,0,0,100,,,14,NaN,,200,17000,200,600,,,600
