"abu","acum_busd","acum_busd_val","acum_val","asd","auk","bs","bu","bu-sd","bu-sd_val","c","date","datetime","h","l","o","pbu","psd","puk","rbu","rsd","ruk","sb","sd","sum_vol","total_vol","uk","val","val_bu","val_sd","val_uk"
671.4,-3700,-181300,181300,321.4,271.4,0,,-3700,-181300,49,"2022-12-27T09:26:00.000Z",1672133160000,49,49,49,0,100,0,,11.5,,Infinity,3700,3700,3700,,181300,,181300,
671.4,-3000,-147000,215600,321.4,271.4,Infinity,700,700,34300,49,"2022-12-27T09:28:00.000Z",1672133280000,49,49,49,100,0,0,1,,,0,,700,4400,,34300,34300,,
671.4,-2600,-127400,235200,321.4,271.4,Infinity,400,400,19600,49,"2022-12-27T09:30:00.000Z",1672133400000,49,49,49,100,0,0,0.6,,,0,,400,4800,,19600,19600,,
671.4,-1900,-93100,269500,321.4,271.4,Infinity,700,700,34300,49,"2022-12-27T09:58:00.000Z",1672135080000,49,49,49,100,0,0,1,,,0,,700,5500,,34300,34300,,
671.4,1800,88200,480200,321.4,271.4,13.3,4000,3700,181300,49,"2022-12-27T10:00:00.000Z",1672135200000,49,49,49,93,7,0,6,0.9,,0.1,300,4300,9800,,210700,196000,14700,
671.4,1900,5178200,5570200,321.4,271.4,Infinity,100,100,5090000,50.9,"2022-12-27T10:10:00.000Z",1672135800000,50.9,50.9,50.9,100,0,0,0.1,,,0,,100,9900,,5090000,5090000,,
671.4,1900,5178200,10650200,321.4,271.4,NaN,,0,0,50.8,"2022-12-27T10:40:00.000Z",1672137600000,50.8,50.8,50.8,0,0,100,,,0.4,NaN,,100,10000,100,5080000,,,5080000
671.4,2400,30478200,35950200,321.4,271.4,Infinity,500,500,25300000,50.6,"2022-12-27T11:18:00.000Z",1672139880000,50.6,50.6,50.6,100,0,0,0.7,,,0,,500,10500,,25300000,25300000,,
671.4,2400,30478200,41000200,321.4,271.4,NaN,,0,0,50.5,"2022-12-27T13:14:00.000Z",1672146840000,50.5,50.5,50.5,0,0,100,,,0.4,NaN,,100,10600,100,5050000,,,5050000
671.4,1900,5778200,65700200,321.4,271.4,0,,-500,-24700000,49.4,"2022-12-27T13:44:00.000Z",1672148640000,49.4,49.4,49.4,0,100,0,,1.6,,Infinity,500,500,11100,,24700000,,24700000,
671.4,2800,51408200,111330200,321.4,271.4,Infinity,900,900,45630000,50.7,"2022-12-27T14:12:00.000Z",1672150320000,50.7,50.7,50.7,100,0,0,1.3,,,0,,900,12000,,45630000,45630000,,
671.4,2800,51408200,116400200,321.4,271.4,NaN,,0,0,50.7,"2022-12-27T14:14:00.000Z",1672150440000,50.7,50.7,50.7,0,0,100,,,0.4,NaN,,100,12100,100,5070000,,,5070000
671.4,4600,143028200,208020200,321.4,271.4,Infinity,1800,1800,91620000,50.9,"2022-12-27T14:24:00.000Z",1672151040000,50.9,50.9,50.9,100,0,0,2.7,,,0,,1800,13900,,91620000,91620000,,
671.4,4900,143043500,386285500,321.4,271.4,Infinity,300,300,15300,51.9,"2022-12-27T14:44:00.000Z",1672152240000,51.9,50.9,50.9,7.9,0,92.1,0.4,,12.9,0,,3800,17700,3500,178265300,15300,,178250000
