"abu","acum_busd","acum_busd_val","acum_val","asd","auk","bs","bu","bu-sd","bu-sd_val","c","date","datetime","h","l","o","pbu","psd","puk","rbu","rsd","ruk","sb","sd","sum_vol","total_vol","uk","val","val_bu","val_sd","val_uk"
2757.6,100,2060000,2060000,1088.1,272.9,Infinity,100,100,2060000,20.6,"2022-12-27T09:00:00.000Z",1672131600000,20.6,20.6,20.6,100,0,0,0,,,0,,100,100,,2060000,2060000,,
2757.6,200,4120000,4120000,1088.1,272.9,Infinity,100,100,2060000,20.6,"2022-12-27T09:08:00.000Z",1672132080000,20.6,20.6,20.6,100,0,0,0,,,0,,100,200,,2060000,2060000,,
2757.6,500,10300000,10300000,1088.1,272.9,Infinity,300,300,6180000,20.6,"2022-12-27T09:10:00.000Z",1672132200000,20.6,20.6,20.6,100,0,0,0.1,,,0,,300,500,,6180000,6180000,,
2757.6,2900,60520000,68760000,1088.1,272.9,13,2600,2400,50220000,20.9,"2022-12-27T09:12:00.000Z",1672132320000,20.9,20.6,20.6,92.9,7.1,0,0.9,0.2,,0.1,200,2800,3300,,58460000,54340000,4120000,
2757.6,3100,64720000,72960000,1088.1,272.9,Infinity,200,200,4200000,21,"2022-12-27T09:18:00.000Z",1672132680000,21,21,21,100,0,0,0.1,,,0,,200,3500,,4200000,4200000,,
2757.6,3700,77080000,85320000,1088.1,272.9,Infinity,600,600,12360000,20.6,"2022-12-27T09:24:00.000Z",1672133040000,20.6,20.6,20.6,100,0,0,0.2,,,0,,600,4100,,12360000,12360000,,
2757.6,1800,38130000,124270000,1088.1,272.9,0,,-1900,-38950000,20.5,"2022-12-27T09:26:00.000Z",1672133160000,20.5,20.5,20.5,0,100,0,,1.7,,Infinity,1900,1900,6000,,38950000,,38950000,
2757.6,1300,27880000,134520000,1088.1,272.9,0,,-500,-10250000,20.5,"2022-12-27T09:28:00.000Z",1672133280000,20.5,20.5,20.5,0,100,0,,0.5,,Infinity,500,500,6500,,10250000,,10250000,
2757.6,1400,29960000,136600000,1088.1,272.9,Infinity,100,100,2080000,20.8,"2022-12-27T09:38:00.000Z",1672133880000,20.8,20.8,20.8,100,0,0,0,,,0,,100,6600,,2080000,2080000,,
2757.6,-600,-11040000,177600000,1088.1,272.9,0,,-2000,-41000000,20.5,"2022-12-27T09:42:00.000Z",1672134120000,20.5,20.5,20.5,0,100,0,,1.8,,Infinity,2000,2000,8600,,41000000,,41000000,
2757.6,-2600,-52040000,218600000,1088.1,272.9,0,,-2000,-41000000,20.5,"2022-12-27T09:52:00.000Z",1672134720000,20.5,20.5,20.5,0,100,0,,1.8,,Infinity,2000,2000,10600,,41000000,,41000000,
2757.6,-7400,-150440000,317000000,1088.1,272.9,0,,-4800,-98400000,20.5,"2022-12-27T09:54:00.000Z",1672134840000,20.5,20.5,20.5,0,100,0,,4.4,,Infinity,4800,4800,15400,,98400000,,98400000,
2757.6,-7300,-148370000,355970000,1088.1,272.9,Infinity,100,100,2070000,20.7,"2022-12-27T10:02:00.000Z",1672135320000,20.7,20.5,20.5,5.3,0,94.7,0,,6.6,0,,1900,17300,1800,38970000,2070000,,36900000
2757.6,-6300,-127570000,395400000,1088.1,272.9,Infinity,1000,1000,20800000,20.8,"2022-12-27T10:08:00.000Z",1672135680000,20.8,20.7,20.7,52.6,0,47.4,0.4,,3.3,0,,1900,19200,900,39430000,20800000,,18630000
2757.6,-6200,-125490000,397480000,1088.1,272.9,Infinity,100,100,2080000,20.8,"2022-12-27T10:20:00.000Z",1672136400000,20.8,20.8,20.8,100,0,0,0,,,0,,100,19300,,2080000,2080000,,
2757.6,-6200,-125490000,407930000,1088.1,272.9,NaN,,0,0,20.9,"2022-12-27T10:28:00.000Z",1672136880000,20.9,20.9,20.9,0,0,100,,,1.8,NaN,,500,19800,500,10450000,,,10450000
2757.6,-7000,-142050000,424490000,1088.1,272.9,0,,-800,-16560000,20.7,"2022-12-27T10:36:00.000Z",1672137360000,20.7,20.7,20.7,0,100,0,,0.7,,Infinity,800,800,20600,,16560000,,16560000,
2757.6,-6800,-137870000,428670000,1088.1,272.9,Infinity,200,200,4180000,20.9,"2022-12-27T10:38:00.000Z",1672137480000,20.9,20.9,20.9,100,0,0,0.1,,,0,,200,20800,,4180000,4180000,,
2757.6,-6100,-123240000,443300000,1088.1,272.9,Infinity,700,700,14630000,20.9,"2022-12-27T10:42:00.000Z",1672137720000,20.9,20.9,20.9,100,0,0,0.3,,,0,,700,21500,,14630000,14630000,,
2757.6,-6600,-133690000,478830000,1088.1,272.9,0.5,500,-500,-10450000,20.9,"2022-12-27T10:44:00.000Z",1672137840000,20.9,20.9,20.9,29.4,58.8,11.8,0.2,0.9,0.7,2,1000,1700,23200,200,35530000,10450000,20900000,4180000
2757.6,-7500,-152490000,501830000,1088.1,272.9,0.1,100,-900,-18800000,21,"2022-12-27T10:48:00.000Z",1672138080000,21,20.9,20.9,9.1,90.9,0,0,0.9,,10,1000,1100,24300,,23000000,2100000,20900000,
2757.6,-7700,-156660000,510200000,1088.1,272.9,0.3,100,-200,-4170000,21,"2022-12-27T10:50:00.000Z",1672138200000,21,20.9,20.9,25,75,0,0,0.3,,3,300,400,24700,,8370000,2100000,6270000,
2757.6,-9200,-187960000,562500000,1088.1,272.9,0.3,500,-1500,-31300000,20.9,"2022-12-27T10:52:00.000Z",1672138320000,21,20.9,21,20,80,0,0.2,1.8,,4,2000,2500,27200,,52300000,10500000,41800000,
2757.6,-7100,-143860000,606600000,1088.1,272.9,Infinity,2100,2100,44100000,21,"2022-12-27T10:54:00.000Z",1672138440000,21,21,21,100,0,0,0.8,,,0,,2100,29300,,44100000,44100000,,
2757.6,-10200,-208650000,671390000,1088.1,272.9,0,,-3100,-64790000,20.9,"2022-12-27T11:02:00.000Z",1672138920000,20.9,20.9,20.9,0,100,0,,2.8,,Infinity,3100,3100,32400,,64790000,,64790000,
2757.6,-10500,-214920000,696470000,1088.1,272.9,0,,-300,-6270000,20.9,"2022-12-27T11:04:00.000Z",1672139040000,20.9,20.9,20.9,0,25,75,,0.3,3.3,Infinity,300,1200,33600,900,25080000,,6270000,18810000
2757.6,-10500,-214920000,708890000,1088.1,272.9,NaN,,0,0,20.7,"2022-12-27T11:08:00.000Z",1672139280000,20.7,20.7,20.7,0,0,100,,,2.2,NaN,,600,34200,600,12420000,,,12420000
2757.6,-11100,-227280000,721250000,1088.1,272.9,0,,-600,-12360000,20.6,"2022-12-27T11:16:00.000Z",1672139760000,20.6,20.6,20.6,0,100,0,,0.6,,Infinity,600,600,34800,,12360000,,12360000,
2757.6,-12100,-247880000,741850000,1088.1,272.9,0,,-1000,-20600000,20.6,"2022-12-27T11:28:00.000Z",1672140480000,20.6,20.6,20.6,0,100,0,,0.9,,Infinity,1000,1000,35800,,20600000,,20600000,
2757.6,-13200,-270870000,764840000,1088.1,272.9,0,,-1100,-22990000,20.9,"2022-12-27T12:58:00.000Z",1672145880000,20.9,20.9,20.9,0,100,0,,1,,Infinity,1100,1100,36900,,22990000,,22990000,
2757.6,-14300,-293850000,792020000,1088.1,272.9,0.1,100,-1100,-22980000,21,"2022-12-27T13:00:00.000Z",1672146000000,21,20.9,20.9,7.7,92.3,0,0,1.1,,12,1200,1300,38200,,27180000,2100000,25080000,
2757.6,-14200,-291710000,810880000,1088.1,272.9,1.3,500,100,2140000,21,"2022-12-27T13:02:00.000Z",1672146120000,21,20.9,20.9,55.6,44.4,0,0.2,0.4,,0.8,400,900,39100,,18860000,10500000,8360000,
2757.6,-15600,-320970000,840140000,1088.1,272.9,0,,-1400,-29260000,20.9,"2022-12-27T13:04:00.000Z",1672146240000,20.9,20.9,20.9,0,100,0,,1.3,,Infinity,1400,1400,40500,,29260000,,29260000,
2757.6,-15900,-327240000,846410000,1088.1,272.9,0,,-300,-6270000,20.9,"2022-12-27T13:06:00.000Z",1672146360000,20.9,20.9,20.9,0,100,0,,0.3,,Infinity,300,300,40800,,6270000,,6270000,
2757.6,-15100,-310420000,871590000,1088.1,272.9,5,1000,800,16820000,21,"2022-12-27T13:12:00.000Z",1672146720000,21,20.9,20.9,83.3,16.7,0,0.4,0.2,,0.2,200,1200,42000,,25180000,21000000,4180000,
2757.6,-16400,-337590000,902940000,1088.1,272.9,0.1,100,-1300,-27169999.999999996,20.9,"2022-12-27T13:16:00.000Z",1672146960000,20.9,20.9,20.9,6.7,93.3,0,0,1.3,,14,1400,1500,43500,,31349999.999999996,2090000,29259999.999999996,
2757.6,-24400,-502390000,1088440000,1088.1,272.9,0,,-8000,-164800000,20.6,"2022-12-27T13:22:00.000Z",1672147320000,20.7,20.6,20.7,0,88.9,11.1,,7.4,3.7,Infinity,8000,9000,52500,1000,185500000,,164800000,20700000
2757.6,-24400,-502390000,1109040000,1088.1,272.9,NaN,,0,0,20.6,"2022-12-27T13:24:00.000Z",1672147440000,20.6,20.6,20.6,0,0,100,,,3.7,NaN,,1000,53500,1000,20600000,,,20600000
2757.6,-26600,-547100000,1309020000,1088.1,272.9,0,,-2200,-44710000,20.4,"2022-12-27T13:26:00.000Z",1672147560000,20.5,20.3,20.5,0,22.4,77.6,,2,27.8,Infinity,2200,9800,63300,7600,199980000,,44710000,155270000
2757.6,-26500,-545010000,1311110000,1088.1,272.9,Infinity,100,100,2090000,20.9,"2022-12-27T13:30:00.000Z",1672147800000,20.9,20.9,20.9,100,0,0,0,,,0,,100,63400,,2090000,2090000,,
2757.6,-26500,-545010000,1313180000,1088.1,272.9,NaN,,0,0,20.7,"2022-12-27T13:38:00.000Z",1672148280000,20.7,20.7,20.7,0,0,100,,,0.4,NaN,,100,63500,100,2070000,,,2070000
2757.6,-26300,-540870000,1317320000,1088.1,272.9,Infinity,200,200,4140000,20.7,"2022-12-27T13:40:00.000Z",1672148400000,20.7,20.7,20.7,100,0,0,0.1,,,0,,200,63700,,4140000,4140000,,
2757.6,-30300,-622870000,1420020000,1088.1,272.9,0,,-4000,-82000000,20.7,"2022-12-27T13:44:00.000Z",1672148640000,20.7,20.5,20.5,0,80,20,,3.7,3.7,Infinity,4000,5000,68700,1000,102700000,,82000000,20700000
2757.6,-32000,-657720000,1454870000,1088.1,272.9,0,,-1700,-34850000,20.5,"2022-12-27T13:48:00.000Z",1672148880000,20.5,20.5,20.5,0,100,0,,1.6,,Infinity,1700,1700,70400,,34850000,,34850000,
2757.6,-39500,-810010000,1611220000,1088.1,272.9,0,100,-7500,-152290000,20.3,"2022-12-27T13:56:00.000Z",1672149360000,20.5,20.3,20.5,1.3,98.7,0,0,7,,76,7600,7700,78100,,156350000,2030000,154320000,
2757.6,-38300,-785650000,1635580000,1088.1,272.9,Infinity,1200,1200,24360000,20.3,"2022-12-27T13:58:00.000Z",1672149480000,20.3,20.3,20.3,100,0,0,0.4,,,0,,1200,79300,,24360000,24360000,,
2757.6,-42300,-866250000,1797380000,1088.1,272.9,0.3,2000,-4000,-80600000,20.3,"2022-12-27T14:00:00.000Z",1672149600000,20.3,20.2,20.3,25,75,0,0.7,5.5,,3,6000,8000,87300,,161800000,40600000,121200000,
2757.6,-41600,-852040000,1811590000,1088.1,272.9,Infinity,700,700,14210000,20.3,"2022-12-27T14:04:00.000Z",1672149840000,20.3,20.3,20.3,100,0,0,0.3,,,0,,700,88000,,14210000,14210000,,
2757.6,-32400,-665850000,1997780000,1088.1,272.9,Infinity,9200,9200,186190000,20.2,"2022-12-27T14:06:00.000Z",1672149960000,20.3,20.2,20.3,100,0,0,3.3,,,0,,9200,97200,,186190000,186190000,,
2757.6,-30400,-625450000,2038180000,1088.1,272.9,Infinity,2000,2000,40400000,20.2,"2022-12-27T14:08:00.000Z",1672150080000,20.2,20.2,20.2,100,0,0,0.7,,,0,,2000,99200,,40400000,40400000,,
2757.6,-28900,-595000000,2068630000,1088.1,272.9,Infinity,1500,1500,30450000,20.3,"2022-12-27T14:10:00.000Z",1672150200000,20.3,20.3,20.3,100,0,0,0.5,,,0,,1500,100700,,30450000,30450000,,
2757.6,-4400,-97650000,2565980000,1088.1,272.9,Infinity,24500,24500,497350000,20.3,"2022-12-27T14:12:00.000Z",1672150320000,20.3,20.3,20.3,100,0,0,8.9,,,0,,24500,125200,,497350000,497350000,,
2757.6,-4400,-97650000,2570060000,1088.1,272.9,NaN,,0,0,20.4,"2022-12-27T14:14:00.000Z",1672150440000,20.4,20.4,20.4,0,0,100,,,0.7,NaN,,200,125400,200,4079999.9999999995,,,4079999.9999999995
2757.6,-3800,-85290000,2582420000,1088.1,272.9,Infinity,600,600,12360000,20.6,"2022-12-27T14:20:00.000Z",1672150800000,20.6,20.6,20.6,100,0,0,0.2,,,0,,600,126000,,12360000,12360000,,
2757.6,-3800,-85290000,2588570000,1088.1,272.9,NaN,,0,0,20.5,"2022-12-27T14:22:00.000Z",1672150920000,20.5,20.5,20.5,0,0,100,,,1.1,NaN,,300,126300,300,6150000,,,6150000
2757.6,-3600,-81170000,2592690000,1088.1,272.9,Infinity,200,200,4120000,20.6,"2022-12-27T14:24:00.000Z",1672151040000,20.6,20.6,20.6,100,0,0,0.1,,,0,,200,126500,,4120000,4120000,,
2757.6,5900,115560000,2809960000,1088.1,272.9,20,10000,9500,196730000,20.7,"2022-12-27T14:26:00.000Z",1672151160000,20.7,20.5,20.5,95.2,4.8,0,3.6,0.5,,0.1,500,10500,137000,,217270000,207000000,10270000,
2757.6,64900,1348320000,4322460000,1088.1,272.9,9.8,65700,59000,1232760000,21,"2022-12-27T14:28:00.000Z",1672151280000,21,20.8,20.8,90.7,9.3,0,23.8,6.2,,0.1,6700,72400,209400,,1512500000,1372630000,139870000,
2757.6,98500,2070720000,5044860000,1088.1,272.9,Infinity,33600,33600,722400000,21.5,"2022-12-27T14:44:00.000Z",1672152240000,21.5,21.5,21.5,100,0,0,12.2,,,0,,33600,243000,,722400000,722400000,,
