"abu","acum_busd","acum_busd_val","acum_val_bu","acum_val_sd","acum_val","avg_val_bu","avg_val_sd","rbusd","asd","auk","bs","bu","bu-sd","bu-sd_val","c","date","datetime","h","l","o","pbu","psd","puk","rbu","rsd","ruk","sb","sd","sum_vol","total_vol","uk","val","val_bu","val_sd","val_uk"
622.2,-2000,-1414600,0,1414600,1414600,81944.4,9653511.1,0.1,2255.6,0,0,,-2000,-1414600,7,"2022-12-13T10:02:00.000Z",1670925720000,7.01,7,7.01,0,100,0,,0.9,,Infinity,2000,2000,1200,,1414600,,1414600,
622.2,-6500,-3550000,0,3550000,3550000,81944.4,9653511.1,0.2,2255.6,0,0,,-4500,-2135400,7.01,"2022-12-13T10:24:00.000Z",1670927040000,7.03,7,7.03,0,100,0,,2,,Infinity,4500,4500,2300,,2135400,,2135400,
622.2,-6000,-3546500,3500,3550000,3553500,81944.4,9653511.1,0,2255.6,0,Infinity,500,500,3500,7,"2022-12-13T10:34:00.000Z",1670927640000,7,7,7,100,0,0,0.8,,,0,,500,7000,,3500,3500,,
622.2,-8900,-11268100,3500,11271600,11275100,81944.4,9653511.1,0.8,2255.6,0,0,,-2900,-7721600,6.99,"2022-12-13T13:02:00.000Z",1670936520000,7.01,6.99,7.01,0,100,0,,1.3,,Infinity,2900,2900,9900,,7721600,,7721600,
622.2,-12500,-36288100,3500,36291600,36295100,81944.4,9653511.1,2.6,2255.6,0,0,,-3600,-25020000,6.95,"2022-12-13T13:04:00.000Z",1670936640000,6.95,6.95,6.95,0,100,0,,1.6,,Infinity,3600,3600,13500,,25020000,,25020000,
622.2,-16800,-66028100,3500,66031600,66035100,81944.4,9653511.1,3.1,2255.6,0,0,,-4300,-29740000,6.9,"2022-12-13T13:20:00.000Z",1670937600000,6.95,6.9,6.95,0,100,0,,1.9,,Infinity,4300,4300,17800,,29740000,,29740000,
622.2,-19800,-86878100,3500,86881600,86885100,81944.4,9653511.1,2.2,2255.6,0,0,,-3000,-20850000,6.95,"2022-12-13T14:10:00.000Z",1670940600000,6.95,6.95,6.95,0,100,0,,1.3,,Infinity,3000,3000,20800,,20850000,,20850000,
622.2,-19700,-86179100,702500,86881600,87584100,81944.4,9653511.1,0.1,2255.6,0,Infinity,100,100,699000,6.99,"2022-12-13T14:18:00.000Z",1670941080000,6.99,6.99,6.99,100,0,0,0.2,,,0,,100,20900,,699000,699000,,
622.2,-14700,-86144100,737500,86881600,87619100,81944.4,9653511.1,0,2255.6,0,Infinity,5000,5000,35000,7,"2022-12-13T14:24:00.000Z",1670941440000,7,7,7,100,0,0,8,,,0,,5000,25900,,35000,35000,,
