"abu","acum_busd","acum_busd_val","acum_val_bu","acum_val_sd","acum_val","avg_val_bu","avg_val_sd","rbusd","asd","auk","bs","bu","bu-sd","bu-sd_val","c","date","datetime","h","l","o","pbu","psd","puk","rbu","rsd","ruk","sb","sd","sum_vol","total_vol","uk","val","val_bu","val_sd","val_uk"
165,-100,-1500,0,1500,1500,2487080,3294075,0,220,500,0,,-100,-1500,15,"2022-12-13T09:46:00.000Z",1670924760000,15,15,15,0,100,0,,0.5,,Infinity,100,100,100,,1500,,1500,
165,-100,-1500,0,1500,9000,2487080,3294075,0,220,500,NaN,,0,0,15,"2022-12-13T09:48:00.000Z",1670924880000,15,15,15,0,0,100,,,1,NaN,,500,600,500,7500,,,7500
165,100,3118500,3120000,1500,7839000,2487080,3294075,3.9,220,500,Infinity,200,200,3120000,15.7,"2022-12-13T09:56:00.000Z",1670925360000,15.7,15.6,15.6,40,0,60,1.2,,0.6,0,,500,1100,300,7830000,3120000,,4710000
165,200,4698500,4700000,1500,9419000,2487080,3294075,2,220,500,Infinity,100,100,1580000,15.8,"2022-12-13T10:02:00.000Z",1670925720000,15.8,15.8,15.8,100,0,0,0.6,,,0,,100,1200,,1580000,1580000,,
165,-1800,-25901500,4700000,30601500,40019000,2487080,3294075,37.9,220,500,0,,-2000,-30600000,15.3,"2022-12-13T10:12:00.000Z",1670926320000,15.3,15.3,15.3,0,100,0,,9.1,,Infinity,2000,2000,3200,,30600000,,30600000,
165,-1700,-24331500,6270000,30601500,41589000,2487080,3294075,1.9,220,500,Infinity,100,100,1570000,15.7,"2022-12-13T10:24:00.000Z",1670927040000,15.7,15.7,15.7,100,0,0,0.6,,,0,,100,3300,,1570000,1570000,,
165,-1700,-24331500,6270000,30601500,75909000,2487080,3294075,0,220,500,NaN,,0,0,15.6,"2022-12-13T10:54:00.000Z",1670928840000,15.6,15.6,15.6,0,0,100,,,4.4,NaN,,2200,5500,2200,34320000,,,34320000
165,-1500,-21211500,9390000,30601500,79029000,2487080,3294075,3.9,220,500,Infinity,200,200,3120000,15.6,"2022-12-13T11:12:00.000Z",1670929920000,15.6,15.6,15.6,100,0,0,1.2,,,0,,200,5700,,3120000,3120000,,
165,-1400,-19651500,10950000,30601500,80589000,2487080,3294075,1.9,220,500,Infinity,100,100,1560000,15.6,"2022-12-13T11:16:00.000Z",1670930160000,15.6,15.6,15.6,100,0,0,0.6,,,0,,100,5800,,1560000,1560000,,
165,-1400,-19651500,10950000,30601500,118029000,2487080,3294075,0,220,500,NaN,,0,0,15.6,"2022-12-13T11:22:00.000Z",1670930520000,15.6,15.6,15.6,0,0,100,,,4.8,NaN,,2400,8200,2400,37440000,,,37440000
165,-2400,-34951500,10950000,45901500,133329000,2487080,3294075,19,220,500,0,,-1000,-15300000,15.3,"2022-12-13T13:08:00.000Z",1670936880000,15.3,15.3,15.3,0,100,0,,4.5,,Infinity,1000,1000,9200,,15300000,,15300000,
165,-2800,-41071500,10950000,52021500,139449000,2487080,3294075,7.6,220,500,0,,-400,-6120000,15.3,"2022-12-13T13:12:00.000Z",1670937120000,15.3,15.3,15.3,0,100,0,,1.8,,Infinity,400,400,9600,,6120000,,6120000,
165,-3700,-54931500,10950000,65881500,153309000,2487080,3294075,17.2,220,500,0,,-900,-13860000,15.4,"2022-12-13T13:16:00.000Z",1670937360000,15.4,15.4,15.4,0,100,0,,4.1,,Infinity,900,900,10500,,13860000,,13860000,
165,-3100,-45631500,20250000,65881500,162609000,2487080,3294075,11.5,220,500,Infinity,600,600,9300000,15.5,"2022-12-13T13:56:00.000Z",1670939760000,15.5,15.5,15.5,100,0,0,3.6,,,0,,600,11100,,9300000,9300000,,
165,-2000,-28691500,37190000,65881500,212249000,2487080,3294075,21,220,500,Infinity,1100,1100,16940000,15.6,"2022-12-13T14:22:00.000Z",1670941320000,15.6,15.4,15.4,34.4,0,65.6,6.7,,4.2,0,,3200,14300,2100,49640000,16940000,,32700000
165,-1400,-19271500,46610000,65881500,221669000,2487080,3294075,11.7,220,500,Infinity,600,600,9420000,15.7,"2022-12-13T14:26:00.000Z",1670941560000,15.7,15.7,15.7,100,0,0,3.6,,,0,,600,14900,,9420000,9420000,,
165,-1300,-17701500,48180000,65881500,223239000,2487080,3294075,1.9,220,500,Infinity,100,100,1570000,15.7,"2022-12-13T14:32:00.000Z",1670941920000,15.7,15.7,15.7,100,0,0,0.6,,,0,,100,15000,,1570000,1570000,,
165,-1200,-16141500,49740000,65881500,224799000,2487080,3294075,1.9,220,500,Infinity,100,100,1560000,15.6,"2022-12-13T14:44:00.000Z",1670942640000,15.6,15.6,15.6,100,0,0,0.6,,,0,,100,15100,,1560000,1560000,,
165,-1200,-16141500,49740000,65881500,226359000,2487080,3294075,0,220,500,NaN,,0,0,15.6,"2022-12-13T14:46:00.000Z",1670942760000,15.6,15.6,15.6,0,0,100,,,0.2,NaN,,100,15200,100,1560000,,,1560000
165,-1100,-16139900,49741600,65881500,264050600,2487080,3294075,0,220,500,Infinity,100,100,1600,16,"2022-12-13T14:52:00.000Z",1670943120000,16,15.7,15.7,4,0,96,0.6,,4.8,0,,2500,17700,2400,37691600,1600,,37690000
