"abu","acum_busd","acum_busd_val","acum_val_bu","acum_val_sd","acum_val","avg_val_bu","avg_val_sd","rbusd","asd","auk","bs","bu","bu-sd","bu-sd_val","c","date","datetime","h","l","o","pbu","psd","puk","rbu","rsd","ruk","sb","sd","sum_vol","total_vol","uk","val","val_bu","val_sd","val_uk"
1934,-600,2689600,2700000,10400,2710400,25887358.5,23626234,1.2,1786.8,117,0.3,200,-600,2689600,13.5,"2022-12-13T09:00:00.000Z",1670922000000,13.5,13,13,20,80,0,0.1,0.4,,4,800,1000,1000,,2710400,2700000,10400,
1934,-500,4039600,5380000,1340400,6720400,25887358.5,23626234,0.6,1786.8,117,2,200,100,1350000,13.3,"2022-12-13T09:12:00.000Z",1670922720000,13.4,13.3,13.4,66.7,33.3,0,0.1,0.1,,0.5,100,300,1300,,4010000,2680000,1330000,
1934,-13800,-172830400,8060000,180890400,188950400,25887358.5,23626234,78.2,1786.8,117,0,200,-13300,-176870000,13.3,"2022-12-13T09:14:00.000Z",1670922840000,13.4,13.3,13.3,1.5,98.5,0,0.1,7.6,,67.5,13500,13700,15000,,182230000,2680000,179550000,
1934,-13700,-171490400,9400000,180890400,190290400,25887358.5,23626234,0.6,1786.8,117,Infinity,100,100,1340000,13.4,"2022-12-13T09:26:00.000Z",1670923560000,13.4,13.4,13.4,100,0,0,0.1,,,0,,100,15100,,1340000,1340000,,
1934,-13400,-167470400,13420000,180890400,194310400,25887358.5,23626234,1.8,1786.8,117,Infinity,300,300,4020000,13.4,"2022-12-13T09:28:00.000Z",1670923680000,13.4,13.4,13.4,100,0,0,0.2,,,0,,300,15400,,4020000,4020000,,
1934,-14600,-183550400,18780000,202330400,221110400,25887358.5,23626234,7.1,1786.8,117,0.3,400,-1200,-16080000,13.4,"2022-12-13T09:36:00.000Z",1670924160000,13.4,13.4,13.4,20,80,0,0.2,0.9,,4,1600,2000,17400,,26800000,5360000,21440000,
1934,-14400,-180870400,21460000,202330400,223790400,25887358.5,23626234,1.2,1786.8,117,Infinity,200,200,2680000,13.4,"2022-12-13T09:48:00.000Z",1670924880000,13.4,13.4,13.4,100,0,0,0.1,,,0,,200,17600,,2680000,2680000,,
1934,-11500,-142010400,60320000,202330400,262650400,25887358.5,23626234,17.2,1786.8,117,Infinity,2900,2900,38860000,13.4,"2022-12-13T09:50:00.000Z",1670925000000,13.4,13.4,13.4,100,0,0,1.5,,,0,,2900,20500,,38860000,38860000,,
1934,-21100,-269690400,60320000,330010400,390330400,25887358.5,23626234,56.5,1786.8,117,0,,-9600,-127680000,13.3,"2022-12-13T09:52:00.000Z",1670925120000,13.3,13.3,13.3,0,100,0,,5.4,,Infinity,9600,9600,30100,,127680000,,127680000,
1934,-6000,-68860400,261150000,330010400,591160400,25887358.5,23626234,88.8,1786.8,117,Infinity,15100,15100,200830000,13.3,"2022-12-13T09:56:00.000Z",1670925360000,13.3,13.3,13.3,100,0,0,7.8,,,0,,15100,45200,,200830000,200830000,,
1934,-6000,-68860400,261150000,330010400,593820400,25887358.5,23626234,0,1786.8,117,NaN,,0,0,13.3,"2022-12-13T09:58:00.000Z",1670925480000,13.3,13.3,13.3,0,0,100,,,1.7,NaN,,200,45400,200,2660000,,,2660000
1934,-4500,-48760400,281250000,330010400,613920400,25887358.5,23626234,8.9,1786.8,117,Infinity,1500,1500,20100000,13.4,"2022-12-13T10:00:00.000Z",1670925600000,13.4,13.4,13.4,100,0,0,0.8,,,0,,1500,46900,,20100000,20100000,,
1934,-3300,-32680400,297330000,330010400,630000400,25887358.5,23626234,7.1,1786.8,117,Infinity,1200,1200,16080000,13.4,"2022-12-13T10:02:00.000Z",1670925720000,13.4,13.4,13.4,100,0,0,0.6,,,0,,1200,48100,,16080000,16080000,,
1934,-1300,-5880400,324130000,330010400,656800400,25887358.5,23626234,11.9,1786.8,117,Infinity,2000,2000,26800000,13.4,"2022-12-13T10:18:00.000Z",1670926680000,13.4,13.4,13.4,100,0,0,1,,,0,,2000,50100,,26800000,26800000,,
1934,-2300,-19180400,324130000,343310400,670100400,25887358.5,23626234,5.9,1786.8,117,0,,-1000,-13300000,13.3,"2022-12-13T10:34:00.000Z",1670927640000,13.3,13.3,13.3,0,100,0,,0.6,,Infinity,1000,1000,51100,,13300000,,13300000,
1934,-2500,-21840400,324130000,345970400,672760400,25887358.5,23626234,1.2,1786.8,117,0,,-200,-2660000,13.3,"2022-12-13T10:36:00.000Z",1670927760000,13.3,13.3,13.3,0,100,0,,0.1,,Infinity,200,200,51300,,2660000,,2660000,
1934,-2400,-20500400,325470000,345970400,674100400,25887358.5,23626234,0.6,1786.8,117,Infinity,100,100,1340000,13.4,"2022-12-13T10:46:00.000Z",1670928360000,13.4,13.4,13.4,100,0,0,0.1,,,0,,100,51400,,1340000,1340000,,
1934,-12400,-153500400,325470000,478970400,807100400,25887358.5,23626234,58.8,1786.8,117,0,,-10000,-133000000,13.3,"2022-12-13T10:48:00.000Z",1670928480000,13.3,13.3,13.3,0,100,0,,5.6,,Infinity,10000,10000,61400,,133000000,,133000000,
1934,26500,367759600,846730000,478970400,1328360400,25887358.5,23626234,230.5,1786.8,117,Infinity,38900,38900,521260000,13.4,"2022-12-13T10:52:00.000Z",1670928720000,13.4,13.4,13.4,100,0,0,20.1,,,0,,38900,100300,,521260000,521260000,,
1934,25400,353019600,846730000,493710400,1343100400,25887358.5,23626234,6.5,1786.8,117,0,,-1100,-14740000,13.4,"2022-12-13T10:54:00.000Z",1670928840000,13.4,13.4,13.4,0,100,0,,0.6,,Infinity,1100,1100,101400,,14740000,,14740000,
1934,33300,458879600,952590000,493710400,1448960400,25887358.5,23626234,46.8,1786.8,117,Infinity,7900,7900,105860000,13.4,"2022-12-13T10:56:00.000Z",1670928960000,13.4,13.4,13.4,100,0,0,4.1,,,0,,7900,109300,,105860000,105860000,,
1934,32900,453519600,959290000,505770400,1467720400,25887358.5,23626234,2.4,1786.8,117,0.6,500,-400,-5360000,13.4,"2022-12-13T10:58:00.000Z",1670929080000,13.4,13.4,13.4,35.7,64.3,0,0.3,0.5,,1.8,900,1400,110700,,18760000,6700000,12060000,
1934,33500,461559600,967330000,505770400,1475760400,25887358.5,23626234,3.6,1786.8,117,Infinity,600,600,8040000,13.4,"2022-12-13T11:00:00.000Z",1670929200000,13.4,13.4,13.4,100,0,0,0.3,,,0,,600,111300,,8040000,8040000,,
1934,11600,168099600,994130000,826030400,1822820400,25887358.5,23626234,129.8,1786.8,117,0.1,2000,-21900,-293460000,13.4,"2022-12-13T11:06:00.000Z",1670929560000,13.4,13.4,13.4,7.7,92.3,0,1,13.4,,12,23900,25900,137200,,347060000,26800000,320260000,
1934,16600,235099600,1061130000,826030400,1889820400,25887358.5,23626234,29.6,1786.8,117,Infinity,5000,5000,67000000,13.4,"2022-12-13T11:08:00.000Z",1670929680000,13.4,13.4,13.4,100,0,0,2.6,,,0,,5000,142200,,67000000,67000000,,
1934,16700,236439600,1062470000,826030400,1891160400,25887358.5,23626234,0.6,1786.8,117,Infinity,100,100,1340000,13.4,"2022-12-13T11:18:00.000Z",1670930280000,13.4,13.4,13.4,100,0,0,0.1,,,0,,100,142300,,1340000,1340000,,
1934,18400,259219600,1085250000,826030400,1913940400,25887358.5,23626234,10.1,1786.8,117,Infinity,1700,1700,22780000,13.4,"2022-12-13T11:20:00.000Z",1670930400000,13.4,13.4,13.4,100,0,0,0.9,,,0,,1700,144000,,22780000,22780000,,
1934,18300,257879600,1085250000,827370400,1915280400,25887358.5,23626234,0.6,1786.8,117,0,,-100,-1340000,13.4,"2022-12-13T11:26:00.000Z",1670930760000,13.4,13.4,13.4,0,100,0,,0.1,,Infinity,100,100,144100,,1340000,,1340000,
1934,18100,255199600,1085250000,830050400,1917960400,25887358.5,23626234,1.2,1786.8,117,0,,-200,-2680000,13.4,"2022-12-13T11:28:00.000Z",1670930880000,13.4,13.4,13.4,0,100,0,,0.1,,Infinity,200,200,144300,,2680000,,2680000,
1934,17900,252519600,1085250000,832730400,1920640400,25887358.5,23626234,1.2,1786.8,117,0,,-200,-2680000,13.4,"2022-12-13T13:00:00.000Z",1670936400000,13.4,13.4,13.4,0,100,0,,0.1,,Infinity,200,200,144500,,2680000,,2680000,
1934,17800,251179600,1085250000,834070400,1921980400,25887358.5,23626234,0.6,1786.8,117,0,,-100,-1340000,13.4,"2022-12-13T13:04:00.000Z",1670936640000,13.4,13.4,13.4,0,100,0,,0.1,,Infinity,100,100,144600,,1340000,,1340000,
1934,19100,268599600,1102670000,834070400,1939400400,25887358.5,23626234,7.7,1786.8,117,Infinity,1300,1300,17420000,13.4,"2022-12-13T13:10:00.000Z",1670937000000,13.4,13.4,13.4,100,0,0,0.7,,,0,,1300,145900,,17420000,17420000,,
1934,24300,338279600,1172350000,834070400,2009080400,25887358.5,23626234,30.8,1786.8,117,Infinity,5200,5200,69680000,13.4,"2022-12-13T13:24:00.000Z",1670937840000,13.4,13.4,13.4,100,0,0,2.7,,,0,,5200,151100,,69680000,69680000,,
1934,29300,405279600,1239350000,834070400,2076080400,25887358.5,23626234,29.6,1786.8,117,Infinity,5000,5000,67000000,13.4,"2022-12-13T13:26:00.000Z",1670937960000,13.4,13.4,13.4,100,0,0,2.6,,,0,,5000,156100,,67000000,67000000,,
1934,29400,406619600,1240690000,834070400,2077420400,25887358.5,23626234,0.6,1786.8,117,Infinity,100,100,1340000,13.4,"2022-12-13T13:30:00.000Z",1670938200000,13.4,13.4,13.4,100,0,0,0.1,,,0,,100,156200,,1340000,1340000,,
1934,29600,409299600,1243370000,834070400,2080100400,25887358.5,23626234,1.2,1786.8,117,Infinity,200,200,2680000,13.4,"2022-12-13T13:34:00.000Z",1670938440000,13.4,13.4,13.4,100,0,0,0.1,,,0,,200,156400,,2680000,2680000,,
1934,29500,408009600,1248730000,840720400,2092110400,25887358.5,23626234,0.6,1786.8,117,0.8,400,-100,-1290000,13.4,"2022-12-13T13:40:00.000Z",1670938800000,13.4,13.3,13.3,44.4,55.6,0,0.2,0.3,,1.3,500,900,157300,,12010000,5360000,6650000,
1934,31500,434809600,1275530000,840720400,2118910400,25887358.5,23626234,11.9,1786.8,117,Infinity,2000,2000,26800000,13.4,"2022-12-13T13:46:00.000Z",1670939160000,13.4,13.4,13.4,100,0,0,1,,,0,,2000,159300,,26800000,26800000,,
1934,31200,430819600,1275530000,844710400,2122900400,25887358.5,23626234,1.8,1786.8,117,0,,-300,-3990000,13.3,"2022-12-13T13:48:00.000Z",1670939280000,13.3,13.3,13.3,0,100,0,,0.2,,Infinity,300,300,159600,,3990000,,3990000,
1934,36400,500499600,1345210000,844710400,2192580400,25887358.5,23626234,30.8,1786.8,117,Infinity,5200,5200,69680000,13.4,"2022-12-13T13:52:00.000Z",1670939520000,13.4,13.4,13.4,100,0,0,2.7,,,0,,5200,164800,,69680000,69680000,,
1934,36500,501839600,1346550000,844710400,2193920400,25887358.5,23626234,0.6,1786.8,117,Infinity,100,100,1340000,13.4,"2022-12-13T14:00:00.000Z",1670940000000,13.4,13.4,13.4,100,0,0,0.1,,,0,,100,164900,,1340000,1340000,,
1934,31700,438019600,1349230000,911210400,2263100400,25887358.5,23626234,28.2,1786.8,117,0,200,-4800,-63820000,13.3,"2022-12-13T14:10:00.000Z",1670940600000,13.4,13.3,13.4,3.8,96.2,0,0.1,2.8,,25,5000,5200,170100,,69180000,2680000,66500000,
1934,25500,355559600,1349230000,993670400,2345560400,25887358.5,23626234,36.5,1786.8,117,0,,-6200,-82460000,13.3,"2022-12-13T14:12:00.000Z",1670940720000,13.3,13.3,13.3,0,100,0,,3.5,,Infinity,6200,6200,176300,,82460000,,82460000,
1934,25200,351569600,1349230000,997660400,2349550400,25887358.5,23626234,1.8,1786.8,117,0,,-300,-3990000,13.3,"2022-12-13T14:14:00.000Z",1670940840000,13.3,13.3,13.3,0,100,0,,0.2,,Infinity,300,300,176600,,3990000,,3990000,
1934,26200,364969600,1362630000,997660400,2362950400,25887358.5,23626234,5.9,1786.8,117,Infinity,1000,1000,13400000,13.4,"2022-12-13T14:24:00.000Z",1670941440000,13.4,13.4,13.4,100,0,0,0.5,,,0,,1000,177600,,13400000,13400000,,
1934,26700,371669600,1369330000,997660400,2369650400,25887358.5,23626234,3,1786.8,117,Infinity,500,500,6700000,13.4,"2022-12-13T14:26:00.000Z",1670941560000,13.4,13.4,13.4,100,0,0,0.3,,,0,,500,178100,,6700000,6700000,,
1934,21700,304669600,1369330000,1064660400,2436650400,25887358.5,23626234,29.6,1786.8,117,0,,-5000,-67000000,13.4,"2022-12-13T14:28:00.000Z",1670941680000,13.4,13.4,13.4,0,100,0,,2.8,,Infinity,5000,5000,183100,,67000000,,67000000,
1934,21700,304669600,1369330000,1064660400,2516450400,25887358.5,23626234,0,1786.8,117,NaN,,0,0,13.3,"2022-12-13T14:36:00.000Z",1670942160000,13.3,13.3,13.3,0,0,100,,,51.3,NaN,,6000,189100,6000,79800000,,,79800000
1934,16700,238169600,1369330000,1131160400,2582950400,25887358.5,23626234,29.4,1786.8,117,0,,-5000,-66500000,13.3,"2022-12-13T14:38:00.000Z",1670942280000,13.3,13.3,13.3,0,100,0,,2.8,,Infinity,5000,5000,194100,,66500000,,66500000,
1934,7700,118469600,1369330000,1250860400,2702650400,25887358.5,23626234,52.9,1786.8,117,0,,-9000,-119700000,13.3,"2022-12-13T14:40:00.000Z",1670942400000,13.3,13.3,13.3,0,100,0,,5,,Infinity,9000,9000,203100,,119700000,,119700000,
1934,7800,119819600,1370680000,1250860400,2704000400,25887358.5,23626234,0.6,1786.8,117,Infinity,100,100,1350000,13.5,"2022-12-13T14:42:00.000Z",1670942520000,13.5,13.5,13.5,100,0,0,0.1,,,0,,100,203200,,1350000,1350000,,
1934,7700,118489600,1370680000,1252190400,2705330400,25887358.5,23626234,0.6,1786.8,117,0,,-100,-1330000,13.3,"2022-12-13T14:52:00.000Z",1670943120000,13.3,13.3,13.3,0,100,0,,0.1,,Infinity,100,100,203300,,1330000,,1330000,
1934,7800,119839600,1372030000,1252190400,2706680400,25887358.5,23626234,0.6,1786.8,117,Infinity,100,100,1350000,13.5,"2022-12-13T14:58:00.000Z",1670943480000,13.5,13.5,13.5,100,0,0,0.1,,,0,,100,203400,,1350000,1350000,,
