"abu","acum_busd","acum_busd_val","acum_val_bu","acum_val_sd","acum_val","avg_val_bu","avg_val_sd","rbusd","asd","auk","bs","bu","bu-sd","bu-sd_val","c","date","datetime","h","l","o","pbu","psd","puk","rbu","rsd","ruk","sb","sd","sum_vol","total_vol","uk","val","val_bu","val_sd","val_uk"
26515.2,6200,136830000,329555000,192725000,522280000,581248152.2,578885652.2,57.9,26410.9,2.2,1.7,15000,6200,136830000,22000,"2023-03-21T09:15:00.000Z",1679390100000,22000,21900,21900,63,37,0,0.6,0.3,,0.6,8800,23800,23800,,522280000,329555000,192725000,
26515.2,-37000,-809925000,373555000,1183480000,1557035000,581248152.2,578885652.2,-400.7,26410.9,2.2,0,2000,-43200,-946755000,21900,"2023-03-21T09:20:00.000Z",1679390400000,22000,21900,22000,4.2,95.8,0,0.1,1.7,,22.6,45200,47200,71000,,1034755000,44000000,990755000,
26515.2,-58900,-1288885000,375740000,1664625000,2040365000,581248152.2,578885652.2,-202.7,26410.9,2.2,0,100,-21900,-478960000,21800,"2023-03-21T09:25:00.000Z",1679390700000,21900,21800,21900,0.5,99.5,0,0,0.8,,220,22000,22100,93100,,483330000,2185000,481145000,
26515.2,-82400,-1800850000,419440000,2220290000,2639730000,581248152.2,578885652.2,-216.7,26410.9,2.2,0.1,2000,-23500,-511965000,21700,"2023-03-21T09:30:00.000Z",1679391000000,21850,21700,21850,7.3,92.7,0,0.1,1,,12.8,25500,27500,120600,,599365000,43700000,555665000,
26515.2,-108200,-2360205000,430280000,2790485000,3220765000,581248152.2,578885652.2,-236.8,26410.9,2.2,0,500,-25800,-559355000,21650,"2023-03-21T09:35:00.000Z",1679391300000,21700,21650,21700,1.9,98.1,0,0,1,,52.6,26300,26800,147400,,581035000,10840000,570195000,
26515.2,-71800,-1570295000,1220190000,2790485000,4010675000,581248152.2,578885652.2,334.4,26410.9,2.2,Infinity,36400,36400,789910000,21750,"2023-03-21T09:40:00.000Z",1679391600000,21750,21700,21700,100,0,0,1.4,,,0,,36400,183800,,789910000,789910000,,
26515.2,-82200,-1796015000,1350410000,3146425000,4496835000,581248152.2,578885652.2,-95.5,26410.9,2.2,0.4,6000,-10400,-225720000,21650,"2023-03-21T09:45:00.000Z",1679391900000,21750,21650,21700,26.8,73.2,0,0.2,0.6,,2.7,16400,22400,206200,,486160000,130220000,355940000,
26515.2,-77900,-1702705000,1443720000,3146425000,4590145000,581248152.2,578885652.2,39.5,26410.9,2.2,Infinity,4300,4300,93310000,21700,"2023-03-21T09:50:00.000Z",1679392200000,21700,21700,21700,100,0,0,0.2,,,0,,4300,210500,,93310000,93310000,,
26515.2,-95700,-2088030000,1502175000,3590205000,5092380000,581248152.2,578885652.2,-163.1,26410.9,2.2,0.1,2700,-17800,-385325000,21600,"2023-03-21T09:55:00.000Z",1679392500000,21650,21600,21650,11.6,88.4,0,0.1,0.8,,7.6,20500,23200,233700,,502235000,58455000,443780000,
26515.2,-85700,-1871290000,1718915000,3590205000,5309120000,581248152.2,578885652.2,91.7,26410.9,2.2,Infinity,10000,10000,216740000,21700,"2023-03-21T10:00:00.000Z",1679392800000,21700,21650,21650,100,0,0,0.4,,,0,,10000,243700,,216740000,216740000,,
26515.2,-86400,-1886445000,1835825000,3722270000,5558095000,581248152.2,578885652.2,-6.4,26410.9,2.2,0.9,5400,-700,-15155000,21650,"2023-03-21T10:05:00.000Z",1679393100000,21650,21650,21650,47,53,0,0.2,0.2,,1.1,6100,11500,255200,,248975000,116910000,132065000,
26515.2,20200,430405000,4202370000,3771965000,7974335000,581248152.2,578885652.2,980.7,26410.9,2.2,47.3,108900,106600,2316850000,21750,"2023-03-21T10:10:00.000Z",1679393400000,21800,21600,21650,97.9,2.1,0,4.1,0.1,,0,2300,111200,366400,,2416240000,2366545000,49695000,
26515.2,21000,447770000,4267475000,3819705000,8087180000,581248152.2,578885652.2,7.4,26410.9,2.2,1.4,3000,800,17365000,21700,"2023-03-21T10:15:00.000Z",1679393700000,21750,21700,21750,57.7,42.3,0,0.1,0.1,,0.7,2200,5200,371600,,112845000,65105000,47740000,
26515.2,19400,413150000,4276155000,3863005000,8139160000,581248152.2,578885652.2,-14.7,26410.9,2.2,0.2,400,-1600,-34620000,21650,"2023-03-21T10:20:00.000Z",1679394000000,21700,21650,21700,16.7,83.3,0,0,0.1,,5,2000,2400,374000,,51980000,8680000,43300000,
26515.2,13400,283285000,4291345000,4008060000,8299405000,581248152.2,578885652.2,-55,26410.9,2.2,0.1,700,-6000,-129865000,21700,"2023-03-21T10:25:00.000Z",1679394300000,21700,21650,21700,9.5,90.5,0,0,0.3,,9.6,6700,7400,381400,,160245000,15190000,145055000,
26515.2,24500,525270000,4572460000,4047190000,8619650000,581248152.2,578885652.2,102.4,26410.9,2.2,7.2,12900,11100,241985000,21750,"2023-03-21T10:30:00.000Z",1679394600000,21800,21700,21700,87.8,12.2,0,0.5,0.1,,0.1,1800,14700,396100,,320245000,281115000,39130000,
26515.2,22400,480040000,4960535000,4480495000,9441030000,581248152.2,578885652.2,-19.1,26410.9,2.2,0.9,17900,-2100,-45230000,21650,"2023-03-21T10:35:00.000Z",1679394900000,21750,21600,21750,47.2,52.8,0,0.7,0.8,,1.1,20000,37900,434000,,821380000,388075000,433305000,
26515.2,25700,551485000,5144560000,4593075000,9737635000,581248152.2,578885652.2,30.2,26410.9,2.2,1.6,8500,3300,71445000,21650,"2023-03-21T10:40:00.000Z",1679395200000,21650,21650,21650,62,38,0,0.3,0.2,,0.6,5200,13700,447700,,296605000,184025000,112580000,
26515.2,29200,627265000,5246320000,4619055000,9865375000,581248152.2,578885652.2,32.1,26410.9,2.2,3.9,4700,3500,75780000,21700,"2023-03-21T10:45:00.000Z",1679395500000,21700,21650,21650,79.7,20.3,0,0.2,0,,0.3,1200,5900,453600,,127740000,101760000,25980000,
26515.2,38500,829280000,5539115000,4709835000,10248950000,581248152.2,578885652.2,85.5,26410.9,2.2,3.2,13500,9300,202015000,21650,"2023-03-21T10:50:00.000Z",1679395800000,21700,21600,21700,76.3,23.7,0,0.5,0.2,,0.3,4200,17700,471300,,383575000,292795000,90780000,
26515.2,50800,1096860000,5902285000,4805425000,10707710000,581248152.2,578885652.2,113.3,26410.9,2.2,3.8,16700,12300,267580000,21800,"2023-03-21T10:55:00.000Z",1679396100000,21800,21650,21650,79.1,20.9,0,0.6,0.2,,0.3,4400,21100,492400,,458760000,363170000,95590000,
26515.2,51600,1114365000,6012955000,4898590000,10911545000,581248152.2,578885652.2,7.4,26410.9,2.2,1.2,5100,800,17505000,21700,"2023-03-21T11:00:00.000Z",1679396400000,21700,21600,21700,54.3,45.7,0,0.2,0.2,,0.8,4300,9400,501800,,203835000,110670000,93165000,
26515.2,56100,1212330000,6216935000,5004605000,11221540000,581248152.2,578885652.2,41.5,26410.9,2.2,1.9,9400,4500,97965000,21600,"2023-03-21T11:05:00.000Z",1679396700000,21700,21600,21650,65.7,34.3,0,0.4,0.2,,0.5,4900,14300,516100,,309995000,203980000,106015000,
26515.2,28700,620280000,6232100000,5611820000,11843920000,581248152.2,578885652.2,-250.6,26410.9,2.2,0,700,-27400,-592050000,21600,"2023-03-21T11:10:00.000Z",1679397000000,21700,21600,21600,2.4,97.6,0,0,1.1,,40.1,28100,28800,544900,,622380000,15165000,607215000,
26515.2,-33900,-731380000,6467805000,7199185000,13666990000,581248152.2,578885652.2,-572.1,26410.9,2.2,0.1,10900,-62600,-1351660000,21600,"2023-03-21T11:15:00.000Z",1679397300000,21650,21550,21600,12.9,87.1,0,0.4,2.8,,6.7,73500,84400,629300,,1823070000,235705000,1587365000,
26515.2,-29100,-627840000,6765295000,7393135000,14158430000,581248152.2,578885652.2,43.8,26410.9,2.2,1.5,13800,4800,103540000,21600,"2023-03-21T11:20:00.000Z",1679397600000,21600,21550,21550,60.5,39.5,0,0.5,0.3,,0.7,9000,22800,652100,,491440000,297490000,193950000,
26515.2,-35600,-767930000,6836875000,7604805000,14441680000,581248152.2,578885652.2,-59.3,26410.9,2.2,0.3,3300,-6500,-140090000,21550,"2023-03-21T11:25:00.000Z",1679397900000,21700,21550,21600,25.2,74.8,0,0.1,0.4,,3,9800,13100,665200,,283250000,71580000,211670000,
26515.2,-15200,-325940000,7447955000,7773895000,15221850000,581248152.2,578885652.2,187.1,26410.9,2.2,3.6,28200,20400,441990000,21700,"2023-03-21T13:00:00.000Z",1679403600000,21700,21550,21600,78.3,21.7,0,1.1,0.3,,0.3,7800,36000,701200,,780170000,611080000,169090000,
26515.2,8100,181450000,8022770000,7841320000,15864090000,581248152.2,578885652.2,214.8,26410.9,2.2,8.5,26400,23300,507390000,21800,"2023-03-21T13:05:00.000Z",1679403900000,21800,21750,21750,89.5,10.5,0,1,0.1,,0.1,3100,29500,730700,,642240000,574815000,67425000,
26515.2,-500,-5165000,8061885000,8067050000,16128935000,581248152.2,578885652.2,-79,26410.9,2.2,0.2,1800,-8600,-186615000,21700,"2023-03-21T13:10:00.000Z",1679404200000,21750,21700,21750,14.8,85.2,0,0.1,0.4,,5.8,10400,12200,742900,,264845000,39115000,225730000,
26515.2,1200,31785000,8163875000,8132090000,16295965000,581248152.2,578885652.2,15.6,26410.9,2.2,1.6,4700,1700,36950000,21700,"2023-03-21T13:15:00.000Z",1679404500000,21700,21650,21700,61,39,0,0.2,0.1,,0.6,3000,7700,750600,,167030000,101990000,65040000,
26515.2,89000,1945275000,10081725000,8136450000,18218175000,581248152.2,578885652.2,809.9,26410.9,2.2,440,88000,87800,1913490000,21800,"2023-03-21T13:20:00.000Z",1679404800000,21800,21700,21700,99.8,0.2,0,3.3,0,,0,200,88200,838800,,1922210000,1917850000,4360000,
26515.2,144600,3163320000,11852155000,8688835000,20540990000,581248152.2,578885652.2,515.6,26410.9,2.2,3.2,80900,55600,1218045000,21800,"2023-03-21T13:25:00.000Z",1679405100000,21900,21800,21850,76.2,23.8,0,3.1,1,,0.3,25300,106200,945000,,2322815000,1770430000,552385000,
26515.2,99300,2175830000,11874005000,9698175000,21572180000,581248152.2,578885652.2,-418,26410.9,2.2,0,1000,-45300,-987490000,21800,"2023-03-21T13:30:00.000Z",1679405400000,21850,21800,21800,2.1,97.9,0,0,1.8,,46.3,46300,47300,992300,,1031190000,21850000,1009340000,
26515.2,86600,1899315000,11876180000,9976865000,21853045000,581248152.2,578885652.2,-117,26410.9,2.2,0,100,-12700,-276515000,21750,"2023-03-21T13:35:00.000Z",1679405700000,21800,21750,21800,0.8,99.2,0,0,0.5,,128,12800,12900,1005200,,280865000,2175000,278690000,
26515.2,82800,1817015000,11945780000,10128765000,22074545000,581248152.2,578885652.2,-34.8,26410.9,2.2,0.5,3200,-3800,-82300000,21700,"2023-03-21T13:40:00.000Z",1679406000000,21750,21700,21750,31.4,68.6,0,0.1,0.3,,2.2,7000,10200,1015400,,221500000,69600000,151900000,
26515.2,80800,1774295000,12339480000,10565185000,22904665000,581248152.2,578885652.2,-18.1,26410.9,2.2,0.9,18100,-2000,-42720000,21750,"2023-03-21T13:45:00.000Z",1679406300000,21800,21700,21700,47.4,52.6,0,0.7,0.8,,1.1,20100,38200,1053600,,830120000,393700000,436420000,
26515.2,103500,2269380000,12982465000,10713085000,23695550000,581248152.2,578885652.2,209.6,26410.9,2.2,4.3,29500,22700,495085000,21750,"2023-03-21T13:50:00.000Z",1679406600000,21800,21750,21750,81.3,18.7,0,1.1,0.3,,0.2,6800,36300,1089900,,790885000,642985000,147900000,
26515.2,120600,2642445000,13527405000,10884960000,24414540000,581248152.2,578885652.2,157.9,26410.9,2.2,3.2,25000,17100,373065000,21750,"2023-03-21T13:55:00.000Z",1679406900000,21800,21750,21750,75.8,23.9,0.3,0.9,0.3,45.5,0.3,7900,33000,1122900,100,718990000,544940000,171875000,2175000
26515.2,107500,2358475000,13720980000,11362505000,25085660000,581248152.2,578885652.2,-120.2,26410.9,2.2,0.4,8900,-13100,-283970000,21750,"2023-03-21T14:00:00.000Z",1679407200000,21750,21700,21750,28.8,71.2,0,0.3,0.8,,2.5,22000,30900,1153800,,671120000,193575000,477545000,
26515.2,119900,2629185000,14122490000,11493305000,25617970000,581248152.2,578885652.2,114.6,26410.9,2.2,3.1,18400,12400,270710000,21900,"2023-03-21T14:05:00.000Z",1679407500000,21900,21750,21750,75.4,24.6,0,0.7,0.2,,0.3,6000,24400,1178200,,532310000,401510000,130800000,
26515.2,157500,3461610000,18113370000,14651760000,32767305000,581248152.2,578885652.2,352.3,26410.9,2.2,1.3,181700,37600,832425000,22000,"2023-03-21T14:10:00.000Z",1679407800000,22100,21900,21900,55.8,44.2,0,6.9,5.5,,0.8,144100,325800,1504000,,7149335000,3990880000,3158455000,
26515.2,-226600,-5031480000,19147080000,24178560000,43327815000,581248152.2,578885652.2,-3595,26410.9,2.2,0.1,46700,-384100,-8493090000,22050,"2023-03-21T14:15:00.000Z",1679408100000,22200,22000,22000,9.8,90.2,0,1.8,16.3,,9.2,430800,477500,1981500,,10560510000,1033710000,9526800000,
26515.2,-277500,-6155240000,19857115000,26012355000,45871645000,581248152.2,578885652.2,-475.7,26410.9,2.2,0.4,32100,-50900,-1123760000,22100,"2023-03-21T14:20:00.000Z",1679408400000,22150,22000,22050,27.9,72.1,0,1.2,3.1,,2.6,83000,115100,2096600,,2543830000,710035000,1833795000,
26515.2,-233800,-5188245000,21440495000,26628740000,48071410000,581248152.2,578885652.2,409.3,26410.9,2.2,2.6,71600,43700,966995000,22100,"2023-03-21T14:25:00.000Z",1679408700000,22150,22050,22100,72,28,0,2.7,1.1,,0.4,27900,99500,2196100,,2199765000,1583380000,616385000,
26515.2,4800,108675000,26737415000,26628740000,53368330000,581248152.2,578885652.2,2242.1,26410.9,2.2,Infinity,238600,238600,5296920000,22200,"2023-03-21T14:45:00.000Z",1679409900000,22200,22200,22200,100,0,0,9,,,0,,238600,2434700,,5296920000,5296920000,,
