"abu","acum_busd","acum_busd_val","acum_val_bu","acum_val_sd","acum_val","avg_val_bu","avg_val_sd","rbusd","asd","auk","bs","bu","bu-sd","bu-sd_val","c","date","datetime","h","l","o","pbu","psd","puk","rbu","rsd","ruk","sb","sd","sum_vol","total_vol","uk","val","val_bu","val_sd","val_uk"
41537,-17000,-731200000,787615000,1518815000,2306430000,1850955217.4,589619021.7,-0.6,13389.1,254.3,0.5,18300,-17000,-731200000,43000,"2023-03-21T09:15:00.000Z",1679390100000,43100,43000,43000,34.1,65.9,0,0.4,2.6,,1.9,35300,53600,53600,,2306430000,787615000,1518815000,
41537,-2500,-106945000,1765035000,1871980000,3710200000,1850955217.4,589619021.7,0.5,13389.1,254.3,2.8,22700,14500,624255000,43150,"2023-03-21T09:20:00.000Z",1679390400000,43150,43000,43000,69.6,25.2,5.2,0.5,0.6,6.7,0.4,8200,32600,86200,1700,1403770000,977420000,353165000,73185000
41537,15200,659570000,2691515000,2031945000,4800965000,1850955217.4,589619021.7,0.6,13389.1,254.3,5.8,21400,17700,766515000,43300,"2023-03-21T09:25:00.000Z",1679390700000,43300,43150,43200,84.9,14.7,0.4,0.5,0.3,0.4,0.2,3700,25200,111400,100,1090765000,926480000,159965000,4320000
41537,16100,699205000,3129080000,2429875000,5636460000,1850955217.4,589619021.7,0,13389.1,254.3,1.1,10100,900,39635000,43400,"2023-03-21T09:30:00.000Z",1679391000000,43400,43200,43200,52.3,47.7,0,0.2,0.7,,0.9,9200,19300,130700,,835495000,437565000,397930000,
41537,43200,1877750000,4390240000,2512490000,7041135000,1850955217.4,589619021.7,0.9,13389.1,254.3,15.3,29000,27100,1178545000,43550,"2023-03-21T09:35:00.000Z",1679391300000,43550,43400,43450,89.8,5.9,4.3,0.7,0.1,5.5,0.1,1900,32300,163000,1400,1404675000,1261160000,82615000,60900000
41537,66900,2910190000,5775290000,2865100000,8778795000,1850955217.4,589619021.7,0.8,13389.1,254.3,3.9,31800,23700,1032440000,43550,"2023-03-21T09:40:00.000Z",1679391600000,43600,43500,43550,79.7,20.3,0,0.8,0.6,,0.3,8100,39900,202900,,1737660000,1385050000,352610000,
41537,60500,2631695000,6010195000,3378500000,9527100000,1850955217.4,589619021.7,-0.2,13389.1,254.3,0.5,5400,-6400,-278495000,43500,"2023-03-21T09:45:00.000Z",1679391900000,43550,43500,43550,31.4,68.6,0,0.1,0.9,,2.2,11800,17200,220100,,748305000,234905000,513400000,
41537,56400,2455400000,6740430000,4285030000,11163865000,1850955217.4,589619021.7,-0.1,13389.1,254.3,0.8,16800,-4100,-176295000,43500,"2023-03-21T09:50:00.000Z",1679392200000,43500,43300,43450,44.6,55.4,0,0.4,1.6,,1.2,20900,37700,257800,,1636765000,730235000,906530000,
41537,38600,1682835000,7074675000,5391840000,12604920000,1850955217.4,589619021.7,-0.6,13389.1,254.3,0.3,7700,-17800,-772565000,43400,"2023-03-21T09:55:00.000Z",1679392500000,43500,43350,43500,23.2,76.8,0,0.2,1.9,,3.3,25500,33200,291000,,1441055000,334245000,1106810000,
41537,55000,2394720000,7903605000,5508885000,13550895000,1850955217.4,589619021.7,0.6,13389.1,254.3,7.1,19100,16400,711885000,43350,"2023-03-21T10:00:00.000Z",1679392800000,43400,43350,43400,87.6,12.4,0,0.5,0.2,,0.1,2700,21800,312800,,945975000,828930000,117045000,
41537,67000,2915490000,8519785000,5604295000,14262485000,1850955217.4,589619021.7,0.4,13389.1,254.3,6.5,14200,12000,520770000,43400,"2023-03-21T10:05:00.000Z",1679393100000,43400,43300,43300,86.6,13.4,0,0.3,0.2,,0.2,2200,16400,329200,,711590000,616180000,95410000,
41537,81800,3562615000,9669545000,6106930000,15914880000,1850955217.4,589619021.7,0.5,13389.1,254.3,2.3,26400,14800,647125000,43600,"2023-03-21T10:10:00.000Z",1679393400000,43600,43300,43400,69.5,30.5,0,0.6,0.9,,0.4,11600,38000,367200,,1652395000,1149760000,502635000,
41537,89800,3911415000,10070665000,6159250000,16368320000,1850955217.4,589619021.7,0.3,13389.1,254.3,7.7,9200,8000,348800000,43600,"2023-03-21T10:15:00.000Z",1679393700000,43600,43600,43600,88.5,11.5,0,0.2,0.1,,0.1,1200,10400,377600,,453440000,401120000,52320000,
41537,117600,5126355000,11329405000,6203050000,17705780000,1850955217.4,589619021.7,1,13389.1,254.3,28.8,28800,27800,1214940000,43800,"2023-03-21T10:20:00.000Z",1679394000000,43800,43600,43600,94.1,3.3,2.6,0.7,0.1,3.1,0,1000,30600,408200,800,1337460000,1258740000,43800000,34920000
41537,117300,5113285000,11759005000,6645720000,18578050000,1850955217.4,589619021.7,0,13389.1,254.3,1,9800,-300,-13070000,43850,"2023-03-21T10:25:00.000Z",1679394300000,43850,43800,43800,49.2,50.8,0,0.2,0.8,,1,10100,19900,428100,,872270000,429600000,442670000,
41537,117000,5100295000,12018070000,6917775000,19109170000,1850955217.4,589619021.7,0,13389.1,254.3,1,5900,-300,-12990000,43850,"2023-03-21T10:30:00.000Z",1679394600000,43950,43850,43850,48.8,51.2,0,0.1,0.5,,1.1,6200,12100,440200,,531120000,259065000,272055000,
41537,101800,4436685000,12408320000,7971635000,20618890000,1850955217.4,589619021.7,-0.5,13389.1,254.3,0.4,8900,-15200,-663610000,43800,"2023-03-21T10:35:00.000Z",1679394900000,43900,43550,43850,25.8,69.9,4.3,0.2,1.8,5.9,2.7,24100,34500,474700,1500,1509720000,390250000,1053860000,65610000
41537,126100,5501120000,13643380000,8142260000,22024575000,1850955217.4,589619021.7,0.8,13389.1,254.3,7.2,28200,24300,1064435000,43750,"2023-03-21T10:40:00.000Z",1679395200000,43800,43650,43800,87.9,12.1,0,0.7,0.3,,0.1,3900,32100,506800,,1405685000,1235060000,170625000,
41537,154100,6727550000,14939840000,8212290000,23391065000,1850955217.4,589619021.7,1,13389.1,254.3,18.5,29600,28000,1226430000,43800,"2023-03-21T10:45:00.000Z",1679395500000,43800,43700,43800,94.9,5.1,0,0.7,0.1,,0.1,1600,31200,538000,,1366490000,1296460000,70030000,
41537,180300,7878105000,16419145000,8541040000,25199120000,1850955217.4,589619021.7,0.9,13389.1,254.3,4.5,33700,26200,1150555000,43900,"2023-03-21T10:50:00.000Z",1679395800000,43900,43800,43850,81.8,18.2,0,0.8,0.6,,0.2,7500,41200,579200,,1808055000,1479305000,328750000,
41537,213100,9319665000,17878270000,8558605000,26675810000,1850955217.4,589619021.7,1.1,13389.1,254.3,83,33200,32800,1441560000,43950,"2023-03-21T10:55:00.000Z",1679396100000,43950,43900,43900,98.8,1.2,0,0.8,0,,0,400,33600,612800,,1476690000,1459125000,17565000,
41537,191700,8383720000,18375735000,9992015000,28606685000,1850955217.4,589619021.7,-0.7,13389.1,254.3,0.3,11400,-21400,-935945000,43850,"2023-03-21T11:00:00.000Z",1679396400000,43900,43500,43900,25.8,74.2,0,0.3,2.4,,2.9,32800,44200,657000,,1930875000,497465000,1433410000,
41537,200300,8760980000,19002740000,10241760000,29483435000,1850955217.4,589619021.7,0.3,13389.1,254.3,2.5,14300,8600,377260000,43850,"2023-03-21T11:05:00.000Z",1679396700000,43850,43700,43850,71.5,28.5,0,0.3,0.4,,0.4,5700,20000,677000,,876750000,627005000,249745000,
41537,195300,8541900000,19274610000,10732710000,30246255000,1850955217.4,589619021.7,-0.2,13389.1,254.3,0.6,6200,-5000,-219080000,43850,"2023-03-21T11:10:00.000Z",1679397000000,43850,43750,43850,35.6,64.4,0,0.1,0.8,,1.8,11200,17400,694400,,762820000,271870000,490950000,
41537,184100,8053695000,19778190000,11724495000,31741620000,1850955217.4,589619021.7,-0.4,13389.1,254.3,0.5,11500,-11200,-488205000,43600,"2023-03-21T11:15:00.000Z",1679397300000,43800,43600,43750,33.6,66.4,0,0.3,1.7,,2,22700,34200,728600,,1495365000,503580000,991785000,
41537,190000,8309645000,20859060000,12549415000,33647410000,1850955217.4,589619021.7,0.2,13389.1,254.3,1.3,24800,5900,255950000,43800,"2023-03-21T11:20:00.000Z",1679397600000,43800,43200,43600,56.8,43.2,0,0.6,1.4,,0.8,18900,43700,772300,,1905790000,1080870000,824920000,
41537,196000,8572535000,21576015000,13003480000,34840230000,1850955217.4,589619021.7,0.2,13389.1,254.3,1.6,16400,6000,262890000,43550,"2023-03-21T11:25:00.000Z",1679397900000,43850,43500,43850,60.1,38.1,1.8,0.4,0.8,2,0.6,10400,27300,799600,500,1192820000,716955000,454065000,21800000
41537,204200,8932170000,22849580000,13917410000,37027725000,1850955217.4,589619021.7,0.3,13389.1,254.3,1.4,29100,8200,359635000,43800,"2023-03-21T13:00:00.000Z",1679403600000,43800,43550,43550,58.2,41.8,0,0.7,1.6,,0.7,20900,50000,849600,,2187495000,1273565000,913930000,
41537,282700,12379195000,26572620000,14193425000,41053120000,1850955217.4,589619021.7,2.7,13389.1,254.3,13.5,84800,78500,3447025000,43950,"2023-03-21T13:05:00.000Z",1679403900000,43950,43800,43800,92.5,6.9,0.7,2,0.5,2.4,0.1,6300,91700,941300,600,4025395000,3723040000,276015000,26340000
41537,367600,16115125000,30832340000,14717215000,45845460000,1850955217.4,589619021.7,3,13389.1,254.3,8.1,96800,84900,3735930000,44050,"2023-03-21T13:10:00.000Z",1679404200000,44200,43950,43950,88.9,10.9,0.2,2.3,0.9,0.8,0.1,11900,108900,1050200,200,4792340000,4259720000,523790000,8830000
41537,383000,16795355000,31954570000,15159215000,47409690000,1850955217.4,589619021.7,0.5,13389.1,254.3,2.5,25400,15400,680230000,44200,"2023-03-21T13:15:00.000Z",1679404500000,44300,44050,44050,71.8,28.2,0,0.6,0.7,,0.4,10000,35400,1085600,,1564230000,1122230000,442000000,
41537,437700,19220075000,34538650000,15318575000,50192945000,1850955217.4,589619021.7,1.9,13389.1,254.3,16.2,58300,54700,2424720000,44450,"2023-03-21T13:20:00.000Z",1679404800000,44500,44150,44200,92.8,5.7,1.4,1.4,0.3,3.5,0.1,3600,62800,1148400,900,2783255000,2584080000,159360000,39815000
41537,424600,18644565000,35080900000,16436335000,51852955000,1850955217.4,589619021.7,-0.5,13389.1,254.3,0.5,12200,-13100,-575510000,43900,"2023-03-21T13:25:00.000Z",1679405100000,44500,43900,44400,32.5,67.5,0,0.3,1.9,,2.1,25300,37500,1185900,,1660010000,542250000,1117760000,
41537,427600,18776945000,35380100000,16603155000,52318975000,1850955217.4,589619021.7,0.1,13389.1,254.3,1.8,6800,3000,132380000,44000,"2023-03-21T13:30:00.000Z",1679405400000,44000,43900,43900,64.2,35.8,0,0.2,0.3,,0.6,3800,10600,1196500,,466020000,299200000,166820000,
41537,422600,18556450000,35587160000,17030710000,53090190000,1850955217.4,589619021.7,-0.2,13389.1,254.3,0.5,4700,-5000,-220495000,44050,"2023-03-21T13:35:00.000Z",1679405700000,44200,44000,44000,26.9,55.4,17.7,0.1,0.7,12.2,2.1,9700,17500,1214000,3100,771215000,207060000,427555000,136600000
41537,418700,18384590000,35702080000,17317490000,53491890000,1850955217.4,589619021.7,-0.1,13389.1,254.3,0.4,2600,-3900,-171860000,44200,"2023-03-21T13:40:00.000Z",1679406000000,44200,44050,44050,28.6,71.4,0,0.1,0.5,,2.5,6500,9100,1223100,,401700000,114920000,286780000,
41537,428100,18801020000,36233670000,17432650000,54138640000,1850955217.4,589619021.7,0.3,13389.1,254.3,4.6,12000,9400,416430000,44300,"2023-03-21T13:45:00.000Z",1679406300000,44400,44100,44200,82.2,17.8,0,0.3,0.2,,0.2,2600,14600,1237700,,646750000,531590000,115160000,
41537,452400,19879090000,37652765000,17773675000,55898760000,1850955217.4,589619021.7,0.9,13389.1,254.3,4.2,32000,24300,1078070000,44400,"2023-03-21T13:50:00.000Z",1679406600000,44400,44250,44250,80.6,19.4,0,0.8,0.6,,0.2,7700,39700,1277400,,1760120000,1419095000,341025000,
41537,477600,20999825000,39919435000,18919610000,59311365000,1850955217.4,589619021.7,0.9,13389.1,254.3,2,51000,25200,1120735000,44400,"2023-03-21T13:55:00.000Z",1679406900000,44500,44300,44400,66.4,33.6,0,1.2,1.9,,0.5,25800,76800,1354200,,3412605000,2266670000,1145935000,
41537,485400,21347990000,41305500000,19957510000,61735330000,1850955217.4,589619021.7,0.3,13389.1,254.3,1.3,31200,7800,348165000,44400,"2023-03-21T14:00:00.000Z",1679407200000,44450,44300,44300,57.1,42.9,0,0.8,1.7,,0.8,23400,54600,1408800,,2423965000,1386065000,1037900000,
41537,549800,24213895000,44633705000,20419810000,65525835000,1850955217.4,589619021.7,2.3,13389.1,254.3,7.2,74800,64400,2865905000,44500,"2023-03-21T14:05:00.000Z",1679407500000,44500,44400,44450,87.8,12.2,0,1.8,0.8,,0.1,10400,85200,1494000,,3790505000,3328205000,462300000,
41537,585200,25798560000,47283855000,21485295000,69241470000,1850955217.4,589619021.7,1.3,13389.1,254.3,2.5,59200,35400,1584665000,44850,"2023-03-21T14:10:00.000Z",1679407800000,44900,44500,44500,71.3,28.7,0,1.4,1.8,,0.4,23800,83000,1577000,,3715635000,2650150000,1065485000,
41537,585700,25822745000,49783085000,23960340000,74256200000,1850955217.4,589619021.7,0,13389.1,254.3,1,55600,500,24185000,44950,"2023-03-21T14:15:00.000Z",1679408100000,45000,44850,44900,49.8,49.4,0.8,1.3,4.1,3.5,1,55100,111600,1688600,900,5014730000,2499230000,2475045000,40455000
41537,893300,39783965000,64815820000,25031855000,90360450000,1850955217.4,589619021.7,11.1,13389.1,254.3,13.9,331400,307600,13961220000,45150,"2023-03-21T14:20:00.000Z",1679408400000,45500,44950,44950,93.3,6.7,0,8,1.8,,0.1,23800,355200,2043800,,16104250000,15032735000,1071515000,
41537,1060700,47393325000,74515800000,27122475000,102151050000,1850955217.4,589619021.7,6,13389.1,254.3,4.6,213900,167400,7609360000,45000,"2023-03-21T14:25:00.000Z",1679408700000,45400,44600,45200,82.1,17.9,0,5.1,3.5,,0.2,46500,260400,2304200,,11790600000,9699980000,2090620000,
41537,1294800,58021465000,85143940000,27122475000,112779190000,1850955217.4,589619021.7,8.4,13389.1,254.3,Infinity,234100,234100,10628140000,45400,"2023-03-21T14:45:00.000Z",1679409900000,45400,45400,45400,100,0,0,5.6,,,0,,234100,2538300,,10628140000,10628140000,,
