"abu","acum_busd","acum_busd_val","acum_val_bu","acum_val_sd","acum_val","avg_val_bu","avg_val_sd","rbusd","asd","auk","bs","bu","bu-sd","bu-sd_val","c","date","datetime","h","l","o","pbu","psd","puk","rbu","rsd","ruk","sb","sd","sum_vol","total_vol","uk","val","val_bu","val_sd","val_uk"
3582.2,-13300,-425720000,16120000,441840000,457960000,117253555.6,149442000,13.2,4588.9,166.7,0,500,-13300,-425720000,32100,"2023-03-23T09:05:00.000Z",1679562300000,32300,31900,32000,3.5,96.5,0,0.1,3,,27.6,13800,14300,14300,,457960000,16120000,441840000,
3582.2,-9700,-309700000,431500000,741200000,1172700000,117253555.6,149442000,-3.6,4588.9,166.7,1.4,12900,3600,116020000,32200,"2023-03-23T09:10:00.000Z",1679562600000,32200,32100,32200,58.1,41.9,0,3.6,2,,0.7,9300,22200,36500,,714740000,415380000,299360000,
3582.2,-7500,-238860000,502340000,741200000,1272520000,117253555.6,149442000,-2.2,4588.9,166.7,Infinity,2200,2200,70840000,32200,"2023-03-23T09:15:00.000Z",1679562900000,32200,32200,32200,71,0,29,0.6,,5.4,0,,3100,39600,900,99820000,70840000,,28980000
3582.2,-700,-18450000,978050000,996500000,2036030000,117253555.6,149442000,-6.8,4588.9,166.7,1.9,14700,6800,220410000,32600,"2023-03-23T09:20:00.000Z",1679563200000,32700,32200,32300,62.3,33.5,4.2,4.1,1.7,6,0.5,7900,23600,63200,1000,763510000,475710000,255300000,32500000
3582.2,14900,498370000,1944040000,1445670000,3464310000,117253555.6,149442000,-16.1,4588.9,166.7,2.1,29200,15600,516820000,33000,"2023-03-23T09:25:00.000Z",1679563500000,33400,32600,32700,67.6,31.5,0.9,8.2,3,2.4,0.5,13600,43200,106400,400,1428280000,965990000,449170000,13120000
3582.2,14600,488560000,1944040000,1455480000,3474120000,117253555.6,149442000,0.3,4588.9,166.7,0,,-300,-9810000,32700,"2023-03-23T09:30:00.000Z",1679563800000,32700,32700,32700,0,100,0,,0.1,,Infinity,300,300,106700,,9810000,,9810000,
3582.2,-10300,-324450000,1947330000,2271780000,4293710000,117253555.6,149442000,25.3,4588.9,166.7,0,100,-24900,-813010000,32900,"2023-03-23T09:35:00.000Z",1679564100000,32900,32600,32700,0.4,99.6,0,0,5.4,,250,25000,25100,131800,,819590000,3290000,816300000,
3582.2,-3800,-110590000,2180930000,2291520000,4547050000,117253555.6,149442000,-6.6,4588.9,166.7,11.8,7100,6500,213860000,32900,"2023-03-23T09:40:00.000Z",1679564400000,33000,32900,32900,92.2,7.8,0,2,0.1,,0.1,600,7700,139500,,253340000,233600000,19740000,
3582.2,-5700,-173100000,2180930000,2354030000,4609560000,117253555.6,149442000,1.9,4588.9,166.7,0,,-1900,-62510000,32900,"2023-03-23T09:45:00.000Z",1679564700000,32900,32900,32900,0,100,0,,0.4,,Infinity,1900,1900,141400,,62510000,,62510000,
3582.2,-5900,-179640000,2194130000,2373770000,4642500000,117253555.6,149442000,0.2,4588.9,166.7,0.7,400,-200,-6540000,32900,"2023-03-23T09:50:00.000Z",1679565000000,33000,32900,32900,40,60,0,0.1,0.1,,1.5,600,1000,142400,,32940000,13200000,19740000,
3582.2,2500,97700000,2606650000,2508950000,5190200000,117253555.6,149442000,-8.6,4588.9,166.7,3,12500,8400,277340000,33000,"2023-03-23T09:55:00.000Z",1679565300000,33100,32900,32900,75.3,24.7,0,3.5,0.9,,0.3,4100,16600,159000,,547700000,412520000,135180000,
3582.2,3700,137240000,2659320000,2522080000,5256000000,117253555.6,149442000,-1.2,4588.9,166.7,4,1600,1200,39540000,32900,"2023-03-23T10:00:00.000Z",1679565600000,33000,32800,33000,80,20,0,0.4,0.1,,0.3,400,2000,161000,,65800000,52670000,13130000,
3582.2,4000,147110000,2669190000,2522080000,5265870000,117253555.6,149442000,-0.3,4588.9,166.7,Infinity,300,300,9870000,32900,"2023-03-23T10:05:00.000Z",1679565900000,32900,32900,32900,100,0,0,0.1,,,0,,300,161300,,9870000,9870000,,
3582.2,3700,137330000,2688930000,2551600000,5315130000,117253555.6,149442000,0.3,4588.9,166.7,0.7,600,-300,-9780000,32800,"2023-03-23T10:10:00.000Z",1679566200000,32900,32800,32900,40,60,0,0.2,0.2,,1.5,900,1500,162800,,49260000,19740000,29520000,
3582.2,2900,111160000,2711960000,2600800000,5387360000,117253555.6,149442000,0.8,4588.9,166.7,0.5,700,-800,-26170000,32800,"2023-03-23T10:15:00.000Z",1679566500000,32900,32800,32900,31.8,68.2,0,0.2,0.3,,2.1,1500,2200,165000,,72230000,23030000,49200000,
3582.2,2300,91510000,2721830000,2630320000,5426750000,117253555.6,149442000,0.6,4588.9,166.7,0.3,300,-600,-19650000,32800,"2023-03-23T10:20:00.000Z",1679566800000,32900,32800,32900,25,75,0,0.1,0.2,,3,900,1200,166200,,39390000,9870000,29520000,
3582.2,-8200,-251520000,2721830000,2973350000,5769780000,117253555.6,149442000,10.7,4588.9,166.7,0,,-10500,-343030000,32600,"2023-03-23T10:25:00.000Z",1679567100000,32800,32600,32800,0,100,0,,2.3,,Infinity,10500,10500,176700,,343030000,,343030000,
3582.2,-8400,-258040000,2721830000,2979870000,5776300000,117253555.6,149442000,0.2,4588.9,166.7,0,,-200,-6520000,32600,"2023-03-23T10:30:00.000Z",1679567400000,32600,32600,32600,0,100,0,,0,,Infinity,200,200,176900,,6520000,,6520000,
3582.2,-8900,-274390000,2721830000,2996220000,5792650000,117253555.6,149442000,0.5,4588.9,166.7,0,,-500,-16350000,32700,"2023-03-23T10:35:00.000Z",1679567700000,32700,32700,32700,0,100,0,,0.1,,Infinity,500,500,177400,,16350000,,16350000,
3582.2,-13800,-434110000,2725110000,3159220000,5958930000,117253555.6,149442000,5,4588.9,166.7,0,100,-4900,-159720000,32800,"2023-03-23T10:40:00.000Z",1679568000000,32800,32600,32600,2,98,0,0,1.1,,50,5000,5100,182500,,166280000,3280000,163000000,
3582.2,-18000,-571110000,2728390000,3299500000,6102490000,117253555.6,149442000,4.3,4588.9,166.7,0,100,-4200,-137000000,32800,"2023-03-23T10:50:00.000Z",1679568600000,32800,32600,32700,2.3,97.7,0,0,0.9,,43,4300,4400,186900,,143560000,3280000,140280000,
3582.2,-37700,-1211520000,2774030000,3985550000,6850430000,117253555.6,149442000,19.9,4588.9,166.7,0.1,1400,-19700,-640410000,32600,"2023-03-23T11:00:00.000Z",1679569200000,32600,32500,32600,6.1,91.7,2.2,0.4,4.6,3,15.1,21100,23000,209900,500,747940000,45640000,686050000,16250000
3582.2,-39000,-1253840000,2793650000,4047490000,6935250000,117253555.6,149442000,1.3,4588.9,166.7,0.3,600,-1300,-42320000,32700,"2023-03-23T11:05:00.000Z",1679569500000,32700,32600,32600,23.1,73.1,3.8,0.2,0.4,0.6,3.2,1900,2600,212500,100,84820000,19620000,61940000,3260000
3582.2,-38600,-1240760000,2806730000,4047490000,6948330000,117253555.6,149442000,-0.4,4588.9,166.7,Infinity,400,400,13080000,32700,"2023-03-23T11:10:00.000Z",1679569800000,32700,32700,32700,100,0,0,0.1,,,0,,400,212900,,13080000,13080000,,
3582.2,-39600,-1273360000,2806730000,4080090000,6987450000,117253555.6,149442000,1,4588.9,166.7,0,,-1000,-32600000,32600,"2023-03-23T11:20:00.000Z",1679570400000,32600,32600,32600,0,83.3,16.7,,0.2,1.2,Infinity,1000,1200,214100,200,39120000,,32600000,6520000
3582.2,-48200,-1552930000,2806730000,4359660000,7267020000,117253555.6,149442000,8.7,4588.9,166.7,0,,-8600,-279570000,32600,"2023-03-23T11:25:00.000Z",1679570700000,32600,32500,32600,0,100,0,,1.9,,Infinity,8600,8600,222700,,279570000,,279570000,
3582.2,-47400,-1526830000,2868490000,4395320000,7396940000,117253555.6,149442000,-0.8,4588.9,166.7,1.7,1900,800,26100000,32600,"2023-03-23T13:00:00.000Z",1679576400000,32600,32400,32400,47.5,27.5,25,0.5,0.2,6,0.6,1100,4000,226700,1000,129920000,61760000,35660000,32500000
3582.2,-40600,-1305150000,3090170000,4395320000,7618620000,117253555.6,149442000,-6.9,4588.9,166.7,Infinity,6800,6800,221680000,32600,"2023-03-23T13:05:00.000Z",1679576700000,32600,32600,32600,100,0,0,1.9,,,0,,6800,233500,,221680000,221680000,,
3582.2,-35400,-1135620000,3262950000,4398570000,7794650000,117253555.6,149442000,-5.3,4588.9,166.7,53,5300,5200,169530000,32500,"2023-03-23T13:10:00.000Z",1679577000000,32600,32500,32600,98.1,1.9,0,1.5,0,,0,100,5400,238900,,176030000,172780000,3250000,
3582.2,-36400,-1168120000,3422200000,4590320000,8145650000,117253555.6,149442000,1,4588.9,166.7,0.8,4900,-1000,-32500000,32500,"2023-03-23T13:15:00.000Z",1679577300000,32500,32500,32500,45.4,54.6,0,1.4,1.3,,1.2,5900,10800,249700,,351000000,159250000,191750000,
3582.2,-31300,-1001160000,3621960000,4623120000,8381490000,117253555.6,149442000,-5.2,4588.9,166.7,6.1,6100,5100,166960000,32800,"2023-03-23T13:20:00.000Z",1679577600000,32900,32700,32700,84.7,13.9,1.4,1.7,0.2,0.6,0.2,1000,7200,256900,100,235840000,199760000,32800000,3280000
3582.2,-33700,-1079630000,3625230000,4704860000,8466500000,117253555.6,149442000,2.4,4588.9,166.7,0,100,-2400,-78470000,32700,"2023-03-23T13:25:00.000Z",1679577900000,32700,32600,32700,3.8,96.2,0,0,0.5,,25,2500,2600,259500,,85010000,3270000,81740000,
3582.2,-34700,-1112320000,3628510000,4740830000,8505750000,117253555.6,149442000,1,4588.9,166.7,0.1,100,-1000,-32690000,32800,"2023-03-23T13:30:00.000Z",1679578200000,32800,32700,32700,8.3,91.7,0,0,0.2,,11,1100,1200,260700,,39250000,3280000,35970000,
3582.2,-36700,-1177870000,3644910000,4822780000,8604100000,117253555.6,149442000,2,4588.9,166.7,0.2,500,-2000,-65550000,32700,"2023-03-23T13:35:00.000Z",1679578500000,32800,32700,32800,16.7,83.3,0,0.1,0.5,,5,2500,3000,263700,,98350000,16400000,81950000,
3582.2,-36200,-1161460000,3664590000,4826050000,8627050000,117253555.6,149442000,-0.5,4588.9,166.7,6,600,500,16410000,32800,"2023-03-23T13:40:00.000Z",1679578800000,32800,32700,32700,85.7,14.3,0,0.2,0,,0.2,100,700,264400,,22950000,19680000,3270000,
3582.2,-31300,-1001230000,3824820000,4826050000,8787280000,117253555.6,149442000,-5,4588.9,166.7,Infinity,4900,4900,160230000,32700,"2023-03-23T13:45:00.000Z",1679579100000,32700,32700,32700,100,0,0,1.4,,,0,,4900,269300,,160230000,160230000,,
3582.2,-30400,-971690000,3893600000,4865290000,8911650000,117253555.6,149442000,-0.9,4588.9,166.7,1.8,2100,900,29540000,32800,"2023-03-23T13:50:00.000Z",1679579400000,32800,32700,32700,55.3,31.6,13.2,0.6,0.3,3,0.6,1200,3800,273100,500,124370000,68780000,39240000,16350000
3582.2,-24100,-765010000,4169130000,4934140000,9256030000,117253555.6,149442000,-6.4,4588.9,166.7,4,8400,6300,206680000,32700,"2023-03-23T13:55:00.000Z",1679579700000,32900,32700,32800,80,20,0,2.3,0.5,,0.3,2100,10500,283600,,344380000,275530000,68850000,
3582.2,-39900,-1280690000,4169130000,5449820000,9771710000,117253555.6,149442000,16,4588.9,166.7,0,,-15800,-515680000,32600,"2023-03-23T14:00:00.000Z",1679580000000,32700,32600,32700,0,100,0,,3.4,,Infinity,15800,15800,299400,,515680000,,515680000,
3582.2,-47000,-1511040000,4315780000,5826820000,10295360000,117253555.6,149442000,7.2,4588.9,166.7,0.4,4500,-7100,-230350000,32500,"2023-03-23T14:05:00.000Z",1679580300000,32600,32500,32600,28,72,0,1.3,2.5,,2.6,11600,16100,315500,,523650000,146650000,377000000,
3582.2,-55700,-1793170000,4406800000,6199970000,10827780000,117253555.6,149442000,8.8,4588.9,166.7,0.2,2800,-8700,-282130000,32600,"2023-03-23T14:10:00.000Z",1679580600000,32600,32400,32500,17.1,70.1,12.8,0.8,2.5,12.6,4.1,11500,16400,331900,2100,532420000,91020000,373150000,68250000
3582.2,-52600,-1692110000,4507860000,6199970000,10928840000,117253555.6,149442000,-3.1,4588.9,166.7,Infinity,3100,3100,101060000,32600,"2023-03-23T14:15:00.000Z",1679580900000,32600,32600,32600,100,0,0,0.9,,,0,,3100,335000,,101060000,101060000,,
3582.2,-56000,-1802950000,4547040000,6349990000,11127820000,117253555.6,149442000,3.4,4588.9,166.7,0.3,1200,-3400,-110840000,32700,"2023-03-23T14:20:00.000Z",1679581200000,32700,32500,32500,19.7,75.4,4.9,0.3,1,1.8,3.8,4600,6100,341100,300,198980000,39180000,150020000,9780000
3582.2,-60300,-1941980000,4782910000,6724890000,11751630000,117253555.6,149442000,4.3,4588.9,166.7,0.6,7200,-4300,-139030000,32600,"2023-03-23T14:25:00.000Z",1679581500000,32800,32600,32700,37.7,60.2,2.1,2,2.5,2.4,1.6,11500,19100,360200,400,623810000,235870000,374900000,13040000
3582.2,-45300,-1448480000,5276410000,6724890000,12245130000,117253555.6,149442000,-15.3,4588.9,166.7,Infinity,15000,15000,493500000,32900,"2023-03-23T14:45:00.000Z",1679582700000,32900,32900,32900,100,0,0,4.2,,,0,,15000,375200,,493500000,493500000,,
