"abu","acum_busd","acum_busd_val","acum_val_bu","acum_val_sd","acum_val","avg_val_bu","avg_val_sd","rbusd","asd","auk","bs","bu","bu-sd","bu-sd_val","c","date","datetime","h","l","o","pbu","psd","puk","rbu","rsd","ruk","sb","sd","sum_vol","total_vol","uk","val","val_bu","val_sd","val_uk"
68308.7,1100,7953000,145634000,137681000,725335000,483478847.8,398690152.2,0.1,56589.1,1393.5,1.1,20800,1100,7953000,6980,"2023-03-23T09:15:00.000Z",1679562900000,7020,6950,6950,20,18.9,61.1,0.3,0.3,45.6,0.9,19700,104100,104100,63600,725335000,145634000,137681000,442020000
68308.7,47600,333681000,580258000,246577000,1268855000,483478847.8,398690152.2,3.8,56589.1,1393.5,4,62100,46500,325728000,7010,"2023-03-23T09:20:00.000Z",1679563200000,7010,6970,6990,79.9,20.1,0,0.9,0.3,,0.3,15600,77700,181800,,543520000,434624000,108896000,
68308.7,137100,963290000,1210571000,247281000,1899872000,483478847.8,398690152.2,7.4,56589.1,1393.5,896,89600,89500,629609000,7040,"2023-03-23T09:25:00.000Z",1679563500000,7050,7010,7010,99.9,0.1,0,1.3,0,,0,100,89700,271500,,631017000,630313000,704000,
68308.7,108000,759355000,1227427000,468072000,2137519000,483478847.8,398690152.2,-2.4,56589.1,1393.5,0.1,2400,-29100,-203935000,7000,"2023-03-23T09:30:00.000Z",1679563800000,7040,7000,7030,7.1,92.9,0,0,0.6,,13.1,31500,33900,305400,,237647000,16856000,220791000,
68308.7,77200,543889000,1326831000,782942000,2551793000,483478847.8,398690152.2,-2.5,56589.1,1393.5,0.3,14200,-30800,-215466000,7000,"2023-03-23T09:35:00.000Z",1679564100000,7010,6990,7010,24,76,0,0.2,0.8,,3.2,45000,59200,364600,,414274000,99404000,314870000,
68308.7,112300,789589000,1572531000,782942000,2797493000,483478847.8,398690152.2,2.9,56589.1,1393.5,Infinity,35100,35100,245700000,7000,"2023-03-23T09:40:00.000Z",1679564400000,7000,7000,7000,100,0,0,0.5,,,0,,35100,399700,,245700000,245700000,,
68308.7,144000,1011770000,1866112000,854342000,3162474000,483478847.8,398690152.2,2.6,56589.1,1393.5,4.1,41900,31700,222181000,7020,"2023-03-23T09:45:00.000Z",1679564700000,7020,6990,7000,80.4,19.6,0,0.6,0.2,,0.2,10200,52100,451800,,364981000,293581000,71400000,
68308.7,111800,786485000,1899855000,1113370000,3458755000,483478847.8,398690152.2,-2.7,56589.1,1393.5,0.1,4800,-32200,-225285000,7010,"2023-03-23T09:50:00.000Z",1679565000000,7030,7000,7010,11.3,87.5,1.2,0.1,0.7,0.4,7.7,37000,42300,494100,500,296281000,33743000,259028000,3510000
68308.7,182800,1286473000,2514967000,1228494000,4188991000,483478847.8,398690152.2,5.9,56589.1,1393.5,5.4,87300,71000,499988000,7060,"2023-03-23T09:55:00.000Z",1679565300000,7080,7010,7010,84.3,15.7,0,1.3,0.3,,0.2,16300,103600,597700,,730236000,615112000,115124000,
68308.7,169000,1189433000,2523427000,1333994000,4302951000,483478847.8,398690152.2,-1.1,56589.1,1393.5,0.1,1200,-13800,-97040000,7030,"2023-03-23T10:00:00.000Z",1679565600000,7050,7010,7050,7.4,92.6,0,0,0.3,,12.5,15000,16200,613900,,113960000,8460000,105500000,
68308.7,173400,1220456000,2620720000,1400264000,4466514000,483478847.8,398690152.2,0.4,56589.1,1393.5,1.5,13800,4400,31023000,7050,"2023-03-23T10:05:00.000Z",1679565900000,7060,7040,7040,59.5,40.5,0,0.2,0.2,,0.7,9400,23200,637100,,163563000,97293000,66270000,
68308.7,190300,1339647000,2856941000,1517294000,4819765000,483478847.8,398690152.2,1.4,56589.1,1393.5,2,33500,16900,119191000,7060,"2023-03-23T10:10:00.000Z",1679566200000,7060,7050,7050,66.9,33.1,0,0.5,0.3,,0.5,16600,50100,687200,,353251000,236221000,117030000,
68308.7,222200,1565082000,3228313000,1663231000,5337074000,483478847.8,398690152.2,2.7,56589.1,1393.5,2.5,52600,31900,225435000,7070,"2023-03-23T10:15:00.000Z",1679566500000,7070,7050,7060,71.8,28.2,0,0.8,0.4,,0.4,20700,73300,760500,,517309000,371372000,145937000,
68308.7,224100,1578531000,3293300000,1714769000,5453599000,483478847.8,398690152.2,0.2,56589.1,1393.5,1.3,9200,1900,13449000,7060,"2023-03-23T10:20:00.000Z",1679566800000,7070,7060,7060,55.8,44.2,0,0.1,0.1,,0.8,7300,16500,777000,,116525000,64987000,51538000,
68308.7,406300,2872043000,5162349000,2290306000,7898185000,483478847.8,398690152.2,15.3,56589.1,1393.5,3.2,263600,182200,1293512000,7060,"2023-03-23T10:25:00.000Z",1679567100000,7100,7060,7060,76.4,23.6,0,3.9,1.4,,0.3,81400,345000,1122000,,2444586000,1869049000,575537000,
68308.7,378500,2676075000,5199031000,2522956000,8167517000,483478847.8,398690152.2,-2.3,56589.1,1393.5,0.2,5200,-27800,-195968000,7050,"2023-03-23T10:30:00.000Z",1679567400000,7060,7050,7060,13.6,86.4,0,0.1,0.6,,6.3,33000,38200,1160200,,269332000,36682000,232650000,
68308.7,296900,2101632000,5239884000,3138252000,8823666000,483478847.8,398690152.2,-6.8,56589.1,1393.5,0.1,5800,-81600,-574443000,7040,"2023-03-23T10:35:00.000Z",1679567700000,7050,7040,7050,6.2,93.8,0,0.1,1.5,,15.1,87400,93200,1253400,,656149000,40853000,615296000,
68308.7,299500,2119937000,5303245000,3183308000,8932083000,483478847.8,398690152.2,0.2,56589.1,1393.5,1.4,9000,2600,18305000,7040,"2023-03-23T10:40:00.000Z",1679568000000,7050,7040,7040,58.4,41.6,0,0.1,0.1,,0.7,6400,15400,1268800,,108417000,63361000,45056000,
68308.7,151600,1081305000,5341199000,4259894000,10046623000,483478847.8,398690152.2,-12.2,56589.1,1393.5,0,5400,-147900,-1038632000,7020,"2023-03-23T10:45:00.000Z",1679568300000,7040,7020,7040,3.4,96.6,0,0.1,2.7,,28.4,153300,158700,1427500,,1114540000,37954000,1076586000,
68308.7,-48900,-322374000,5424543000,5746917000,11616990000,483478847.8,398690152.2,-16.6,56589.1,1393.5,0.1,11900,-200500,-1403679000,7000,"2023-03-23T10:50:00.000Z",1679568600000,7020,6990,7020,5.3,94.7,0,0.2,3.8,,17.8,212400,224300,1651800,,1570367000,83344000,1487023000,
68308.7,-45300,-297102000,5659791000,5956893000,12062214000,483478847.8,398690152.2,0.3,56589.1,1393.5,1.1,33600,3600,25272000,7010,"2023-03-23T10:55:00.000Z",1679568900000,7010,6990,7000,52.8,47.2,0,0.5,0.5,,0.9,30000,63600,1715400,,445224000,235248000,209976000,
68308.7,-78600,-530167000,6056841000,6587008000,13089379000,483478847.8,398690152.2,-2.7,56589.1,1393.5,0.6,56700,-33300,-233065000,7000,"2023-03-23T11:00:00.000Z",1679569200000,7010,7000,7010,38.7,61.3,0,0.8,1.6,,1.6,90000,146700,1862100,,1027165000,397050000,630115000,
68308.7,-166400,-1144773000,6154851000,7299624000,13900005000,483478847.8,398690152.2,-7.2,56589.1,1393.5,0.1,14000,-87800,-614606000,7000,"2023-03-23T11:05:00.000Z",1679569500000,7010,7000,7000,12.1,87.9,0,0.2,1.8,,7.3,101800,115800,1977900,,810626000,98010000,712616000,
68308.7,-176100,-1212705000,6226285000,7438990000,14110805000,483478847.8,398690152.2,-0.8,56589.1,1393.5,0.5,10200,-9700,-67932000,7000,"2023-03-23T11:10:00.000Z",1679569800000,7010,7000,7010,33.9,66.1,0,0.1,0.4,,2,19900,30100,2008000,,210800000,71434000,139366000,
68308.7,-201300,-1389085000,6292085000,7681170000,14418785000,483478847.8,398690152.2,-2.1,56589.1,1393.5,0.3,9400,-25200,-176380000,7000,"2023-03-23T11:15:00.000Z",1679570100000,7000,6990,7000,21.4,78.6,0,0.1,0.6,,3.7,34600,44000,2052000,,307980000,65800000,242180000,
68308.7,-202900,-1400257000,6300485000,7700742000,14446757000,483478847.8,398690152.2,-0.1,56589.1,1393.5,0.4,1200,-1600,-11172000,6990,"2023-03-23T11:20:00.000Z",1679570400000,7000,6990,7000,30,70,0,0,0,,2.3,2800,4000,2056000,,27972000,8400000,19572000,
68308.7,-207600,-1432976000,6394285000,7827261000,14667076000,483478847.8,398690152.2,-0.4,56589.1,1393.5,0.7,13400,-4700,-32719000,7000,"2023-03-23T11:25:00.000Z",1679570700000,7000,6990,7000,42.5,57.5,0,0.2,0.3,,1.4,18100,31500,2087500,,220319000,93800000,126519000,
68308.7,-207300,-1430804000,6483960000,7914764000,14844254000,483478847.8,398690152.2,0,56589.1,1393.5,1,12800,300,2172000,7000,"2023-03-23T13:00:00.000Z",1679576400000,7010,7000,7000,50.6,49.4,0,0.2,0.2,,1,12500,25300,2112800,,177178000,89675000,87503000,
68308.7,-201800,-1392297000,6642861000,8035158000,15123549000,483478847.8,398690152.2,0.5,56589.1,1393.5,1.3,22700,5500,38507000,7000,"2023-03-23T13:05:00.000Z",1679576700000,7010,6990,7000,56.9,43.1,0,0.3,0.3,,0.8,17200,39900,2152700,,279295000,158901000,120394000,
68308.7,-218200,-1507305000,6860905000,8368210000,15674645000,483478847.8,398690152.2,-1.4,56589.1,1393.5,0.7,31100,-16400,-115008000,7010,"2023-03-23T13:10:00.000Z",1679577000000,7020,7000,7000,39.6,60.4,0,0.5,0.8,,1.5,47500,78600,2231300,,551096000,218044000,333052000,
68308.7,-222600,-1538147000,7041635000,8579782000,16066947000,483478847.8,398690152.2,-0.4,56589.1,1393.5,0.9,25800,-4400,-30842000,7010,"2023-03-23T13:15:00.000Z",1679577300000,7020,7000,7010,46.1,53.9,0,0.4,0.5,,1.2,30200,56000,2287300,,392302000,180730000,211572000,
68308.7,-228200,-1577049000,7231948000,8808997000,16486475000,483478847.8,398690152.2,-0.5,56589.1,1393.5,0.8,27100,-5600,-38902000,7020,"2023-03-23T13:20:00.000Z",1679577600000,7040,7000,7010,45.3,54.7,0,0.4,0.6,,1.2,32700,59800,2347100,,419528000,190313000,229215000,
68308.7,-216900,-1495031000,7863973000,9359004000,17668507000,483478847.8,398690152.2,1,56589.1,1393.5,1.1,89800,11300,82018000,7060,"2023-03-23T13:25:00.000Z",1679577900000,7060,7000,7030,53.4,46.6,0,1.3,1.4,,0.9,78500,168300,2515400,,1182032000,632025000,550007000,
68308.7,-136800,-927601000,8737164000,9664765000,18847459000,483478847.8,398690152.2,6.7,56589.1,1393.5,2.8,123500,80100,567430000,7060,"2023-03-23T13:30:00.000Z",1679578200000,7080,7020,7020,74,26,0,1.8,0.8,,0.4,43400,166900,2682300,,1178952000,873191000,305761000,
68308.7,-175200,-1197992000,9308903000,10506895000,20261328000,483478847.8,398690152.2,-3.2,56589.1,1393.5,0.7,81000,-38400,-270391000,7050,"2023-03-23T13:35:00.000Z",1679578500000,7070,7050,7060,40.4,59.6,0,1.2,2.1,,1.5,119400,200400,2882700,,1413869000,571739000,842130000,
68308.7,-182200,-1246982000,9473168000,10720150000,20638848000,483478847.8,398690152.2,-0.6,56589.1,1393.5,0.8,23300,-7000,-48990000,7020,"2023-03-23T13:40:00.000Z",1679578800000,7050,7020,7050,43.5,56.5,0,0.3,0.5,,1.3,30300,53600,2936300,,377520000,164265000,213255000,
68308.7,-195400,-1339633000,9799486000,11139119000,21384135000,483478847.8,398690152.2,-1.1,56589.1,1393.5,0.8,46300,-13200,-92651000,7060,"2023-03-23T13:45:00.000Z",1679579100000,7060,7030,7030,43.8,56.2,0,0.7,1.1,,1.3,59500,105800,3042100,,745287000,326318000,418969000,
68308.7,-141000,-953682000,10699363000,11653045000,22797938000,483478847.8,398690152.2,4.6,56589.1,1393.5,1.7,127100,54400,385951000,7070,"2023-03-23T13:50:00.000Z",1679579400000,7090,7050,7060,63.6,36.4,0,1.9,1.3,,0.6,72700,199800,3241900,,1413803000,899877000,513926000,
68308.7,98000,744076000,13119431000,12375355000,25940316000,483478847.8,398690152.2,20,56589.1,1393.5,3.3,341000,239000,1697758000,7110,"2023-03-23T13:55:00.000Z",1679579700000,7120,7060,7070,77,23,0,5,1.8,,0.3,102000,443000,3684900,,3142378000,2420068000,722310000,
68308.7,5500,89398000,14093526000,14004128000,28543184000,483478847.8,398690152.2,-7.7,56589.1,1393.5,0.6,137000,-92500,-654678000,7080,"2023-03-23T14:00:00.000Z",1679580000000,7120,7080,7120,37.4,62.6,0,2,4.1,,1.7,229500,366500,4051400,,2602868000,974095000,1628773000,
68308.7,-72400,-460883000,14436752000,14897635000,29779917000,483478847.8,398690152.2,-6.5,56589.1,1393.5,0.4,48600,-77900,-550281000,7050,"2023-03-23T14:05:00.000Z",1679580300000,7080,7050,7080,27.8,72.2,0,0.7,2.2,,2.6,126500,175100,4226500,,1236733000,343226000,893507000,
68308.7,55800,448457000,15651275000,15202818000,31299623000,483478847.8,398690152.2,10.7,56589.1,1393.5,4,171300,128200,909340000,7100,"2023-03-23T14:10:00.000Z",1679580600000,7100,7050,7050,79.9,20.1,0,2.5,0.8,,0.3,43100,214400,4440900,,1519706000,1214523000,305183000,
68308.7,52400,424773000,15944130000,15519357000,31909017000,483478847.8,398690152.2,-0.3,56589.1,1393.5,0.9,41300,-3400,-23684000,7090,"2023-03-23T14:15:00.000Z",1679580900000,7100,7080,7100,48,52,0,0.6,0.8,,1.1,44700,86000,4526900,,609394000,292855000,316539000,
68308.7,69300,545814000,16596418000,16050604000,33092552000,483478847.8,398690152.2,1.4,56589.1,1393.5,1.2,92000,16900,121041000,7090,"2023-03-23T14:20:00.000Z",1679581200000,7100,7060,7090,55.1,44.9,0,1.3,1.3,,0.8,75100,167100,4694000,,1183535000,652288000,531247000,
68308.7,687900,4952296000,22240027000,17287731000,39973288000,483478847.8,398690152.2,52,56589.1,1393.5,4.6,792600,618600,4406482000,7140,"2023-03-23T14:25:00.000Z",1679581500000,7140,7070,7090,82,18,0,11.6,3.1,,0.2,174000,966600,5660600,,6880736000,5643609000,1237127000,
68308.7,539100,3900280000,22240027000,18339747000,41025304000,483478847.8,398690152.2,-12.4,56589.1,1393.5,0,,-148800,-1052016000,7070,"2023-03-23T14:45:00.000Z",1679582700000,7070,7070,7070,0,100,0,,2.6,,Infinity,148800,148800,5809400,,1052016000,,1052016000,
