"abu","acum_busd","acum_busd_val","acum_val_bu","acum_val_sd","acum_val","avg_val_bu","avg_val_sd","rbusd","asd","auk","bs","bu","bu-sd","bu-sd_val","c","date","datetime","h","l","o","pbu","psd","puk","rbu","rsd","ruk","sb","sd","sum_vol","total_vol","uk","val","val_bu","val_sd","val_uk"
50608.5,18200,262245000,1210220000,947975000,3057370000,716514255.3,709492766,37.3,50302.1,1542.6,1.3,84800,18200,262245000,14300,"2023-02-16T09:15:00.000Z",1676538900000,14300,14200,14250,39.5,31,29.4,1.7,1.3,40.9,0.8,66600,214500,214500,63100,3057370000,1210220000,947975000,899175000
50608.5,71000,1018955000,2617590000,1598635000,5115400000,716514255.3,709492766,107.8,50302.1,1542.6,2.2,98400,52800,756710000,14250,"2023-02-16T09:20:00.000Z",1676539200000,14350,14250,14300,68.3,31.7,0,1.9,0.9,,0.5,45600,144000,358500,,2058030000,1407370000,650660000,
50608.5,-10000,-131370000,3172595000,3303965000,7375735000,716514255.3,709492766,-163.8,50302.1,1542.6,0.3,39000,-81000,-1150325000,14200,"2023-02-16T09:25:00.000Z",1676539500000,14250,14200,14250,24.5,75.5,0,0.8,2.4,,3.1,120000,159000,517500,,2260335000,555005000,1705330000,
50608.5,-22500,-307780000,3304655000,3612435000,7816265000,716514255.3,709492766,-25.1,50302.1,1542.6,0.4,9300,-12500,-176410000,14200,"2023-02-16T09:30:00.000Z",1676539800000,14200,14150,14200,29.9,70.1,0,0.2,0.4,,2.3,21800,31100,548600,,440530000,132060000,308470000,
50608.5,23500,346270000,4199255000,3852985000,8951415000,716514255.3,709492766,93.1,50302.1,1542.6,3.7,63000,46000,654050000,14150,"2023-02-16T09:35:00.000Z",1676540100000,14200,14150,14200,78.8,21.3,0,1.2,0.3,,0.3,17000,80000,628600,,1135150000,894600000,240550000,
50608.5,74000,1063960000,5187575000,4123615000,10210365000,716514255.3,709492766,102.2,50302.1,1542.6,3.6,69600,50500,717690000,14200,"2023-02-16T09:40:00.000Z",1676540400000,14200,14150,14150,78.5,21.5,0,1.4,0.4,,0.3,19100,88700,717300,,1258950000,988320000,270630000,
50608.5,77700,1119510000,6094955000,4975445000,11969575000,716514255.3,709492766,7.9,50302.1,1542.6,1.1,63900,3700,55550000,14150,"2023-02-16T09:45:00.000Z",1676540700000,14200,14150,14200,51.5,48.5,0,1.3,1.2,,0.9,60200,124100,841400,,1759210000,907380000,851830000,
50608.5,58500,848660000,6593090000,5744430000,13236695000,716514255.3,709492766,-38.6,50302.1,1542.6,0.6,35200,-19200,-270850000,14150,"2023-02-16T09:50:00.000Z",1676541000000,14200,14100,14150,39.3,60.7,0,0.7,1.1,,1.5,54400,89600,931000,,1267120000,498135000,768985000,
50608.5,54500,792205000,6843550000,6051345000,13911515000,716514255.3,709492766,-8,50302.1,1542.6,0.8,17700,-4000,-56455000,14150,"2023-02-16T09:55:00.000Z",1676541300000,14200,14100,14100,37.1,45.5,17.4,0.3,0.4,5.4,1.2,21700,47700,978700,8300,674820000,250460000,306915000,117445000
50608.5,53000,771560000,7023835000,6252275000,14292730000,716514255.3,709492766,-2.9,50302.1,1542.6,0.9,12700,-1500,-20645000,14150,"2023-02-16T10:00:00.000Z",1676541600000,14200,14150,14150,47.2,52.8,0,0.3,0.3,,1.1,14200,26900,1005600,,381215000,180285000,200930000,
50608.5,56300,819790000,7459775000,6639985000,15116380000,716514255.3,709492766,6.9,50302.1,1542.6,1.1,30700,3300,48230000,14200,"2023-02-16T10:05:00.000Z",1676541900000,14200,14150,14200,52.8,47.2,0,0.6,0.5,,0.9,27400,58100,1063700,,823650000,435940000,387710000,
50608.5,28000,419750000,7574795000,7155045000,15746460000,716514255.3,709492766,-57,50302.1,1542.6,0.2,8100,-28300,-400040000,14150,"2023-02-16T10:10:00.000Z",1676542200000,14200,14150,14150,18.2,81.8,0,0.2,0.7,,4.5,36400,44500,1108200,,630080000,115020000,515060000,
50608.5,37100,550440000,8161115000,7610675000,16788410000,716514255.3,709492766,18.6,50302.1,1542.6,1.3,41300,9100,130690000,14200,"2023-02-16T10:15:00.000Z",1676542500000,14200,14150,14150,56.2,43.8,0,0.8,0.6,,0.8,32200,73500,1181700,,1041950000,586320000,455630000,
50608.5,44500,655875000,8614565000,7958690000,17589875000,716514255.3,709492766,15,50302.1,1542.6,1.3,32000,7400,105435000,14150,"2023-02-16T10:20:00.000Z",1676542800000,14200,14100,14150,56.5,43.5,0,0.6,0.5,,0.8,24600,56600,1238300,,801465000,453450000,348015000,
50608.5,24600,375425000,8856535000,8481110000,18354265000,716514255.3,709492766,-39.9,50302.1,1542.6,0.5,17100,-19900,-280450000,14150,"2023-02-16T10:25:00.000Z",1676543100000,14200,14100,14150,31.6,68.4,0,0.3,0.7,,2.2,37000,54100,1292400,,764390000,241970000,522420000,
50608.5,42800,633080000,9149440000,8516360000,18682420000,716514255.3,709492766,36.7,50302.1,1542.6,8.3,20700,18200,257655000,14100,"2023-02-16T10:30:00.000Z",1676543400000,14150,14100,14150,89.2,10.8,0,0.4,0,,0.1,2500,23200,1315600,,328155000,292905000,35250000,
50608.5,50400,741250000,9435270000,8694020000,19145910000,716514255.3,709492766,15.4,50302.1,1542.6,1.6,20200,7600,108170000,14150,"2023-02-16T10:35:00.000Z",1676543700000,14150,14100,14150,61.6,38.4,0,0.4,0.3,,0.6,12600,32800,1348400,,463490000,285830000,177660000,
50608.5,49700,731765000,9544225000,8812460000,19373305000,716514255.3,709492766,-1.4,50302.1,1542.6,0.9,7700,-700,-9485000,14150,"2023-02-16T10:40:00.000Z",1676544000000,14150,14100,14150,47.8,52.2,0,0.2,0.2,,1.1,8400,16100,1364500,,227395000,108955000,118440000,
50608.5,18800,296265000,9597995000,9301730000,19916345000,716514255.3,709492766,-62,50302.1,1542.6,0.1,3800,-30900,-435500000,14100,"2023-02-16T10:45:00.000Z",1676544300000,14150,14100,14100,9.9,90.1,0,0.1,0.7,,9.1,34700,38500,1403000,,543040000,53770000,489270000,
50608.5,-33600,-442500000,9619220000,10061720000,20697560000,716514255.3,709492766,-105.2,50302.1,1542.6,0,1500,-52400,-738765000,14100,"2023-02-16T10:50:00.000Z",1676544600000,14150,14100,14100,2.7,97.3,0,0,1.1,,35.9,53900,55400,1458400,,781215000,21225000,759990000,
50608.5,-11600,-132175000,10067725000,10199900000,21284245000,716514255.3,709492766,44.2,50302.1,1542.6,3.2,31800,22000,310325000,14100,"2023-02-16T10:55:00.000Z",1676544900000,14150,14100,14100,76.4,23.6,0,0.6,0.2,,0.3,9800,41600,1500000,,586685000,448505000,138180000,
50608.5,-41700,-556575000,10139645000,10696220000,21866585000,716514255.3,709492766,-60.4,50302.1,1542.6,0.1,5100,-30100,-424400000,14100,"2023-02-16T11:00:00.000Z",1676545200000,14150,14100,14100,12.3,85.2,2.4,0.1,0.7,0.6,6.9,35200,41300,1541300,1000,582340000,71920000,496320000,14100000
50608.5,-48500,-651650000,10270775000,10922425000,22223920000,716514255.3,709492766,-13.5,50302.1,1542.6,0.6,9300,-6800,-95075000,14050,"2023-02-16T11:05:00.000Z",1676545500000,14100,14050,14100,36.6,63.4,0,0.2,0.3,,1.7,16100,25400,1566700,,357335000,131130000,226205000,
50608.5,-55900,-755570000,10284875000,11040445000,22356040000,716514255.3,709492766,-14.8,50302.1,1542.6,0.1,1000,-7400,-103920000,14100,"2023-02-16T11:10:00.000Z",1676545800000,14100,14050,14050,10.6,89.4,0,0,0.2,,8.4,8400,9400,1576100,,132120000,14100000,118020000,
50608.5,-34400,-452355000,10606355000,11058710000,22695785000,716514255.3,709492766,43.2,50302.1,1542.6,17.5,22800,21500,303215000,14100,"2023-02-16T11:15:00.000Z",1676546100000,14100,14050,14100,94.6,5.4,0,0.5,0,,0.1,1300,24100,1600200,,339745000,321480000,18265000,
50608.5,-37900,-501080000,10733255000,11234335000,22998310000,716514255.3,709492766,-6.9,50302.1,1542.6,0.7,9000,-3500,-48725000,14100,"2023-02-16T11:20:00.000Z",1676546400000,14100,14050,14050,41.9,58.1,0,0.2,0.2,,1.4,12500,21500,1621700,,302525000,126900000,175625000,
50608.5,-327000,-4551420000,10913895000,15465315000,27411330000,716514255.3,709492766,-576.8,50302.1,1542.6,0,12900,-289100,-4050340000,13950,"2023-02-16T11:25:00.000Z",1676546700000,14100,13950,14050,4.1,95.9,0,0.3,6,0.1,23.4,302000,315000,1936700,100,4413020000,180640000,4230980000,1400000
50608.5,-351000,-4884845000,11310080000,16194925000,28537125000,716514255.3,709492766,-47.5,50302.1,1542.6,0.5,28400,-24000,-333425000,13900,"2023-02-16T13:00:00.000Z",1676552400000,14000,13900,13950,35.1,64.9,0,0.6,1,,1.8,52400,80800,2017500,,1125795000,396185000,729610000,
50608.5,-385600,-5365165000,11681250000,17046415000,29759785000,716514255.3,709492766,-68.4,50302.1,1542.6,0.4,26600,-34600,-480320000,14000,"2023-02-16T13:05:00.000Z",1676552700000,14000,13900,13900,30.3,69.7,0,0.5,1.2,,2.3,61200,87800,2105300,,1222660000,371170000,851490000,
50608.5,-424600,-5908470000,12025115000,17933585000,30990820000,716514255.3,709492766,-77.4,50302.1,1542.6,0.4,24600,-39000,-543305000,13950,"2023-02-16T13:10:00.000Z",1676553000000,14000,13900,13950,27.9,72.1,0,0.5,1.3,,2.6,63600,88200,2193500,,1231035000,343865000,887170000,
50608.5,-390100,-5426405000,12878860000,18305265000,32216245000,716514255.3,709492766,68.7,50302.1,1542.6,2.3,61200,34500,482065000,13950,"2023-02-16T13:15:00.000Z",1676553300000,14000,13900,13900,69.6,30.4,0,1.2,0.5,,0.4,26700,87900,2281400,,1225425000,853745000,371680000,
50608.5,-380600,-5293110000,13524300000,18817410000,33373830000,716514255.3,709492766,19,50302.1,1542.6,1.3,46100,9500,133295000,14000,"2023-02-16T13:20:00.000Z",1676553600000,14050,13950,13950,55.7,44.3,0,0.9,0.7,,0.8,36600,82700,2364100,,1157585000,645440000,512145000,
50608.5,-412300,-5736775000,13861835000,19598610000,34492565000,716514255.3,709492766,-63.2,50302.1,1542.6,0.4,24100,-31700,-443665000,14000,"2023-02-16T13:25:00.000Z",1676553900000,14050,14000,14050,30.2,69.8,0,0.5,1.1,,2.3,55800,79900,2444000,,1118735000,337535000,781200000,
50608.5,-357300,-4966585000,15381025000,20347610000,36760755000,716514255.3,709492766,109.7,50302.1,1542.6,2,108500,55000,770190000,14000,"2023-02-16T13:30:00.000Z",1676554200000,14050,14000,14000,67,33,0,2.1,1.1,,0.5,53500,162000,2606000,,2268190000,1519190000,749000000,
50608.5,-301100,-4173855000,16679155000,20853010000,38564285000,716514255.3,709492766,112.9,50302.1,1542.6,2.6,92300,56200,792730000,14100,"2023-02-16T13:35:00.000Z",1676554500000,14100,14000,14000,71.9,28.1,0,1.8,0.7,,0.4,36100,128400,2734400,,1803530000,1298130000,505400000,
50608.5,4300,161755000,21566670000,21404915000,44003705000,716514255.3,709492766,617.5,50302.1,1542.6,8.9,344300,305400,4335610000,14250,"2023-02-16T13:40:00.000Z",1676554800000,14300,14100,14100,89.8,10.2,0,6.8,0.8,,0.1,38900,383200,3117600,,5439420000,4887515000,551905000,
50608.5,-107900,-1429140000,24060070000,25489210000,50581400000,716514255.3,709492766,-226.6,50302.1,1542.6,0.6,175100,-112200,-1590895000,14150,"2023-02-16T13:45:00.000Z",1676555100000,14300,14050,14250,37.9,62.1,0,3.5,5.7,,1.6,287300,462400,3580000,,6577695000,2493400000,4084295000,
50608.5,-100700,-1325370000,24881100000,26206470000,52119690000,716514255.3,709492766,14.8,50302.1,1542.6,1.1,58100,7200,103770000,14150,"2023-02-16T13:50:00.000Z",1676555400000,14150,14050,14150,53.3,46.7,0,1.1,1,,0.9,50900,109000,3689000,,1538290000,821030000,717260000,
50608.5,-139700,-1874915000,24981565000,26856480000,52870165000,716514255.3,709492766,-78.3,50302.1,1542.6,0.2,7100,-39000,-549545000,14100,"2023-02-16T13:55:00.000Z",1676555700000,14150,14100,14150,13.3,86.7,0,0.1,0.9,,6.5,46100,53200,3742200,,750475000,100465000,650010000,
50608.5,-128800,-1719435000,25592855000,27312290000,53937265000,716514255.3,709492766,22.1,50302.1,1542.6,1.3,43200,10900,155480000,14150,"2023-02-16T14:00:00.000Z",1676556000000,14200,14100,14100,57.2,42.8,0,0.9,0.6,,0.7,32300,75500,3817700,,1067100000,611290000,455810000,
50608.5,-125100,-1665205000,26314215000,27979420000,55325755000,716514255.3,709492766,7.7,50302.1,1542.6,1.1,50800,3700,54230000,14150,"2023-02-16T14:05:00.000Z",1676556300000,14200,14150,14200,51.9,48.1,0,1,0.9,,0.9,47100,97900,3915600,,1388490000,721360000,667130000,
50608.5,-212100,-2891290000,26948905000,29840195000,57821220000,716514255.3,709492766,-174.6,50302.1,1542.6,0.3,44900,-87000,-1226085000,14100,"2023-02-16T14:10:00.000Z",1676556600000,14200,14050,14150,25.4,74.6,0,0.9,2.6,,2.9,131900,176800,4092400,,2495465000,634690000,1860775000,
50608.5,-171700,-2321480000,27794955000,30116435000,58943510000,716514255.3,709492766,81.2,50302.1,1542.6,3.1,60000,40400,569810000,14150,"2023-02-16T14:15:00.000Z",1676556900000,14150,14050,14050,75.4,24.6,0,1.2,0.4,,0.3,19600,79600,4172000,,1122290000,846050000,276240000,
50608.5,-87500,-1129590000,29413715000,30543305000,60989140000,716514255.3,709492766,169.7,50302.1,1542.6,3.8,114400,84200,1191890000,14150,"2023-02-16T14:20:00.000Z",1676557200000,14150,14100,14100,79.1,20.9,0,2.3,0.6,,0.3,30200,144600,4316600,,2045630000,1618760000,426870000,
50608.5,-207400,-2819540000,30526620000,33346160000,64904900000,716514255.3,709492766,-240.7,50302.1,1542.6,0.4,78500,-119900,-1689950000,14150,"2023-02-16T14:25:00.000Z",1676557500000,14200,14100,14150,28.3,71.7,0,1.6,3.9,,2.5,198400,276900,4593500,,3915760000,1112905000,2802855000,
50608.5,-207200,-2816710000,30529450000,33346160000,64907730000,716514255.3,709492766,0.4,50302.1,1542.6,Infinity,200,200,2830000,14150,"2023-02-16T14:30:00.000Z",1676557800000,14150,14150,14150,100,0,0,0,,,0,,200,4593700,,2830000,2830000,,
50608.5,14400,330010000,33676170000,33346160000,68054450000,716514255.3,709492766,448.2,50302.1,1542.6,Infinity,221600,221600,3146720000,14200,"2023-02-16T14:45:00.000Z",1676558700000,14200,14200,14200,100,0,0,4.4,,,0,,221600,4815300,,3146720000,3146720000,,
