"abu","acum_busd","acum_busd_val","acum_val_bu","acum_val_sd","acum_val","avg_val_bu","avg_val_sd","rbusd","asd","auk","bs","bu","bu-sd","bu-sd_val","c","date","datetime","h","l","o","pbu","psd","puk","rbu","rsd","ruk","sb","sd","sum_vol","total_vol","uk","val","val_bu","val_sd","val_uk"
3121.3,-11500,-79860000,39750000,119610000,160740000,21577234,19981489.4,-50,2908.5,29.8,0.3,5700,-11500,-79860000,6900,"2023-02-16T09:00:00.000Z",1676538000000,7000,6900,6900,24.7,74.5,0.9,1.8,5.9,6.7,3,17200,23100,23100,200,160740000,39750000,119610000,1380000
3121.3,-10100,-70050000,50250000,120300000,171930000,21577234,19981489.4,6.1,2908.5,29.8,15,1500,1400,9810000,7000,"2023-02-16T09:05:00.000Z",1676538300000,7000,6900,6900,93.8,6.3,0,0.5,0,,0.1,100,1600,24700,,11190000,10500000,690000,
3121.3,-7300,-50450000,69850000,120300000,191530000,21577234,19981489.4,12.3,2908.5,29.8,Infinity,2800,2800,19600000,7000,"2023-02-16T09:10:00.000Z",1676538600000,7000,7000,7000,100,0,0,0.9,,,0,,2800,27500,,19600000,19600000,,
3121.3,-17500,-120830000,69850000,190680000,261910000,21577234,19981489.4,-44.1,2908.5,29.8,0,,-10200,-70380000,6900,"2023-02-16T09:15:00.000Z",1676538900000,6900,6900,6900,0,100,0,,3.5,,Infinity,10200,10200,37700,,70380000,,70380000,
3121.3,-15500,-106630000,97850000,204480000,303710000,21577234,19981489.4,8.9,2908.5,29.8,2,4000,2000,14200000,7000,"2023-02-16T09:20:00.000Z",1676539200000,7000,6900,6900,66.7,33.3,0,1.3,0.7,,0.5,2000,6000,43700,,41800000,28000000,13800000,
3121.3,-700,-2730000,222450000,225180000,449010000,21577234,19981489.4,65.1,2908.5,29.8,5.9,17800,14800,103900000,6900,"2023-02-16T09:25:00.000Z",1676539500000,7000,6900,7000,85.6,14.4,0,5.7,1,,0.2,3000,20800,64500,,145300000,124600000,20700000,
3121.3,-7200,-47520000,226650000,274170000,502200000,21577234,19981489.4,-28.1,2908.5,29.8,0.1,600,-6500,-44790000,7000,"2023-02-16T09:30:00.000Z",1676539800000,7000,6900,6900,7.8,92.2,0,0.2,2.4,,11.8,7100,7700,72200,,53190000,4200000,48990000,
3121.3,-11800,-79220000,229450000,308670000,539500000,21577234,19981489.4,-19.9,2908.5,29.8,0.1,400,-4600,-31700000,6900,"2023-02-16T09:35:00.000Z",1676540100000,7000,6900,7000,7.4,92.6,0,0.1,1.7,,12.5,5000,5400,77600,,37300000,2800000,34500000,
3121.3,-19100,-129580000,230150000,359730000,591260000,21577234,19981489.4,-31.6,2908.5,29.8,0,100,-7300,-50360000,7000,"2023-02-16T09:40:00.000Z",1676540400000,7000,6900,6900,1.3,98.7,0,0,2.5,,74,7400,7500,85100,,51760000,700000,51060000,
3121.3,-20800,-141310000,230150000,371460000,602990000,21577234,19981489.4,-7.4,2908.5,29.8,0,,-1700,-11730000,6900,"2023-02-16T09:45:00.000Z",1676540700000,6900,6900,6900,0,100,0,,0.6,,Infinity,1700,1700,86800,,11730000,,11730000,
3121.3,-24800,-168910000,230150000,399060000,630590000,21577234,19981489.4,-17.3,2908.5,29.8,0,,-4000,-27600000,6900,"2023-02-16T09:50:00.000Z",1676541000000,6900,6900,6900,0,100,0,,1.4,,Infinity,4000,4000,90800,,27600000,,27600000,
3121.3,-29200,-199270000,243950000,443220000,688550000,21577234,19981489.4,-19,2908.5,29.8,0.3,2000,-4400,-30360000,6900,"2023-02-16T09:55:00.000Z",1676541300000,6900,6900,6900,23.8,76.2,0,0.6,2.2,,3.2,6400,8400,99200,,57960000,13800000,44160000,
3121.3,-26900,-183400000,259820000,443220000,704420000,21577234,19981489.4,9.9,2908.5,29.8,Infinity,2300,2300,15870000,6900,"2023-02-16T10:00:00.000Z",1676541600000,6900,6900,6900,100,0,0,0.7,,,0,,2300,101500,,15870000,15870000,,
3121.3,-25200,-171670000,271550000,443220000,716150000,21577234,19981489.4,7.4,2908.5,29.8,Infinity,1700,1700,11730000,6900,"2023-02-16T10:05:00.000Z",1676541900000,6900,6900,6900,100,0,0,0.5,,,0,,1700,103200,,11730000,11730000,,
3121.3,-27500,-187540000,271550000,459090000,732020000,21577234,19981489.4,-9.9,2908.5,29.8,0,,-2300,-15870000,6900,"2023-02-16T10:10:00.000Z",1676542200000,6900,6900,6900,0,100,0,,0.8,,Infinity,2300,2300,105500,,15870000,,15870000,
3121.3,-33000,-225490000,271550000,497040000,769970000,21577234,19981489.4,-23.8,2908.5,29.8,0,,-5500,-37950000,6900,"2023-02-16T10:15:00.000Z",1676542500000,6900,6900,6900,0,100,0,,1.9,,Infinity,5500,5500,111000,,37950000,,37950000,
3121.3,-34500,-235840000,271550000,507390000,780320000,21577234,19981489.4,-6.5,2908.5,29.8,0,,-1500,-10350000,6900,"2023-02-16T10:25:00.000Z",1676543100000,6900,6900,6900,0,100,0,,0.5,,Infinity,1500,1500,112500,,10350000,,10350000,
3121.3,-34700,-237220000,271550000,508770000,781700000,21577234,19981489.4,-0.9,2908.5,29.8,0,,-200,-1380000,6900,"2023-02-16T10:30:00.000Z",1676543400000,6900,6900,6900,0,100,0,,0.1,,Infinity,200,200,112700,,1380000,,1380000,
3121.3,-35800,-244810000,271550000,516360000,789290000,21577234,19981489.4,-4.8,2908.5,29.8,0,,-1100,-7590000,6900,"2023-02-16T10:35:00.000Z",1676543700000,6900,6900,6900,0,100,0,,0.4,,Infinity,1100,1100,113800,,7590000,,7590000,
3121.3,-35900,-245500000,271550000,517050000,789980000,21577234,19981489.4,-0.4,2908.5,29.8,0,,-100,-690000,6900,"2023-02-16T10:40:00.000Z",1676544000000,6900,6900,6900,0,100,0,,0,,Infinity,100,100,113900,,690000,,690000,
3121.3,-39500,-270340000,271550000,541890000,814820000,21577234,19981489.4,-15.6,2908.5,29.8,0,,-3600,-24840000,6900,"2023-02-16T10:45:00.000Z",1676544300000,6900,6900,6900,0,100,0,,1.2,,Infinity,3600,3600,117500,,24840000,,24840000,
3121.3,-42500,-291040000,271550000,562590000,835520000,21577234,19981489.4,-13,2908.5,29.8,0,,-3000,-20700000,6900,"2023-02-16T10:50:00.000Z",1676544600000,6900,6900,6900,0,100,0,,1,,Infinity,3000,3000,120500,,20700000,,20700000,
3121.3,-51800,-355210000,271550000,626760000,899690000,21577234,19981489.4,-40.2,2908.5,29.8,0,,-9300,-64170000,6900,"2023-02-16T10:55:00.000Z",1676544900000,6900,6900,6900,0,100,0,,3.2,,Infinity,9300,9300,129800,,64170000,,64170000,
3121.3,-52000,-356570000,271550000,628120000,901050000,21577234,19981489.4,-0.9,2908.5,29.8,0,,-200,-1360000,6800,"2023-02-16T11:00:00.000Z",1676545200000,6800,6800,6800,0,100,0,,0.1,,Infinity,200,200,130000,,1360000,,1360000,
3121.3,-59300,-406210000,275630000,681840000,958850000,21577234,19981489.4,-31.1,2908.5,29.8,0.1,600,-7300,-49640000,6800,"2023-02-16T11:10:00.000Z",1676545800000,6800,6800,6800,7.1,92.9,0,0.2,2.7,,13.2,7900,8500,138500,,57800000,4080000,53720000,
3121.3,-57400,-393290000,288550000,681840000,971770000,21577234,19981489.4,8.1,2908.5,29.8,Infinity,1900,1900,12920000,6800,"2023-02-16T11:15:00.000Z",1676546100000,6800,6800,6800,100,0,0,0.6,,,0,,1900,140400,,12920000,12920000,,
3121.3,-60400,-413360000,290590000,703950000,995920000,21577234,19981489.4,-12.6,2908.5,29.8,0.1,300,-3000,-20070000,6800,"2023-02-16T11:20:00.000Z",1676546400000,6800,6700,6700,8.3,91.7,0,0.1,1.1,,11,3300,3600,144000,,24150000,2040000,22110000,
3121.3,-67900,-464360000,290590000,754950000,1046920000,21577234,19981489.4,-32,2908.5,29.8,0,,-7500,-51000000,6800,"2023-02-16T13:00:00.000Z",1676552400000,6800,6800,6800,0,100,0,,2.6,,Infinity,7500,7500,151500,,51000000,,51000000,
3121.3,-70400,-481110000,290590000,771700000,1063670000,21577234,19981489.4,-10.5,2908.5,29.8,0,,-2500,-16750000,6700,"2023-02-16T13:10:00.000Z",1676553000000,6700,6700,6700,0,100,0,,0.9,,Infinity,2500,2500,154000,,16750000,,16750000,
3121.3,-71700,-489750000,295350000,785100000,1081830000,21577234,19981489.4,-5.4,2908.5,29.8,0.4,700,-1300,-8640000,6800,"2023-02-16T13:15:00.000Z",1676553300000,6800,6700,6700,25.9,74.1,0,0.2,0.7,,2.9,2000,2700,156700,,18160000,4760000,13400000,
3121.3,-54700,-372150000,467350000,839500000,1308230000,21577234,19981489.4,73.7,2908.5,29.8,3.1,25000,17000,117600000,6800,"2023-02-16T13:20:00.000Z",1676553600000,6900,6800,6800,75.8,24.2,0,8,2.8,,0.3,8000,33000,189700,,226400000,172000000,54400000,
3121.3,-55700,-378950000,467350000,846300000,1315030000,21577234,19981489.4,-4.3,2908.5,29.8,0,,-1000,-6800000,6800,"2023-02-16T13:25:00.000Z",1676553900000,6800,6800,6800,0,100,0,,0.3,,Infinity,1000,1000,190700,,6800000,,6800000,
3121.3,-57800,-393230000,467350000,860580000,1329310000,21577234,19981489.4,-8.9,2908.5,29.8,0,,-2100,-14280000,6800,"2023-02-16T13:30:00.000Z",1676554200000,6800,6800,6800,0,100,0,,0.7,,Infinity,2100,2100,192800,,14280000,,14280000,
3121.3,-57700,-392540000,468710000,861250000,1339500000,21577234,19981489.4,0.4,2908.5,29.8,2,200,100,690000,6800,"2023-02-16T13:35:00.000Z",1676554500000,6800,6700,6800,13.3,6.7,80,0.1,0,40.3,0.5,100,1500,194300,1200,10190000,1360000,670000,8160000
3121.3,-51200,-348340000,512910000,861250000,1383700000,21577234,19981489.4,27.7,2908.5,29.8,Infinity,6500,6500,44200000,6800,"2023-02-16T13:40:00.000Z",1676554800000,6800,6800,6800,100,0,0,2.1,,,0,,6500,200800,,44200000,44200000,,
3121.3,-55400,-376900000,512910000,889810000,1412260000,21577234,19981489.4,-17.9,2908.5,29.8,0,,-4200,-28560000,6800,"2023-02-16T13:55:00.000Z",1676555700000,6800,6800,6800,0,100,0,,1.4,,Infinity,4200,4200,205000,,28560000,,28560000,
3121.3,-53700,-365160000,525330000,890490000,1425360000,21577234,19981489.4,7.4,2908.5,29.8,18,1800,1700,11740000,6900,"2023-02-16T14:05:00.000Z",1676556300000,6900,6800,6800,94.7,5.3,0,0.6,0,,0.1,100,1900,206900,,13100000,12420000,680000,
3121.3,-49800,-338250000,552240000,890490000,1452270000,21577234,19981489.4,16.9,2908.5,29.8,Infinity,3900,3900,26910000,6900,"2023-02-16T14:10:00.000Z",1676556600000,6900,6900,6900,100,0,0,1.2,,,0,,3900,210800,,26910000,26910000,,
3121.3,-35300,-238200000,652290000,890490000,1552320000,21577234,19981489.4,62.7,2908.5,29.8,Infinity,14500,14500,100050000,6900,"2023-02-16T14:15:00.000Z",1676556900000,6900,6900,6900,100,0,0,4.6,,,0,,14500,225300,,100050000,100050000,,
3121.3,-28000,-187480000,726810000,914290000,1650640000,21577234,19981489.4,31.8,2908.5,29.8,3.1,10800,7300,50720000,6900,"2023-02-16T14:20:00.000Z",1676557200000,6900,6800,6900,75.5,24.5,0,3.5,1.2,,0.3,3500,14300,239600,,98320000,74520000,23800000,
3121.3,-21400,-141940000,794430000,936370000,1740340000,21577234,19981489.4,28.5,2908.5,29.8,3.1,9800,6600,45540000,6900,"2023-02-16T14:25:00.000Z",1676557500000,6900,6900,6900,75.4,24.6,0,3.1,1.1,,0.3,3200,13000,252600,,89700000,67620000,22080000,
3121.3,-20900,-138490000,797880000,936370000,1743790000,21577234,19981489.4,2.2,2908.5,29.8,Infinity,500,500,3450000,6900,"2023-02-16T14:30:00.000Z",1676557800000,6900,6900,6900,100,0,0,0.2,,,0,,500,253100,,3450000,3450000,,
3121.3,-20100,-132970000,803400000,936370000,1749310000,21577234,19981489.4,3.5,2908.5,29.8,Infinity,800,800,5520000,6900,"2023-02-16T14:35:00.000Z",1676558100000,6900,6900,6900,100,0,0,0.3,,,0,,800,253900,,5520000,5520000,,
3121.3,-19600,-129520000,806850000,936370000,1752760000,21577234,19981489.4,2.2,2908.5,29.8,Infinity,500,500,3450000,6900,"2023-02-16T14:40:00.000Z",1676558400000,6900,6900,6900,100,0,0,0.2,,,0,,500,254400,,3450000,3450000,,
3121.3,400,8480000,944850000,936370000,1890760000,21577234,19981489.4,86.5,2908.5,29.8,Infinity,20000,20000,138000000,6900,"2023-02-16T14:45:00.000Z",1676558700000,6900,6900,6900,100,0,0,6.4,,,0,,20000,274400,,138000000,138000000,,
3121.3,7200,55400000,994530000,939130000,1943200000,21577234,19981489.4,29.4,2908.5,29.8,18,7200,6800,46920000,6900,"2023-02-16T14:50:00.000Z",1676559000000,6900,6900,6900,94.7,5.3,0,2.3,0.1,,0.1,400,7600,282000,,52440000,49680000,2760000,
3121.3,10000,75000000,1014130000,939130000,1962800000,21577234,19981489.4,12.3,2908.5,29.8,Infinity,2800,2800,19600000,7000,"2023-02-16T14:55:00.000Z",1676559300000,7000,7000,7000,100,0,0,0.9,,,0,,2800,284800,,19600000,19600000,,
