"abu","acum_busd","acum_busd_val","acum_val_bu","acum_val_sd","acum_val","avg_val_bu","avg_val_sd","rbusd","asd","auk","bs","bu","bu-sd","bu-sd_val","c","date","datetime","h","l","o","pbu","psd","puk","rbu","rsd","ruk","sb","sd","sum_vol","total_vol","uk","val","val_bu","val_sd","val_uk"
1497.2,-1500,-77550000,0,77550000,77550000,78539583.3,60609861.1,-4.3,1159.7,47.2,0,,-1500,-77550000,51700,"2023-02-16T09:14:00.000Z",1676538840000,51700,51700,51700,0,100,0,,1.3,,Infinity,1500,1500,1500,,77550000,,77550000,
1497.2,-2400,-124080000,0,124080000,124080000,78539583.3,60609861.1,-2.6,1159.7,47.2,0,,-900,-46530000,51700,"2023-02-16T09:16:00.000Z",1676538960000,51700,51700,51700,0,100,0,,0.8,,Infinity,900,900,2400,,46530000,,46530000,
1497.2,-2200,-113680000,10400000,124080000,134480000,78539583.3,60609861.1,0.6,1159.7,47.2,Infinity,200,200,10400000,52000,"2023-02-16T09:18:00.000Z",1676539080000,52000,52000,52000,100,0,0,0.1,,,0,,200,2600,,10400000,10400000,,
1497.2,20500,1080290000,1204370000,124080000,1328450000,78539583.3,60609861.1,66.6,1159.7,47.2,Infinity,22700,22700,1193970000,53000,"2023-02-16T09:20:00.000Z",1676539200000,53000,52000,52000,100,0,0,15.2,,,0,,22700,25300,,1193970000,1193970000,,
1497.2,30500,1609450000,1733530000,124080000,1857610000,78539583.3,60609861.1,29.5,1159.7,47.2,Infinity,10000,10000,529160000,53000,"2023-02-16T09:22:00.000Z",1676539320000,53000,52700,53000,100,0,0,6.7,,,0,,10000,35300,,529160000,529160000,,
1497.2,33000,1740450000,1864530000,124080000,1988610000,78539583.3,60609861.1,7.3,1159.7,47.2,Infinity,2500,2500,131000000,52300,"2023-02-16T09:26:00.000Z",1676539560000,52800,52300,52800,100,0,0,1.7,,,0,,2500,37800,,131000000,131000000,,
1497.2,31800,1677690000,1864530000,186840000,2051370000,78539583.3,60609861.1,-3.5,1159.7,47.2,0,,-1200,-62760000,52300,"2023-02-16T09:30:00.000Z",1676539800000,52300,52300,52300,0,100,0,,1,,Infinity,1200,1200,39000,,62760000,,62760000,
1497.2,33800,1783090000,1969930000,186840000,2156770000,78539583.3,60609861.1,5.9,1159.7,47.2,Infinity,2000,2000,105400000,52700,"2023-02-16T09:32:00.000Z",1676539920000,52700,52700,52700,100,0,0,1.3,,,0,,2000,41000,,105400000,105400000,,
1497.2,34200,1804090000,1990930000,186840000,2177770000,78539583.3,60609861.1,1.2,1159.7,47.2,Infinity,400,400,21000000,52500,"2023-02-16T09:36:00.000Z",1676540160000,52500,52500,52500,100,0,0,0.3,,,0,,400,41400,,21000000,21000000,,
1497.2,34900,1840980000,2027820000,186840000,2214660000,78539583.3,60609861.1,2.1,1159.7,47.2,Infinity,700,700,36890000,52700,"2023-02-16T09:38:00.000Z",1676540280000,52700,52700,52700,100,0,0,0.5,,,0,,700,42100,,36890000,36890000,,
1497.2,34400,1814770000,2027820000,213050000,2240870000,78539583.3,60609861.1,-1.5,1159.7,47.2,0,,-500,-26210000,52300,"2023-02-16T09:44:00.000Z",1676540640000,52500,52300,52500,0,100,0,,0.4,,Infinity,500,500,42600,,26210000,,26210000,
1497.2,30700,1621630000,2027820000,406190000,2434010000,78539583.3,60609861.1,-10.8,1159.7,47.2,0,,-3700,-193140000,52200,"2023-02-16T09:46:00.000Z",1676540760000,52200,52200,52200,0,100,0,,3.2,,Infinity,3700,3700,46300,,193140000,,193140000,
1497.2,24400,1292770000,2027820000,735050000,2762870000,78539583.3,60609861.1,-18.3,1159.7,47.2,0,,-6300,-328860000,52200,"2023-02-16T09:50:00.000Z",1676541000000,52200,52200,52200,0,100,0,,5.4,,Infinity,6300,6300,52600,,328860000,,328860000,
1497.2,25100,1329310000,2064360000,735050000,2799410000,78539583.3,60609861.1,2,1159.7,47.2,Infinity,700,700,36540000,52200,"2023-02-16T09:56:00.000Z",1676541360000,52200,52200,52200,100,0,0,0.5,,,0,,700,53300,,36540000,36540000,,
1497.2,25900,1371070000,2106120000,735050000,2841170000,78539583.3,60609861.1,2.3,1159.7,47.2,Infinity,800,800,41760000,52200,"2023-02-16T09:58:00.000Z",1676541480000,52200,52200,52200,100,0,0,0.5,,,0,,800,54100,,41760000,41760000,,
1497.2,26000,1376290000,2111340000,735050000,2846390000,78539583.3,60609861.1,0.3,1159.7,47.2,Infinity,100,100,5220000,52200,"2023-02-16T10:00:00.000Z",1676541600000,52200,52200,52200,100,0,0,0.1,,,0,,100,54200,,5220000,5220000,,
1497.2,28000,1480690000,2215740000,735050000,2950790000,78539583.3,60609861.1,5.8,1159.7,47.2,Infinity,2000,2000,104400000,52200,"2023-02-16T10:02:00.000Z",1676541720000,52200,52200,52200,100,0,0,1.3,,,0,,2000,56200,,104400000,104400000,,
1497.2,31700,1674240000,2430170000,755930000,3186100000,78539583.3,60609861.1,10.8,1159.7,47.2,10.3,4100,3700,193550000,52300,"2023-02-16T10:04:00.000Z",1676541840000,52300,52200,52200,91.1,8.9,0,2.7,0.3,,0.1,400,4500,60700,,235310000,214430000,20880000,
1497.2,31400,1660030000,2861210000,1201180000,4062390000,78539583.3,60609861.1,-0.8,1159.7,47.2,1,8200,-300,-14210000,52700,"2023-02-16T10:06:00.000Z",1676541960000,52700,52300,52500,49.1,50.9,0,5.5,7.3,,1,8500,16700,77400,,876290000,431040000,445250000,
1497.2,30200,1597230000,2861210000,1263980000,4125190000,78539583.3,60609861.1,-3.5,1159.7,47.2,0,,-1200,-62800000,52300,"2023-02-16T10:10:00.000Z",1676542200000,52400,52300,52400,0,100,0,,1,,Infinity,1200,1200,78600,,62800000,,62800000,
1497.2,32000,1691760000,2955740000,1263980000,4219720000,78539583.3,60609861.1,5.3,1159.7,47.2,Infinity,1800,1800,94530000,52600,"2023-02-16T10:12:00.000Z",1676542320000,52600,52300,52300,100,0,0,1.2,,,0,,1800,80400,,94530000,94530000,,
1497.2,31800,1681260000,2955740000,1274480000,4230220000,78539583.3,60609861.1,-0.6,1159.7,47.2,0,,-200,-10500000,52500,"2023-02-16T10:14:00.000Z",1676542440000,52500,52500,52500,0,100,0,,0.2,,Infinity,200,200,80600,,10500000,,10500000,
1497.2,25000,1325140000,3008340000,1683200000,4691540000,78539583.3,60609861.1,-19.9,1159.7,47.2,0.1,1000,-6800,-356120000,52600,"2023-02-16T10:16:00.000Z",1676542560000,52600,52400,52400,11.4,88.6,0,0.7,6.7,,7.8,7800,8800,89400,,461320000,52600000,408720000,
1497.2,25100,1330390000,3013590000,1683200000,4696790000,78539583.3,60609861.1,0.3,1159.7,47.2,Infinity,100,100,5250000,52500,"2023-02-16T10:18:00.000Z",1676542680000,52500,52500,52500,100,0,0,0.1,,,0,,100,89500,,5250000,5250000,,
1497.2,22200,1178720000,3013590000,1834870000,4848460000,78539583.3,60609861.1,-8.5,1159.7,47.2,0,,-2900,-151670000,52300,"2023-02-16T10:20:00.000Z",1676542800000,52300,52300,52300,0,100,0,,2.5,,Infinity,2900,2900,92400,,151670000,,151670000,
1497.2,23400,1241720000,3076590000,1834870000,4911460000,78539583.3,60609861.1,3.5,1159.7,47.2,Infinity,1200,1200,63000000,52500,"2023-02-16T10:26:00.000Z",1676543160000,52500,52500,52500,100,0,0,0.8,,,0,,1200,93600,,63000000,63000000,,
1497.2,23200,1231220000,3118590000,1887370000,5005960000,78539583.3,60609861.1,-0.6,1159.7,47.2,0.8,800,-200,-10500000,52500,"2023-02-16T10:42:00.000Z",1676544120000,52500,52500,52500,44.4,55.6,0,0.5,0.9,,1.3,1000,1800,95400,,94500000,42000000,52500000,
1497.2,22900,1215480000,3134340000,1918860000,5053200000,78539583.3,60609861.1,-0.9,1159.7,47.2,0.5,300,-300,-15740000,52400,"2023-02-16T10:44:00.000Z",1676544240000,52500,52400,52500,33.3,66.7,0,0.2,0.5,,2,600,900,96300,,47240000,15750000,31490000,
1497.2,21900,1163180000,3134340000,1971160000,5105500000,78539583.3,60609861.1,-2.9,1159.7,47.2,0,,-1000,-52300000,52300,"2023-02-16T10:48:00.000Z",1676544480000,52300,52300,52300,0,100,0,,0.9,,Infinity,1000,1000,97300,,52300000,,52300000,
1497.2,21500,1142260000,3134340000,1992080000,5126420000,78539583.3,60609861.1,-1.2,1159.7,47.2,0,,-400,-20920000,52300,"2023-02-16T10:52:00.000Z",1676544720000,52300,52300,52300,0,100,0,,0.3,,Infinity,400,400,97700,,20920000,,20920000,
1497.2,21400,1137030000,3134340000,1997310000,5131650000,78539583.3,60609861.1,-0.3,1159.7,47.2,0,,-100,-5230000,52300,"2023-02-16T10:56:00.000Z",1676544960000,52300,52300,52300,0,100,0,,0.1,,Infinity,100,100,97800,,5230000,,5230000,
1497.2,20900,1110880000,3134340000,2023460000,5157800000,78539583.3,60609861.1,-1.5,1159.7,47.2,0,,-500,-26150000,52300,"2023-02-16T11:00:00.000Z",1676545200000,52300,52300,52300,0,100,0,,0.4,,Infinity,500,500,98300,,26150000,,26150000,
1497.2,16900,901680000,3134340000,2232660000,5367000000,78539583.3,60609861.1,-11.7,1159.7,47.2,0,,-4000,-209200000,52300,"2023-02-16T11:02:00.000Z",1676545320000,52300,52300,52300,0,100,0,,3.4,,Infinity,4000,4000,102300,,209200000,,209200000,
1497.2,17900,954080000,3186740000,2232660000,5419400000,78539583.3,60609861.1,2.9,1159.7,47.2,Infinity,1000,1000,52400000,52400,"2023-02-16T11:06:00.000Z",1676545560000,52400,52400,52400,100,0,0,0.7,,,0,,1000,103300,,52400000,52400000,,
1497.2,18400,980330000,3212990000,2232660000,5445650000,78539583.3,60609861.1,1.5,1159.7,47.2,Infinity,500,500,26250000,52500,"2023-02-16T11:08:00.000Z",1676545680000,52500,52500,52500,100,0,0,0.3,,,0,,500,103800,,26250000,26250000,,
1497.2,17900,954180000,3212990000,2258810000,5471800000,78539583.3,60609861.1,-1.5,1159.7,47.2,0,,-500,-26150000,52300,"2023-02-16T11:20:00.000Z",1676546400000,52300,52300,52300,0,100,0,,0.4,,Infinity,500,500,104300,,26150000,,26150000,
1497.2,15900,849580000,3212990000,2363410000,5576400000,78539583.3,60609861.1,-5.8,1159.7,47.2,0,,-2000,-104600000,52300,"2023-02-16T11:26:00.000Z",1676546760000,52300,52300,52300,0,100,0,,1.7,,Infinity,2000,2000,106300,,104600000,,104600000,
1497.2,15400,823430000,3212990000,2389560000,5602550000,78539583.3,60609861.1,-1.5,1159.7,47.2,0,,-500,-26150000,52300,"2023-02-16T11:28:00.000Z",1676546880000,52300,52300,52300,0,100,0,,0.4,,Infinity,500,500,106800,,26150000,,26150000,
1497.2,16100,860110000,3260150000,2400040000,5660190000,78539583.3,60609861.1,2,1159.7,47.2,4.5,900,700,36680000,52400,"2023-02-16T13:00:00.000Z",1676552400000,52400,52400,52400,81.8,18.2,0,0.6,0.2,,0.2,200,1100,107900,,57640000,47160000,10480000,
1497.2,16300,870590000,3270630000,2400040000,5670670000,78539583.3,60609861.1,0.6,1159.7,47.2,Infinity,200,200,10480000,52400,"2023-02-16T13:02:00.000Z",1676552520000,52400,52400,52400,100,0,0,0.1,,,0,,200,108100,,10480000,10480000,,
1497.2,13700,734850000,3270630000,2535780000,5806410000,78539583.3,60609861.1,-7.6,1159.7,47.2,0,,-2600,-135740000,52200,"2023-02-16T13:06:00.000Z",1676552760000,52300,52200,52300,0,100,0,,2.2,,Infinity,2600,2600,110700,,135740000,,135740000,
1497.2,12700,682650000,3270630000,2587980000,5858610000,78539583.3,60609861.1,-2.9,1159.7,47.2,0,,-1000,-52200000,52200,"2023-02-16T13:08:00.000Z",1676552880000,52200,52200,52200,0,100,0,,0.9,,Infinity,1000,1000,111700,,52200000,,52200000,
1497.2,11800,635670000,3270630000,2634960000,5905590000,78539583.3,60609861.1,-2.6,1159.7,47.2,0,,-900,-46980000,52200,"2023-02-16T13:12:00.000Z",1676553120000,52200,52200,52200,0,100,0,,0.8,,Infinity,900,900,112600,,46980000,,46980000,
1497.2,12700,682650000,3317610000,2634960000,5952570000,78539583.3,60609861.1,2.6,1159.7,47.2,Infinity,900,900,46980000,52200,"2023-02-16T13:14:00.000Z",1676553240000,52200,52200,52200,100,0,0,0.6,,,0,,900,113500,,46980000,46980000,,
1497.2,16800,896670000,3531630000,2634960000,6166590000,78539583.3,60609861.1,11.9,1159.7,47.2,Infinity,4100,4100,214020000,52200,"2023-02-16T13:16:00.000Z",1676553360000,52200,52200,52200,100,0,0,2.7,,,0,,4100,117600,,214020000,214020000,,
1497.2,16700,891450000,3531630000,2640180000,6171810000,78539583.3,60609861.1,-0.3,1159.7,47.2,0,,-100,-5220000,52200,"2023-02-16T13:22:00.000Z",1676553720000,52200,52200,52200,0,100,0,,0.1,,Infinity,100,100,117700,,5220000,,5220000,
1497.2,17500,933310000,3583930000,2650620000,6234550000,78539583.3,60609861.1,2.3,1159.7,47.2,5,1000,800,41860000,52200,"2023-02-16T13:26:00.000Z",1676553960000,52300,52200,52300,83.3,16.7,0,0.7,0.2,,0.2,200,1200,118900,,62740000,52300000,10440000,
1497.2,16400,875890000,3583930000,2708040000,6291970000,78539583.3,60609861.1,-3.2,1159.7,47.2,0,,-1100,-57420000,52200,"2023-02-16T13:30:00.000Z",1676554200000,52200,52200,52200,0,100,0,,0.9,,Infinity,1100,1100,120000,,57420000,,57420000,
1497.2,15800,844630000,3583930000,2739300000,6323230000,78539583.3,60609861.1,-1.7,1159.7,47.2,0,,-600,-31260000,52100,"2023-02-16T13:34:00.000Z",1676554440000,52100,52100,52100,0,100,0,,0.5,,Infinity,600,600,120600,,31260000,,31260000,
1497.2,16300,870730000,3610030000,2739300000,6401530000,78539583.3,60609861.1,1.5,1159.7,47.2,Infinity,500,500,26100000,52200,"2023-02-16T13:36:00.000Z",1676554560000,52200,52200,52200,33.3,0,66.7,0.3,,21.2,0,,1500,122100,1000,78300000,26100000,,52200000
1497.2,16800,896880000,3636180000,2739300000,6427680000,78539583.3,60609861.1,1.5,1159.7,47.2,Infinity,500,500,26150000,52300,"2023-02-16T13:38:00.000Z",1676554680000,52300,52300,52300,100,0,0,0.3,,,0,,500,122600,,26150000,26150000,,
1497.2,20900,1111310000,3850610000,2739300000,6642110000,78539583.3,60609861.1,12,1159.7,47.2,Infinity,4100,4100,214430000,52300,"2023-02-16T13:42:00.000Z",1676554920000,52300,52300,52300,100,0,0,2.7,,,0,,4100,126700,,214430000,214430000,,
1497.2,25000,1325740000,4117340000,2791600000,6961140000,78539583.3,60609861.1,12,1159.7,47.2,5.1,5100,4100,214430000,52300,"2023-02-16T13:44:00.000Z",1676555040000,52300,52300,52300,83.6,16.4,0,3.4,0.9,,0.2,1000,6100,132800,,319030000,266730000,52300000,
1497.2,22200,1179300000,4117340000,2938040000,7107580000,78539583.3,60609861.1,-8.2,1159.7,47.2,0,,-2800,-146440000,52300,"2023-02-16T13:46:00.000Z",1676555160000,52300,52300,52300,0,100,0,,2.4,,Infinity,2800,2800,135600,,146440000,,146440000,
1497.2,22400,1189760000,4127800000,2938040000,7118040000,78539583.3,60609861.1,0.6,1159.7,47.2,Infinity,200,200,10460000,52300,"2023-02-16T13:50:00.000Z",1676555400000,52300,52300,52300,100,0,0,0.1,,,0,,200,135800,,10460000,10460000,,
1497.2,22400,1189860000,4180100000,2990240000,7222540000,78539583.3,60609861.1,0,1159.7,47.2,1,1000,0,100000,52300,"2023-02-16T13:52:00.000Z",1676555520000,52300,52200,52200,50,50,0,0.7,0.9,,1,1000,2000,137800,,104500000,52300000,52200000,
1497.2,23000,1221240000,4211480000,2990240000,7253920000,78539583.3,60609861.1,1.8,1159.7,47.2,Infinity,600,600,31380000,52300,"2023-02-16T13:54:00.000Z",1676555640000,52300,52300,52300,100,0,0,0.4,,,0,,600,138400,,31380000,31380000,,
1497.2,19500,1038540000,4211480000,3172940000,7436620000,78539583.3,60609861.1,-10.2,1159.7,47.2,0,,-3500,-182700000,52200,"2023-02-16T13:56:00.000Z",1676555760000,52200,52200,52200,0,100,0,,3,,Infinity,3500,3500,141900,,182700000,,182700000,
1497.2,18400,981120000,4211480000,3230360000,7494040000,78539583.3,60609861.1,-3.2,1159.7,47.2,0,,-1100,-57420000,52200,"2023-02-16T14:00:00.000Z",1676556000000,52200,52200,52200,0,100,0,,0.9,,Infinity,1100,1100,143000,,57420000,,57420000,
1497.2,20700,1101410000,4331770000,3230360000,7614330000,78539583.3,60609861.1,6.7,1159.7,47.2,Infinity,2300,2300,120290000,52300,"2023-02-16T14:04:00.000Z",1676556240000,52300,52300,52300,100,0,0,1.5,,,0,,2300,145300,,120290000,120290000,,
1497.2,23600,1253080000,4483440000,3230360000,7766000000,78539583.3,60609861.1,8.5,1159.7,47.2,Infinity,2900,2900,151670000,52300,"2023-02-16T14:06:00.000Z",1676556360000,52300,52300,52300,100,0,0,1.9,,,0,,2900,148200,,151670000,151670000,,
1497.2,25900,1373370000,4603730000,3230360000,7886290000,78539583.3,60609861.1,6.7,1159.7,47.2,Infinity,2300,2300,120290000,52300,"2023-02-16T14:08:00.000Z",1676556480000,52300,52300,52300,100,0,0,1.5,,,0,,2300,150500,,120290000,120290000,,
1497.2,28100,1488480000,4744940000,3256460000,8053600000,78539583.3,60609861.1,6.4,1159.7,47.2,5.4,2700,2200,115110000,52200,"2023-02-16T14:12:00.000Z",1676556720000,52300,52200,52300,84.4,15.6,0,1.8,0.4,,0.2,500,3200,153700,,167310000,141210000,26100000,
1497.2,24700,1311000000,4750160000,3439160000,8241520000,78539583.3,60609861.1,-9.9,1159.7,47.2,0,100,-3400,-177480000,52200,"2023-02-16T14:14:00.000Z",1676556840000,52200,52200,52200,2.8,97.2,0,0.1,3,,35,3500,3600,157300,,187920000,5220000,182700000,
1497.2,30100,1593280000,5032440000,3439160000,8523800000,78539583.3,60609861.1,15.7,1159.7,47.2,Infinity,5400,5400,282280000,52300,"2023-02-16T14:16:00.000Z",1676556960000,52300,52200,52200,100,0,0,3.6,,,0,,5400,162700,,282280000,282280000,,
1497.2,28200,1494160000,5063820000,3569660000,8685680000,78539583.3,60609861.1,-5.5,1159.7,47.2,0.2,600,-1900,-99120000,52300,"2023-02-16T14:18:00.000Z",1676557080000,52300,52200,52300,19.4,80.6,0,0.4,2.2,,4.2,2500,3100,165800,,161880000,31380000,130500000,
1497.2,28300,1499390000,5069050000,3569660000,8690910000,78539583.3,60609861.1,0.3,1159.7,47.2,Infinity,100,100,5230000,52300,"2023-02-16T14:20:00.000Z",1676557200000,52300,52300,52300,100,0,0,0.1,,,0,,100,165900,,5230000,5230000,,
1497.2,29300,1551690000,5121350000,3569660000,8743210000,78539583.3,60609861.1,2.9,1159.7,47.2,Infinity,1000,1000,52300000,52300,"2023-02-16T14:22:00.000Z",1676557320000,52300,52300,52300,100,0,0,0.7,,,0,,1000,166900,,52300000,52300000,,
1497.2,29300,1551690000,5121350000,3569660000,8868730000,78539583.3,60609861.1,0,1159.7,47.2,NaN,,0,0,52300,"2023-02-16T14:24:00.000Z",1676557440000,52300,52300,52300,0,0,100,,,50.8,NaN,,2400,169300,2400,125520000,,,125520000
1497.2,28700,1520430000,5147540000,3627110000,8952370000,78539583.3,60609861.1,-1.7,1159.7,47.2,0.5,500,-600,-31260000,52300,"2023-02-16T14:26:00.000Z",1676557560000,52400,52100,52300,31.3,68.8,0,0.3,0.9,,2.2,1100,1600,170900,,83640000,26190000,57450000,
1497.2,30600,1619800000,5654850000,4035050000,9867620000,78539583.3,60609861.1,5.5,1159.7,47.2,1.2,9700,1900,99370000,52300,"2023-02-16T14:28:00.000Z",1676557680000,52300,52300,52300,55.4,44.6,0,6.5,6.7,,0.8,7800,17500,188400,,915250000,507310000,407940000,
1497.2,24300,1290940000,5654850000,4363910000,10196480000,78539583.3,60609861.1,-18.3,1159.7,47.2,0,,-6300,-328860000,52200,"2023-02-16T14:44:00.000Z",1676558640000,52200,52200,52200,0,100,0,,5.4,,Infinity,6300,6300,194700,,328860000,,328860000,
