"abu","acum_busd","acum_busd_val","acum_val_bu","acum_val_sd","acum_val","avg_val_bu","avg_val_sd","rbusd","asd","auk","bs","bu","bu-sd","bu-sd_val","c","date","datetime","h","l","o","pbu","psd","puk","rbu","rsd","ruk","sb","sd","sum_vol","total_vol","uk","val","val_bu","val_sd","val_uk"
9118.2,200,2550000,2550000,0,2550000,117047500,144933181.8,-0.1,11331.8,347.7,Infinity,200,200,2550000,12700,"2023-02-16T09:15:00.000Z",1676538900000,12800,12700,12800,100,0,0,0,,,0,,200,200,,2550000,2550000,,
9118.2,2200,27950000,27950000,0,27950000,117047500,144933181.8,-0.9,11331.8,347.7,Infinity,2000,2000,25400000,12700,"2023-02-16T09:20:00.000Z",1676539200000,12700,12700,12700,100,0,0,0.2,,,0,,2000,2200,,25400000,25400000,,
9118.2,-7600,-95510000,30490000,126000000,156490000,117047500,144933181.8,4.4,11331.8,347.7,0,200,-9800,-123460000,12600,"2023-02-16T09:25:00.000Z",1676539500000,12700,12600,12700,2,98,0,0,0.9,,50,10000,10200,12400,,128540000,2540000,126000000,
9118.2,-12900,-162290000,30490000,192780000,235870000,117047500,144933181.8,2.4,11331.8,347.7,0,,-5300,-66780000,12600,"2023-02-16T09:30:00.000Z",1676539800000,12600,12600,12600,0,84.1,15.9,,0.5,2.9,Infinity,5300,6300,18700,1000,79380000,,66780000,12600000
9118.2,-12600,-158510000,34270000,192780000,239650000,117047500,144933181.8,-0.1,11331.8,347.7,Infinity,300,300,3780000,12600,"2023-02-16T09:35:00.000Z",1676540100000,12600,12600,12600,100,0,0,0,,,0,,300,19000,,3780000,3780000,,
9118.2,-8500,-106850000,85930000,192780000,291310000,117047500,144933181.8,-1.9,11331.8,347.7,Infinity,4100,4100,51660000,12600,"2023-02-16T09:40:00.000Z",1676540400000,12600,12600,12600,100,0,0,0.4,,,0,,4100,23100,,51660000,51660000,,
9118.2,-10800,-135830000,85930000,221760000,320290000,117047500,144933181.8,1,11331.8,347.7,0,,-2300,-28980000,12600,"2023-02-16T09:45:00.000Z",1676540700000,12600,12600,12600,0,100,0,,0.2,,Infinity,2300,2300,25400,,28980000,,28980000,
9118.2,-10300,-129530000,92230000,221760000,326590000,117047500,144933181.8,-0.2,11331.8,347.7,Infinity,500,500,6300000,12600,"2023-02-16T09:50:00.000Z",1676541000000,12600,12600,12600,100,0,0,0.1,,,0,,500,25900,,6300000,6300000,,
9118.2,-8200,-103070000,118690000,221760000,353050000,117047500,144933181.8,-0.9,11331.8,347.7,Infinity,2100,2100,26460000,12600,"2023-02-16T09:55:00.000Z",1676541300000,12600,12600,12600,100,0,0,0.2,,,0,,2100,28000,,26460000,26460000,,
9118.2,-4100,-51310000,185570000,236880000,435050000,117047500,144933181.8,-1.9,11331.8,347.7,4.4,5300,4100,51760000,12700,"2023-02-16T10:00:00.000Z",1676541600000,12700,12600,12600,81.5,18.5,0,0.6,0.1,,0.2,1200,6500,34500,,82000000,66880000,15120000,
9118.2,-4300,-53830000,185570000,239400000,437570000,117047500,144933181.8,0.1,11331.8,347.7,0,,-200,-2520000,12600,"2023-02-16T10:05:00.000Z",1676541900000,12600,12600,12600,0,100,0,,0,,Infinity,200,200,34700,,2520000,,2520000,
9118.2,-1200,-14360000,288540000,302900000,629240000,117047500,144933181.8,-1.4,11331.8,347.7,1.6,8100,3100,39470000,12800,"2023-02-16T10:10:00.000Z",1676542200000,12800,12600,12600,53.6,33.1,13.2,0.9,0.4,5.8,0.6,5000,15100,49800,2000,191670000,102970000,63500000,25200000
9118.2,1900,25820000,462620000,436800000,937220000,117047500,144933181.8,-1.4,11331.8,347.7,1.3,13600,3100,40180000,12700,"2023-02-16T10:15:00.000Z",1676542500000,12800,12700,12800,56.4,43.6,0,1.5,0.9,,0.8,10500,24100,73900,,307980000,174080000,133900000,
9118.2,-14500,-181070000,466430000,647500000,1151730000,117047500,144933181.8,7.4,11331.8,347.7,0,300,-16400,-206890000,12600,"2023-02-16T10:20:00.000Z",1676542800000,12700,12600,12700,1.8,98.2,0,0,1.5,,55.7,16700,17000,90900,,214510000,3810000,210700000,
9118.2,-14700,-183590000,466430000,650020000,1154250000,117047500,144933181.8,0.1,11331.8,347.7,0,,-200,-2520000,12600,"2023-02-16T10:25:00.000Z",1676543100000,12600,12600,12600,0,100,0,,0,,Infinity,200,200,91100,,2520000,,2520000,
9118.2,-22000,-275570000,466430000,742000000,1246230000,117047500,144933181.8,3.3,11331.8,347.7,0,,-7300,-91980000,12600,"2023-02-16T10:30:00.000Z",1676543400000,12600,12600,12600,0,100,0,,0.6,,Infinity,7300,7300,98400,,91980000,,91980000,
9118.2,-19700,-246590000,495410000,742000000,1275210000,117047500,144933181.8,-1,11331.8,347.7,Infinity,2300,2300,28980000,12600,"2023-02-16T10:35:00.000Z",1676543700000,12600,12600,12600,100,0,0,0.3,,,0,,2300,100700,,28980000,28980000,,
9118.2,-11800,-147050000,594950000,742000000,1376010000,117047500,144933181.8,-3.6,11331.8,347.7,Infinity,7900,7900,99540000,12600,"2023-02-16T10:40:00.000Z",1676544000000,12600,12600,12600,98.8,0,1.3,0.9,,0.3,0,,8000,108700,100,100800000,99540000,,1260000
9118.2,-11300,-140500000,626700000,767200000,1439310000,117047500,144933181.8,-0.2,11331.8,347.7,1.3,2500,500,6550000,12700,"2023-02-16T10:45:00.000Z",1676544300000,12700,12600,12600,50,40,10,0.3,0.2,1.4,0.8,2000,5000,113700,500,63300000,31750000,25200000,6350000
9118.2,-8100,-100180000,675840000,776020000,1497270000,117047500,144933181.8,-1.4,11331.8,347.7,5.6,3900,3200,40320000,12600,"2023-02-16T10:50:00.000Z",1676544600000,12600,12600,12600,84.8,15.2,0,0.4,0.1,,0.2,700,4600,118300,,57960000,49140000,8820000,
9118.2,-7900,-97660000,678360000,776020000,1503570000,117047500,144933181.8,-0.1,11331.8,347.7,Infinity,200,200,2520000,12600,"2023-02-16T10:55:00.000Z",1676544900000,12600,12600,12600,40,0,60,0,,0.9,0,,500,118800,300,6300000,2520000,,3780000
9118.2,-13900,-172660000,678360000,851020000,1578570000,117047500,144933181.8,2.7,11331.8,347.7,0,,-6000,-75000000,12500,"2023-02-16T11:00:00.000Z",1676545200000,12500,12500,12500,0,100,0,,0.5,,Infinity,6000,6000,124800,,75000000,,75000000,
9118.2,-11800,-146200000,704820000,851020000,1605030000,117047500,144933181.8,-0.9,11331.8,347.7,Infinity,2100,2100,26460000,12600,"2023-02-16T11:05:00.000Z",1676545500000,12600,12600,12600,100,0,0,0.2,,,0,,2100,126900,,26460000,26460000,,
9118.2,-9800,-121000000,730020000,851020000,1630230000,117047500,144933181.8,-0.9,11331.8,347.7,Infinity,2000,2000,25200000,12600,"2023-02-16T11:10:00.000Z",1676545800000,12600,12600,12600,100,0,0,0.2,,,0,,2000,128900,,25200000,25200000,,
9118.2,-6800,-83200000,767820000,851020000,1668030000,117047500,144933181.8,-1.4,11331.8,347.7,Infinity,3000,3000,37800000,12600,"2023-02-16T11:20:00.000Z",1676546400000,12600,12600,12600,100,0,0,0.3,,,0,,3000,131900,,37800000,37800000,,
9118.2,200,5000000,856020000,851020000,1756230000,117047500,144933181.8,-3.2,11331.8,347.7,Infinity,7000,7000,88200000,12600,"2023-02-16T11:25:00.000Z",1676546700000,12600,12600,12600,100,0,0,0.8,,,0,,7000,138900,,88200000,88200000,,
9118.2,4400,58020000,921540000,863520000,1834250000,117047500,144933181.8,-1.9,11331.8,347.7,5.2,5200,4200,53020000,12600,"2023-02-16T13:00:00.000Z",1676552400000,12600,12500,12600,83.9,16.1,0,0.6,0.1,,0.2,1000,6200,145100,,78020000,65520000,12500000,
9118.2,5200,68660000,1002180000,933520000,1984890000,117047500,144933181.8,-0.4,11331.8,347.7,1.1,6400,800,10640000,12500,"2023-02-16T13:05:00.000Z",1676552700000,12600,12500,12600,53.3,46.7,0,0.7,0.5,,0.9,5600,12000,157100,,150640000,80640000,70000000,
9118.2,4600,61160000,1002180000,941020000,1992390000,117047500,144933181.8,0.3,11331.8,347.7,0,,-600,-7500000,12500,"2023-02-16T13:10:00.000Z",1676553000000,12500,12500,12500,0,100,0,,0.1,,Infinity,600,600,157700,,7500000,,7500000,
9118.2,4300,57410000,1002180000,944770000,1996140000,117047500,144933181.8,0.1,11331.8,347.7,0,,-300,-3750000,12500,"2023-02-16T13:15:00.000Z",1676553300000,12500,12500,12500,0,100,0,,0,,Infinity,300,300,158000,,3750000,,3750000,
9118.2,2100,29910000,1002180000,972270000,2023640000,117047500,144933181.8,1,11331.8,347.7,0,,-2200,-27500000,12500,"2023-02-16T13:25:00.000Z",1676553900000,12500,12500,12500,0,100,0,,0.2,,Infinity,2200,2200,160200,,27500000,,27500000,
9118.2,-27000,-333750000,1013520000,1347270000,2409980000,117047500,144933181.8,13,11331.8,347.7,0,900,-29100,-363660000,12500,"2023-02-16T13:30:00.000Z",1676554200000,12600,12500,12600,2.9,97.1,0,0.1,2.6,,33.3,30000,30900,191100,,386340000,11340000,375000000,
9118.2,12100,158920000,1549030000,1390110000,2988330000,117047500,144933181.8,-17.7,11331.8,347.7,12.5,42500,39100,492670000,12700,"2023-02-16T13:35:00.000Z",1676554500000,12700,12600,12600,92.6,7.4,0,4.7,0.3,,0.1,3400,45900,237000,,578350000,535510000,42840000,
9118.2,-61300,-771140000,1980960000,2752100000,4782250000,117047500,144933181.8,33.4,11331.8,347.7,0.3,33900,-73400,-930060000,12800,"2023-02-16T13:40:00.000Z",1676554800000,12800,12600,12600,24,76,0,3.7,9.5,,3.2,107300,141200,378200,,1793920000,431930000,1361990000,
9118.2,-29400,-361140000,2549680000,2910820000,5509690000,117047500,144933181.8,-14.7,11331.8,347.7,3.6,44300,31900,410000000,12900,"2023-02-16T13:45:00.000Z",1676555100000,12900,12800,12800,78.1,21.9,0,4.9,1.1,,0.3,12400,56700,434900,,727440000,568720000,158720000,
9118.2,-88600,-1118900000,2732720000,3851620000,6636090000,117047500,144933181.8,27.2,11331.8,347.7,0.2,14300,-59200,-757760000,12800,"2023-02-16T13:50:00.000Z",1676555400000,12800,12800,12800,16.3,83.5,0.2,1.6,6.5,0.6,5.1,73500,88000,522900,200,1126400000,183040000,940800000,2560000
9118.2,-114900,-1455540000,2908080000,4363620000,7323450000,117047500,144933181.8,12.1,11331.8,347.7,0.3,13700,-26300,-336640000,12800,"2023-02-16T13:55:00.000Z",1676555700000,12800,12800,12800,25.5,74.5,0,1.5,3.5,,2.9,40000,53700,576600,,687360000,175360000,512000000,
9118.2,-77000,-966840000,3554220000,4521060000,8127030000,117047500,144933181.8,-17.5,11331.8,347.7,4.1,50200,37900,488700000,13000,"2023-02-16T14:00:00.000Z",1676556000000,13000,12800,12800,80.3,19.7,0,5.5,1.1,,0.2,12300,62500,639100,,803580000,646140000,157440000,
9118.2,-105500,-1334910000,4316800000,5651710000,10020260000,117047500,144933181.8,13.2,11331.8,347.7,0.7,58300,-28500,-368070000,13100,"2023-02-16T14:05:00.000Z",1676556300000,13200,13000,13000,40.2,59.8,0,6.4,7.7,,1.5,86800,145100,784200,,1893230000,762580000,1130650000,
9118.2,-133100,-1693640000,4478020000,6171660000,10701430000,117047500,144933181.8,12.9,11331.8,347.7,0.3,12400,-27600,-358730000,12900,"2023-02-16T14:10:00.000Z",1676556600000,13100,12900,13100,23.7,76.3,0,1.4,3.5,,3.2,40000,52400,836600,,681170000,161220000,519950000,
9118.2,-126800,-1611640000,4652320000,6263960000,10968030000,117047500,144933181.8,-2.9,11331.8,347.7,1.9,13400,6300,82000000,13000,"2023-02-16T14:15:00.000Z",1676556900000,13100,13000,13000,65.4,34.6,0,1.5,0.6,,0.5,7100,20500,857100,,266600000,174300000,92300000,
9118.2,-106000,-1339900000,5002060000,6341960000,11395770000,117047500,144933181.8,-9.7,11331.8,347.7,4.5,26800,20800,271740000,13100,"2023-02-16T14:20:00.000Z",1676557200000,13100,13000,13000,81.7,18.3,0,2.9,0.5,,0.2,6000,32800,889900,,427740000,349740000,78000000,
9118.2,-97400,-1226970000,5150090000,6377060000,11578900000,117047500,144933181.8,-4,11331.8,347.7,4.2,11300,8600,112930000,13100,"2023-02-16T14:25:00.000Z",1676557500000,13100,13000,13100,80.7,19.3,0,1.2,0.2,,0.2,2700,14000,903900,,183130000,148030000,35100000,
9118.2,-97400,-1226970000,5150090000,6377060000,11725620000,117047500,144933181.8,0,11331.8,347.7,NaN,,0,0,13100,"2023-02-16T14:45:00.000Z",1676558700000,13100,13100,13100,0,0,100,,,32.2,NaN,,11200,915100,11200,146720000,,,146720000
