"abu","acum_busd","acum_busd_val","acum_val_bu","acum_val_sd","acum_val","avg_val_bu","avg_val_sd","rbusd","asd","auk","bs","bu","bu-sd","bu-sd_val","c","date","datetime","h","l","o","pbu","psd","puk","rbu","rsd","ruk","sb","sd","sum_vol","total_vol","uk","val","val_bu","val_sd","val_uk"
609.5,300,1545000,1545000,0,1545000,3136666.7,4543761.9,-1.1,890.5,0,Infinity,300,300,1545000,5150,"2023-02-23T09:30:00.000Z",1677144600000,5150,5150,5150,100,0,0,0.5,,,0,,300,300,,1545000,1545000,,
609.5,600,3090000,3090000,0,3090000,3136666.7,4543761.9,-1.1,890.5,0,Infinity,300,300,1545000,5150,"2023-02-23T09:35:00.000Z",1677144900000,5150,5150,5150,100,0,0,0.5,,,0,,300,600,,1545000,1545000,,
609.5,1700,8788000,8788000,0,8788000,3136666.7,4543761.9,-4,890.5,0,Infinity,1100,1100,5698000,5180,"2023-02-23T09:45:00.000Z",1677145500000,5180,5180,5180,100,0,0,1.8,,,0,,1100,1700,,5698000,5698000,,
609.5,1000,5155000,9826000,4671000,14497000,3136666.7,4543761.9,2.6,890.5,0,0.2,200,-700,-3633000,5190,"2023-02-23T10:00:00.000Z",1677146400000,5190,5190,5190,18.2,81.8,0,0.3,1,,4.5,900,1100,2800,,5709000,1038000,4671000,
609.5,1200,6193000,10864000,4671000,15535000,3136666.7,4543761.9,-0.7,890.5,0,Infinity,200,200,1038000,5190,"2023-02-23T10:05:00.000Z",1677146700000,5190,5190,5190,100,0,0,0.3,,,0,,200,3000,,1038000,1038000,,
609.5,1700,8783000,13454000,4671000,18125000,3136666.7,4543761.9,-1.8,890.5,0,Infinity,500,500,2590000,5180,"2023-02-23T10:10:00.000Z",1677147000000,5180,5180,5180,100,0,0,0.8,,,0,,500,3500,,2590000,2590000,,
609.5,1300,6723000,13454000,6731000,20185000,3136666.7,4543761.9,1.5,890.5,0,0,,-400,-2060000,5150,"2023-02-23T10:20:00.000Z",1677147600000,5150,5150,5150,0,100,0,,0.4,,Infinity,400,400,3900,,2060000,,2060000,
609.5,-1700,-8591000,13454000,22045000,35499000,3136666.7,4543761.9,10.9,890.5,0,0,,-3000,-15314000,5100,"2023-02-23T10:30:00.000Z",1677148200000,5130,5100,5130,0,100,0,,3.4,,Infinity,3000,3000,6900,,15314000,,15314000,
609.5,-3200,-16241000,13454000,29695000,43149000,3136666.7,4543761.9,5.4,890.5,0,0,,-1500,-7650000,5100,"2023-02-23T10:35:00.000Z",1677148500000,5100,5100,5100,0,100,0,,1.7,,Infinity,1500,1500,8400,,7650000,,7650000,
609.5,-4700,-23894000,13966000,37860000,51826000,3136666.7,4543761.9,5.4,890.5,0,0.1,100,-1500,-7653000,5120,"2023-02-23T13:00:00.000Z",1677157200000,5120,5100,5120,5.9,94.1,0,0.2,1.8,,16,1600,1700,10100,,8677000,512000,8165000,
609.5,-6900,-35115000,13966000,49081000,63047000,3136666.7,4543761.9,8,890.5,0,0,,-2200,-11221000,5100,"2023-02-23T13:05:00.000Z",1677157500000,5110,5100,5110,0,100,0,,2.5,,Infinity,2200,2200,12300,,11221000,,11221000,
609.5,-6900,-35114000,14478000,49592000,64070000,3136666.7,4543761.9,0,890.5,0,1,100,0,1000,5120,"2023-02-23T13:15:00.000Z",1677158100000,5120,5110,5110,50,50,0,0.2,0.1,,1,100,200,12500,,1023000,512000,511000,
609.5,-5600,-28458000,24718000,53176000,77894000,3136666.7,4543761.9,-4.7,890.5,0,2.9,2000,1300,6656000,5120,"2023-02-23T13:20:00.000Z",1677158400000,5120,5120,5120,74.1,25.9,0,3.3,0.8,,0.4,700,2700,15200,,13824000,10240000,3584000,
609.5,-9100,-46303000,27282000,73585000,100867000,3136666.7,4543761.9,12.7,890.5,0,0.1,500,-3500,-17845000,5100,"2023-02-23T13:25:00.000Z",1677158700000,5130,5100,5120,11.1,88.9,0,0.8,4.5,,8,4000,4500,19700,,22973000,2564000,20409000,
609.5,-10200,-51911000,28300000,80211000,108511000,3136666.7,4543761.9,4,890.5,0,0.2,200,-1100,-5608000,5080,"2023-02-23T13:40:00.000Z",1677159600000,5100,5080,5100,13.3,86.7,0,0.3,1.5,,6.5,1300,1500,21200,,7644000,1018000,6626000,
609.5,-8800,-44755000,41544000,86299000,127843000,3136666.7,4543761.9,-5.1,890.5,0,2.2,2600,1400,7156000,5120,"2023-02-23T13:45:00.000Z",1677159900000,5120,5070,5080,68.4,31.6,0,4.3,1.3,,0.5,1200,3800,25000,,19332000,13244000,6088000,
609.5,-9700,-49306000,42055000,91361000,133416000,3136666.7,4543761.9,3.2,890.5,0,0.1,100,-900,-4551000,5050,"2023-02-23T14:00:00.000Z",1677160800000,5110,5050,5110,9.1,90.9,0,0.2,1.1,,10,1000,1100,26100,,5573000,511000,5062000,
609.5,-9900,-50318000,42055000,92373000,134428000,3136666.7,4543761.9,0.7,890.5,0,0,,-200,-1012000,5060,"2023-02-23T14:10:00.000Z",1677161400000,5060,5060,5060,0,100,0,,0.2,,Infinity,200,200,26300,,1012000,,1012000,
609.5,-10300,-52337000,42566000,94903000,137469000,3136666.7,4543761.9,1.4,890.5,0,0.2,100,-400,-2019000,5110,"2023-02-23T14:15:00.000Z",1677161700000,5110,5060,5060,16.7,83.3,0,0.2,0.6,,5,500,600,26900,,3041000,511000,2530000,
609.5,-9900,-50283000,44620000,94903000,139523000,3136666.7,4543761.9,-1.5,890.5,0,Infinity,400,400,2054000,5150,"2023-02-23T14:20:00.000Z",1677162000000,5150,5110,5110,100,0,0,0.7,,,0,,400,27300,,2054000,2054000,,
609.5,-5900,-29549000,65870000,95419000,161289000,3136666.7,4543761.9,-14.7,890.5,0,41,4100,4000,20734000,5200,"2023-02-23T14:25:00.000Z",1677162300000,5200,5160,5160,97.6,2.4,0,6.7,0.1,,0,100,4200,31500,,21766000,21250000,516000,
