"abu","acum_busd","acum_busd_val","acum_val_bu","acum_val_sd","acum_val","avg_val_bu","avg_val_sd","rbusd","asd","auk","bs","bu","bu-sd","bu-sd_val","c","date","datetime","h","l","o","pbu","psd","puk","rbu","rsd","ruk","sb","sd","sum_vol","total_vol","uk","val","val_bu","val_sd","val_uk"
2181.4,-17300,-140933000,8065000,148998000,157063000,17692744.2,28185814,13.4,3495.3,165.1,0.1,1000,-17300,-140933000,8000,"2023-02-22T09:15:00.000Z",1677057300000,8160,8000,8160,5.2,94.8,0,0.5,5.2,,18.3,18300,19300,19300,,157063000,8065000,148998000,
2181.4,-20900,-169844000,8065000,177909000,185974000,17692744.2,28185814,2.8,3495.3,165.1,0,,-3600,-28911000,8100,"2023-02-22T09:20:00.000Z",1677057600000,8110,8000,8000,0,100,0,,1,,Infinity,3600,3600,22900,,28911000,,28911000,
2181.4,-15200,-123632000,110767000,234399000,350857000,17692744.2,28185814,-4.4,3495.3,165.1,1.8,12600,5700,46212000,8200,"2023-02-22T09:25:00.000Z",1677057900000,8220,8110,8130,62.4,34.2,3.5,5.8,2,4.2,0.5,6900,20200,43100,700,164883000,102702000,56490000,5691000
2181.4,-12400,-100672000,133727000,234399000,373817000,17692744.2,28185814,-2.2,3495.3,165.1,Infinity,2800,2800,22960000,8200,"2023-02-22T09:30:00.000Z",1677058200000,8200,8200,8200,100,0,0,1.3,,,0,,2800,45900,,22960000,22960000,,
2181.4,-14100,-114555000,135367000,249922000,390980000,17692744.2,28185814,1.3,3495.3,165.1,0.1,200,-1700,-13883000,8170,"2023-02-22T09:35:00.000Z",1677058500000,8200,8170,8200,9.5,90.5,0,0.1,0.5,,9.5,1900,2100,48000,,17163000,1640000,15523000,
2181.4,-16800,-136497000,167190000,303687000,476568000,17692744.2,28185814,2.1,3495.3,165.1,0.6,3900,-2700,-21942000,8110,"2023-02-22T09:40:00.000Z",1677058800000,8170,8110,8170,37.1,62.9,0,1.8,1.9,,1.7,6600,10500,58500,,85588000,31823000,53765000,
2181.4,-11300,-91561000,212938000,304499000,526376000,17692744.2,28185814,-4.3,3495.3,165.1,56,5600,5500,44936000,8170,"2023-02-22T09:45:00.000Z",1677059100000,8170,8120,8130,91.8,1.6,6.6,2.6,0,2.4,0,100,6100,64600,400,49808000,45748000,812000,3248000
2181.4,-8100,-65418000,239081000,304499000,552519000,17692744.2,28185814,-2.5,3495.3,165.1,Infinity,3200,3200,26143000,8170,"2023-02-22T09:50:00.000Z",1677059400000,8170,8160,8160,100,0,0,1.5,,,0,,3200,67800,,26143000,26143000,,
2181.4,-13500,-109408000,248066000,357474000,614479000,17692744.2,28185814,4.2,3495.3,165.1,0.2,1100,-5400,-43990000,8170,"2023-02-22T09:55:00.000Z",1677059700000,8170,8150,8170,14.5,85.5,0,0.5,1.9,,5.9,6500,7600,75400,,61960000,8985000,52975000,
2181.4,-3400,-26598000,330876000,357474000,697289000,17692744.2,28185814,-7.9,3495.3,165.1,Infinity,10100,10100,82810000,8200,"2023-02-22T10:00:00.000Z",1677060000000,8200,8190,8190,100,0,0,4.6,,,0,,10100,85500,,82810000,82810000,,
2181.4,-3100,-24138000,333336000,357474000,699749000,17692744.2,28185814,-0.2,3495.3,165.1,Infinity,300,300,2460000,8200,"2023-02-22T10:05:00.000Z",1677060300000,8200,8200,8200,100,0,0,0.1,,,0,,300,85800,,2460000,2460000,,
2181.4,-4800,-38038000,335796000,373834000,718569000,17692744.2,28185814,1.3,3495.3,165.1,0.2,300,-1700,-13900000,8180,"2023-02-22T10:10:00.000Z",1677060600000,8200,8180,8200,13,87,0,0.1,0.6,,6.7,2000,2300,88100,,18820000,2460000,16360000,
2181.4,-5800,-46208000,335796000,382004000,726739000,17692744.2,28185814,0.8,3495.3,165.1,0,,-1000,-8170000,8170,"2023-02-22T10:15:00.000Z",1677060900000,8170,8170,8170,0,100,0,,0.3,,Infinity,1000,1000,89100,,8170000,,8170000,
2181.4,-6000,-47842000,335796000,383638000,728373000,17692744.2,28185814,0.2,3495.3,165.1,0,,-200,-1634000,8170,"2023-02-22T10:20:00.000Z",1677061200000,8170,8170,8170,0,100,0,,0.1,,Infinity,200,200,89300,,1634000,,1634000,
2181.4,-7500,-60020000,366652000,426672000,830648000,17692744.2,28185814,1.2,3495.3,165.1,0.7,3800,-1500,-12178000,8100,"2023-02-22T10:25:00.000Z",1677061500000,8120,8100,8120,30.2,42.1,27.8,1.7,1.5,21.2,1.4,5300,12600,101900,3500,102275000,30856000,43034000,28385000
2181.4,-9200,-73807000,366652000,440459000,844435000,17692744.2,28185814,1.3,3495.3,165.1,0,,-1700,-13787000,8110,"2023-02-22T10:30:00.000Z",1677061800000,8110,8110,8110,0,100,0,,0.5,,Infinity,1700,1700,103600,,13787000,,13787000,
2181.4,-9900,-79476000,374772000,454248000,866344000,17692744.2,28185814,0.5,3495.3,165.1,0.6,1000,-700,-5669000,8110,"2023-02-22T10:35:00.000Z",1677062100000,8120,8110,8120,37,63,0,0.5,0.5,,1.7,1700,2700,106300,,21909000,8120000,13789000,
2181.4,-22300,-178916000,374772000,553688000,965784000,17692744.2,28185814,9.5,3495.3,165.1,0,,-12400,-99440000,8000,"2023-02-22T10:40:00.000Z",1677062400000,8100,8000,8100,0,100,0,,3.5,,Infinity,12400,12400,118700,,99440000,,99440000,
2181.4,-33400,-267716000,374772000,642488000,1054584000,17692744.2,28185814,8.5,3495.3,165.1,0,,-11100,-88800000,8000,"2023-02-22T10:45:00.000Z",1677062700000,8000,8000,8000,0,100,0,,3.2,,Infinity,11100,11100,129800,,88800000,,88800000,
2181.4,-34000,-272521000,374772000,647293000,1059389000,17692744.2,28185814,0.5,3495.3,165.1,0,,-600,-4805000,8000,"2023-02-22T10:55:00.000Z",1677063300000,8020,8000,8020,0,100,0,,0.2,,Infinity,600,600,130400,,4805000,,4805000,
2181.4,-36000,-288521000,374772000,663293000,1075389000,17692744.2,28185814,1.5,3495.3,165.1,0,,-2000,-16000000,8000,"2023-02-22T11:00:00.000Z",1677063600000,8000,8000,8000,0,100,0,,0.6,,Infinity,2000,2000,132400,,16000000,,16000000,
2181.4,-36700,-294121000,374772000,668893000,1080989000,17692744.2,28185814,0.5,3495.3,165.1,0,,-700,-5600000,8000,"2023-02-22T11:05:00.000Z",1677063900000,8000,8000,8000,0,100,0,,0.2,,Infinity,700,700,133100,,5600000,,5600000,
2181.4,-47800,-382921000,374772000,757693000,1171391000,17692744.2,28185814,8.5,3495.3,165.1,0,,-11100,-88800000,8000,"2023-02-22T11:10:00.000Z",1677064200000,8010,8000,8010,0,98.2,1.8,,3.2,1.2,Infinity,11100,11300,144400,200,90402000,,88800000,1602000
2181.4,-47900,-383721000,374772000,758493000,1173793000,17692744.2,28185814,0.1,3495.3,165.1,0,,-100,-800000,8000,"2023-02-22T11:15:00.000Z",1677064500000,8010,8000,8010,0,33.3,66.7,,0,1.2,Infinity,100,300,144700,200,2402000,,800000,1602000
2181.4,-56900,-455721000,374772000,830493000,1245793000,17692744.2,28185814,6.9,3495.3,165.1,0,,-9000,-72000000,8000,"2023-02-22T11:20:00.000Z",1677064800000,8000,8000,8000,0,100,0,,2.6,,Infinity,9000,9000,153700,,72000000,,72000000,
2181.4,-48400,-387631000,446862000,834493000,1321883000,17692744.2,28185814,-6.5,3495.3,165.1,18,9000,8500,68090000,8000,"2023-02-22T11:25:00.000Z",1677065100000,8010,8000,8010,94.7,5.3,0,4.1,0.1,,0.1,500,9500,163200,,76090000,72090000,4000000,
2181.4,-54600,-437288000,447663000,884951000,1381953000,17692744.2,28185814,4.7,3495.3,165.1,0,100,-6200,-49657000,8010,"2023-02-22T13:00:00.000Z",1677070800000,8020,8000,8010,1.3,84,14.7,0,1.8,6.7,63,6300,7500,170700,1100,60070000,801000,50458000,8811000
2181.4,-69500,-556459000,460488000,1016947000,1526774000,17692744.2,28185814,11.4,3495.3,165.1,0.1,1600,-14900,-119171000,8000,"2023-02-22T13:05:00.000Z",1677071100000,8050,7960,8050,8.8,91.2,0,0.7,4.7,,10.3,16500,18100,188800,,144821000,12825000,131996000,
2181.4,-68800,-550859000,466088000,1016947000,1532374000,17692744.2,28185814,-0.5,3495.3,165.1,Infinity,700,700,5600000,8000,"2023-02-22T13:10:00.000Z",1677071400000,8000,8000,8000,100,0,0,0.3,,,0,,700,189500,,5600000,5600000,,
2181.4,-69300,-554859000,466088000,1020947000,1536374000,17692744.2,28185814,0.4,3495.3,165.1,0,,-500,-4000000,8000,"2023-02-22T13:15:00.000Z",1677071700000,8000,8000,8000,0,100,0,,0.1,,Infinity,500,500,190000,,4000000,,4000000,
2181.4,-68600,-549259000,471688000,1020947000,1541974000,17692744.2,28185814,-0.5,3495.3,165.1,Infinity,700,700,5600000,8000,"2023-02-22T13:25:00.000Z",1677072300000,8000,8000,8000,100,0,0,0.3,,,0,,700,190700,,5600000,5600000,,
2181.4,-68500,-548459000,472488000,1020947000,1542774000,17692744.2,28185814,-0.1,3495.3,165.1,Infinity,100,100,800000,8000,"2023-02-22T13:30:00.000Z",1677072600000,8000,8000,8000,100,0,0,0,,,0,,100,190800,,800000,800000,,
2181.4,-65700,-526059000,494888000,1020947000,1565174000,17692744.2,28185814,-2.1,3495.3,165.1,Infinity,2800,2800,22400000,8000,"2023-02-22T13:35:00.000Z",1677072900000,8000,8000,8000,100,0,0,1.3,,,0,,2800,193600,,22400000,22400000,,
2181.4,-64500,-516459000,504488000,1020947000,1574774000,17692744.2,28185814,-0.9,3495.3,165.1,Infinity,1200,1200,9600000,8000,"2023-02-22T13:40:00.000Z",1677073200000,8000,8000,8000,100,0,0,0.6,,,0,,1200,194800,,9600000,9600000,,
2181.4,-51300,-410859000,610088000,1020947000,1680374000,17692744.2,28185814,-10.1,3495.3,165.1,Infinity,13200,13200,105600000,8000,"2023-02-22T13:45:00.000Z",1677073500000,8000,8000,8000,100,0,0,6.1,,,0,,13200,208000,,105600000,105600000,,
2181.4,-56300,-451584000,646313000,1097897000,1793549000,17692744.2,28185814,3.9,3495.3,165.1,0.5,4500,-5000,-40725000,8100,"2023-02-22T13:50:00.000Z",1677073800000,8100,8050,8050,32.1,67.9,0,2.1,2.7,,2.1,9500,14000,222000,,113175000,36225000,76950000,
2181.4,-59700,-479124000,646313000,1125437000,1821089000,17692744.2,28185814,2.6,3495.3,165.1,0,,-3400,-27540000,8100,"2023-02-22T13:55:00.000Z",1677074100000,8100,8100,8100,0,100,0,,1,,Infinity,3400,3400,225400,,27540000,,27540000,
2181.4,-57600,-462037000,664210000,1126247000,1847104000,17692744.2,28185814,-1.6,3495.3,165.1,22,2200,2100,17087000,8150,"2023-02-22T14:05:00.000Z",1677074700000,8150,8100,8120,68.8,3.1,28.1,1,0,5.5,0,100,3200,228600,900,26015000,17897000,810000,7308000
2181.4,-47500,-379346000,752620000,1131966000,1942050000,17692744.2,28185814,-7.9,3495.3,165.1,15.4,10800,10100,82691000,8170,"2023-02-22T14:10:00.000Z",1677075000000,8200,8170,8170,93.1,6,0.9,5,0.2,0.6,0.1,700,11600,240200,100,94946000,88410000,5719000,817000
2181.4,-47400,-378529000,753437000,1131966000,1942867000,17692744.2,28185814,-0.1,3495.3,165.1,Infinity,100,100,817000,8170,"2023-02-22T14:15:00.000Z",1677075300000,8170,8170,8170,100,0,0,0,,,0,,100,240300,,817000,817000,,
2181.4,-46900,-374444000,757522000,1131966000,1946952000,17692744.2,28185814,-0.4,3495.3,165.1,Infinity,500,500,4085000,8170,"2023-02-22T14:20:00.000Z",1677075600000,8170,8170,8170,100,0,0,0.2,,,0,,500,240800,,4085000,4085000,,
2181.4,-46700,-372802000,760788000,1133590000,1951842000,17692744.2,28185814,-0.2,3495.3,165.1,2,400,200,1642000,8120,"2023-02-22T14:25:00.000Z",1677075900000,8170,8120,8160,66.7,33.3,0,0.2,0.1,,0.5,200,600,241400,,4890000,3266000,1624000,
2181.4,-56500,-451202000,760788000,1211990000,2030242000,17692744.2,28185814,7.5,3495.3,165.1,0,,-9800,-78400000,8000,"2023-02-22T14:45:00.000Z",1677077100000,8000,8000,8000,0,100,0,,2.8,,Infinity,9800,9800,251200,,78400000,,78400000,
