"abu","acum_busd","acum_busd_val","acum_val_bu","acum_val_sd","acum_val","avg_val_bu","avg_val_sd","rbusd","asd","auk","bs","bu","bu-sd","bu-sd_val","c","date","datetime","h","l","o","pbu","psd","puk","rbu","rsd","ruk","sb","sd","sum_vol","total_vol","uk","val","val_bu","val_sd","val_uk"
24204.3,-57600,-1701140000,423245000,2124385000,4039470000,711082446.8,1424603404.3,2.4,48597.9,11129.8,0.2,14300,-57600,-1701140000,29500,"2023-02-22T09:15:00.000Z",1677057300000,29600,29500,29600,10.5,52.6,36.9,0.6,1.5,4.5,5,71900,136600,136600,50400,4039470000,423245000,2124385000,1491840000
24204.3,-121800,-3592745000,2483565000,6076310000,10051715000,711082446.8,1424603404.3,2.7,48597.9,11129.8,0.5,69800,-64200,-1891605000,29500,"2023-02-22T09:20:00.000Z",1677057600000,29550,29450,29500,34.2,65.8,0,2.9,2.8,,1.9,134000,203800,340400,,6012245000,2060320000,3951925000,
24204.3,-88500,-2609855000,5149105000,7758960000,14399905000,711082446.8,1424603404.3,-1.4,48597.9,11129.8,1.6,90200,33300,982890000,29600,"2023-02-22T09:25:00.000Z",1677057900000,29700,29450,29500,61.3,38.7,0,3.7,1.2,,0.6,56900,147100,487500,,4348190000,2665540000,1682650000,
24204.3,-95800,-2825505000,5715670000,8541175000,15748685000,711082446.8,1424603404.3,0.3,48597.9,11129.8,0.7,19100,-7300,-215650000,29650,"2023-02-22T09:30:00.000Z",1677058200000,29700,29600,29600,42,58,0,0.8,0.5,,1.4,26400,45500,533000,,1348780000,566565000,782215000,
24204.3,-130600,-3855510000,6088640000,9944150000,17524630000,711082446.8,1424603404.3,1.4,48597.9,11129.8,0.3,12600,-34800,-1030005000,29600,"2023-02-22T09:35:00.000Z",1677058500000,29650,29550,29650,21,79,0,0.5,1,,3.8,47400,60000,593000,,1775945000,372970000,1402975000,
24204.3,-198400,-5856500000,6881655000,12738155000,21111650000,711082446.8,1424603404.3,2.8,48597.9,11129.8,0.3,26800,-67800,-2000990000,29550,"2023-02-22T09:40:00.000Z",1677058800000,29600,29500,29600,22.1,77.9,0,1.1,1.9,,3.5,94600,121400,714400,,3587020000,793015000,2794005000,
24204.3,-222900,-6579050000,6996905000,13575955000,22064700000,711082446.8,1424603404.3,1,48597.9,11129.8,0.1,3900,-24500,-722550000,29500,"2023-02-22T09:45:00.000Z",1677059100000,29600,29500,29600,12.1,87.9,0,0.2,0.6,,7.3,28400,32300,746700,,953050000,115250000,837800000,
24204.3,-306900,-9055385000,7156230000,16211615000,25030785000,711082446.8,1424603404.3,3.5,48597.9,11129.8,0.1,5400,-84000,-2476335000,29450,"2023-02-22T09:50:00.000Z",1677059400000,29550,29450,29500,5.4,88.9,5.8,0.2,1.8,0.5,16.6,89400,100600,847300,5800,2966085000,159325000,2635660000,171100000
24204.3,-327300,-9654410000,7668920000,17323330000,26655190000,711082446.8,1424603404.3,0.8,48597.9,11129.8,0.5,17400,-20400,-599025000,29500,"2023-02-22T09:55:00.000Z",1677059700000,29500,29400,29450,31.5,68.5,0,0.7,0.8,,2.2,37800,55200,902500,,1624405000,512690000,1111715000,
24204.3,-279700,-8249230000,9422155000,17671385000,28756480000,711082446.8,1424603404.3,-2,48597.9,11129.8,5,59400,47600,1405180000,29550,"2023-02-22T10:00:00.000Z",1677060000000,29550,29450,29500,83.4,16.6,0,2.5,0.2,,0.2,11800,71200,973700,,2101290000,1753235000,348055000,
24204.3,-275100,-8112695000,9915640000,18028335000,29606915000,711082446.8,1424603404.3,-0.2,48597.9,11129.8,1.4,16700,4600,136535000,29500,"2023-02-22T10:05:00.000Z",1677060300000,29550,29500,29550,58,42,0,0.7,0.2,,0.7,12100,28800,1002500,,850435000,493485000,356950000,
24204.3,-322500,-9510750000,10060435000,19571185000,31294560000,711082446.8,1424603404.3,2,48597.9,11129.8,0.1,4900,-47400,-1398055000,29500,"2023-02-22T10:10:00.000Z",1677060600000,29550,29500,29550,8.6,91.4,0,0.2,1.1,,10.7,52300,57200,1059700,,1687645000,144795000,1542850000,
24204.3,-313800,-9254005000,10373135000,19627140000,31663215000,711082446.8,1424603404.3,-0.4,48597.9,11129.8,5.6,10600,8700,256745000,29450,"2023-02-22T10:15:00.000Z",1677060900000,29500,29450,29500,84.8,15.2,0,0.4,0,,0.2,1900,12500,1072200,,368655000,312700000,55955000,
24204.3,-293900,-8666955000,10974935000,19641890000,32279765000,711082446.8,1424603404.3,-0.8,48597.9,11129.8,40.8,20400,19900,587050000,29500,"2023-02-22T10:20:00.000Z",1677061200000,29500,29500,29500,97.6,2.4,0,0.8,0,,0,500,20900,1093100,,616550000,601800000,14750000,
24204.3,-310100,-9143780000,11199020000,20342800000,33204760000,711082446.8,1424603404.3,0.7,48597.9,11129.8,0.3,7600,-16200,-476825000,29450,"2023-02-22T10:25:00.000Z",1677061500000,29500,29450,29500,24.2,75.8,0,0.3,0.5,,3.1,23800,31400,1124500,,924995000,224085000,700910000,
24204.3,-329000,-9699580000,11284425000,20984005000,33966710000,711082446.8,1424603404.3,0.8,48597.9,11129.8,0.1,2900,-18900,-555800000,29450,"2023-02-22T10:30:00.000Z",1677061800000,29450,29400,29450,11.2,84.2,4.6,0.1,0.4,0.1,7.5,21800,25900,1150400,1200,761950000,85405000,641205000,35340000
24204.3,-422300,-12438250000,12112565000,24550815000,38361660000,711082446.8,1424603404.3,3.8,48597.9,11129.8,0.2,28200,-93300,-2738670000,29250,"2023-02-22T10:35:00.000Z",1677062100000,29450,29250,29450,18.8,81.2,0,1.2,2.5,,4.3,121500,149700,1300100,,4394950000,828140000,3566810000,
24204.3,-490800,-14438715000,12439815000,26878530000,41022475000,711082446.8,1424603404.3,2.8,48597.9,11129.8,0.1,11200,-68500,-2000465000,29150,"2023-02-22T10:40:00.000Z",1677062400000,29300,29150,29250,12.3,87.5,0.2,0.5,1.6,0,7.1,79700,91100,1391200,200,2660815000,327250000,2327715000,5850000
24204.3,-479000,-14094130000,13038440000,27132570000,41875140000,711082446.8,1424603404.3,-0.5,48597.9,11129.8,2.4,20500,11800,344585000,29200,"2023-02-22T10:45:00.000Z",1677062700000,29250,29200,29200,70.2,29.8,0,0.8,0.2,,0.4,8700,29200,1420400,,852665000,598625000,254040000,
24204.3,-521100,-15322240000,13287035000,28609275000,43603360000,711082446.8,1424603404.3,1.7,48597.9,11129.8,0.2,8500,-42100,-1228110000,29250,"2023-02-22T10:50:00.000Z",1677063000000,29250,29150,29200,14.4,85.5,0.2,0.4,1,0,6,50600,59200,1479600,100,1728220000,248595000,1476705000,2920000
24204.3,-535000,-15728200000,13342705000,29070905000,44120660000,711082446.8,1424603404.3,0.6,48597.9,11129.8,0.1,1900,-13900,-405960000,29300,"2023-02-22T10:55:00.000Z",1677063300000,29300,29200,29300,10.7,89.3,0,0.1,0.3,,8.3,15800,17700,1497300,,517300000,55670000,461630000,
24204.3,-548000,-16107740000,13445120000,29552860000,44705030000,711082446.8,1424603404.3,0.5,48597.9,11129.8,0.2,3500,-13000,-379540000,29250,"2023-02-22T11:00:00.000Z",1677063600000,29300,29200,29300,17.5,82.5,0,0.1,0.3,,4.7,16500,20000,1517300,,584370000,102415000,481955000,
24204.3,-537700,-15804860000,14846195000,30651055000,47204300000,711082446.8,1424603404.3,-0.4,48597.9,11129.8,1.3,47900,10300,302880000,29250,"2023-02-22T11:05:00.000Z",1677063900000,29250,29200,29250,56,44,0,2,0.8,,0.8,37600,85500,1602800,,2499270000,1401075000,1098195000,
24204.3,-575200,-16900970000,15464425000,32365395000,49583750000,711082446.8,1424603404.3,1.5,48597.9,11129.8,0.4,21100,-37500,-1096110000,29300,"2023-02-22T11:10:00.000Z",1677064200000,29300,29250,29250,26,72.1,2,0.9,1.2,0.1,2.8,58600,81300,1684100,1600,2379450000,618230000,1714340000,46880000
24204.3,-643900,-18905805000,15819455000,34725260000,52298645000,711082446.8,1424603404.3,2.8,48597.9,11129.8,0.1,12100,-68700,-2004835000,29150,"2023-02-22T11:15:00.000Z",1677064500000,29350,29150,29300,13,87,0,0.5,1.7,,6.7,80800,92900,1777000,,2714895000,355030000,2359865000,
24204.3,-677800,-19894245000,15986175000,35880420000,53620525000,711082446.8,1424603404.3,1.4,48597.9,11129.8,0.1,5700,-33900,-988440000,29250,"2023-02-22T11:20:00.000Z",1677064800000,29300,29150,29200,12.6,87.4,0,0.2,0.8,,6.9,39600,45300,1822300,,1321880000,166720000,1155160000,
24204.3,-706700,-20738095000,16138045000,36876140000,54768115000,711082446.8,1424603404.3,1.2,48597.9,11129.8,0.2,5200,-28900,-843850000,29200,"2023-02-22T11:25:00.000Z",1677065100000,29250,29200,29200,13.2,86.8,0,0.2,0.7,,6.6,34100,39300,1861600,,1147590000,151870000,995720000,
24204.3,-741900,-21761585000,17077135000,38838720000,57669785000,711082446.8,1424603404.3,1.4,48597.9,11129.8,0.5,32200,-35200,-1023490000,29100,"2023-02-22T13:00:00.000Z",1677070800000,29200,29050,29150,32.3,67.7,0,1.3,1.4,,2.1,67400,99600,1961200,,2901670000,939090000,1962580000,
24204.3,-747600,-21926485000,17884185000,39810670000,59448785000,711082446.8,1424603404.3,0.2,48597.9,11129.8,0.8,27700,-5700,-164900000,29150,"2023-02-22T13:05:00.000Z",1677071100000,29150,29100,29100,45.3,54.7,0,1.1,0.7,,1.2,33400,61100,2022300,,1779000000,807050000,971950000,
24204.3,-735200,-21563895000,18705470000,40269365000,60728765000,711082446.8,1424603404.3,-0.5,48597.9,11129.8,1.8,28100,12400,362590000,29250,"2023-02-22T13:10:00.000Z",1677071400000,29250,29150,29150,64.2,35.8,0,1.2,0.3,,0.6,15700,43800,2066100,,1279980000,821285000,458695000,
24204.3,-754700,-22131900000,19197160000,41329060000,62280150000,711082446.8,1424603404.3,0.8,48597.9,11129.8,0.5,16800,-19500,-568005000,29150,"2023-02-22T13:15:00.000Z",1677071700000,29300,29150,29250,31.6,68.4,0,0.7,0.7,,2.2,36300,53100,2119200,,1551385000,491690000,1059695000,
24204.3,-716900,-21025275000,20954945000,41980220000,64689095000,711082446.8,1424603404.3,-1.6,48597.9,11129.8,2.7,60100,37800,1106625000,29250,"2023-02-22T13:20:00.000Z",1677072000000,29300,29200,29200,72.9,27.1,0,2.5,0.5,,0.4,22300,82400,2201600,,2408945000,1757785000,651160000,
24204.3,-680500,-19959700000,22269045000,42228745000,66251720000,711082446.8,1424603404.3,-1.5,48597.9,11129.8,5.3,44900,36400,1065575000,29300,"2023-02-22T13:25:00.000Z",1677072300000,29300,29200,29200,84.1,15.9,0,1.9,0.2,,0.2,8500,53400,2255000,,1562625000,1314100000,248525000,
24204.3,-672600,-19728055000,23089620000,42817675000,67661225000,711082446.8,1424603404.3,-0.3,48597.9,11129.8,1.4,28000,7900,231645000,29300,"2023-02-22T13:30:00.000Z",1677072600000,29350,29300,29300,58.2,41.8,0,1.2,0.4,,0.7,20100,48100,2303100,,1409505000,820575000,588930000,
24204.3,-665900,-19531145000,23637530000,43168675000,68560135000,711082446.8,1424603404.3,-0.3,48597.9,11129.8,1.6,18700,6700,196910000,29300,"2023-02-22T13:35:00.000Z",1677072900000,29300,29250,29250,60.9,39.1,0,0.8,0.2,,0.6,12000,30700,2333800,,898910000,547910000,351000000,
24204.3,-641000,-18800290000,24383035000,43183325000,69320290000,711082446.8,1424603404.3,-1,48597.9,11129.8,50.8,25400,24900,730855000,29400,"2023-02-22T13:40:00.000Z",1677073200000,29400,29300,29300,98.1,1.9,0,1,0,,0,500,25900,2359700,,760155000,745505000,14650000,
24204.3,-594900,-17442430000,25929375000,43371805000,71337830000,711082446.8,1424603404.3,-1.9,48597.9,11129.8,8.2,52500,46100,1357860000,29450,"2023-02-22T13:45:00.000Z",1677073500000,29500,29400,29400,76.6,9.3,14,2.2,0.1,0.9,0.1,6400,68500,2428200,9600,2017540000,1546340000,188480000,282720000
24204.3,-604400,-17721080000,26479705000,44200785000,72717140000,711082446.8,1424603404.3,0.4,48597.9,11129.8,0.7,18700,-9500,-278650000,29350,"2023-02-22T13:50:00.000Z",1677073800000,29450,29350,29450,39.9,60.1,0,0.8,0.6,,1.5,28200,46900,2475100,,1379310000,550330000,828980000,
24204.3,-647900,-18996060000,26520760000,45516820000,74074230000,711082446.8,1424603404.3,1.8,48597.9,11129.8,0,1400,-43500,-1274980000,29300,"2023-02-22T13:55:00.000Z",1677074100000,29350,29300,29350,3,97,0,0.1,0.9,,32.1,44900,46300,2521400,,1357090000,41055000,1316035000,
24204.3,-583400,-17100645000,28700885000,45801530000,76539065000,711082446.8,1424603404.3,-2.7,48597.9,11129.8,7.6,74200,64500,1895415000,29400,"2023-02-22T14:00:00.000Z",1677074400000,29400,29300,29300,88.4,11.6,0,3.1,0.2,,0.1,9700,83900,2605300,,2464835000,2180125000,284710000,
24204.3,-559700,-16401175000,29959905000,46361080000,78357635000,711082446.8,1424603404.3,-1,48597.9,11129.8,2.2,42700,23700,699470000,29450,"2023-02-22T14:05:00.000Z",1677074700000,29500,29450,29450,69.2,30.8,0,1.8,0.4,,0.4,19000,61700,2667000,,1818570000,1259020000,559550000,
24204.3,-619600,-18164045000,30748055000,48912100000,81696805000,711082446.8,1424603404.3,2.5,48597.9,11129.8,0.3,26800,-59900,-1762870000,29350,"2023-02-22T14:10:00.000Z",1677075000000,29500,29350,29450,23.6,76.4,0,1.1,1.8,,3.2,86700,113500,2780500,,3339170000,788150000,2551020000,
24204.3,-726300,-21292020000,30979935000,52271955000,85288540000,711082446.8,1424603404.3,4.4,48597.9,11129.8,0.1,7900,-106700,-3127975000,29300,"2023-02-22T14:15:00.000Z",1677075300000,29400,29300,29400,6.4,93.6,0,0.3,2.4,,14.5,114600,122500,2903000,,3591735000,231880000,3359855000,
24204.3,-917800,-26884140000,32505405000,59389545000,93931600000,711082446.8,1424603404.3,7.8,48597.9,11129.8,0.2,52300,-191500,-5592120000,29200,"2023-02-22T14:20:00.000Z",1677075600000,29300,29100,29300,17.7,82.3,0,2.2,5,,4.7,243800,296100,3199100,,8643060000,1525470000,7117590000,
24204.3,-1126500,-32955485000,33420875000,66376360000,101833885000,711082446.8,1424603404.3,8.5,48597.9,11129.8,0.1,31400,-208700,-6071345000,29050,"2023-02-22T14:25:00.000Z",1677075900000,29200,29000,29200,11.6,88.4,0,1.3,4.9,,7.6,240100,271500,3470600,,7902285000,915470000,6986815000,
24204.3,-1146500,-33535485000,33420875000,66956360000,102413885000,711082446.8,1424603404.3,0.8,48597.9,11129.8,0,,-20000,-580000000,29000,"2023-02-22T14:30:00.000Z",1677076200000,29000,29000,29000,0,100,0,,0.4,,Infinity,20000,20000,3490600,,580000000,,580000000,
24204.3,-1146500,-33535485000,33420875000,66956360000,115540265000,711082446.8,1424603404.3,0,48597.9,11129.8,NaN,,0,0,28900,"2023-02-22T14:45:00.000Z",1677077100000,28900,28900,28900,0,0,100,,,40.8,NaN,,454200,3944800,454200,13126380000,,,13126380000
