"abu","acum_busd","acum_busd_val","acum_val_bu","acum_val_sd","acum_val","avg_val_bu","avg_val_sd","rbusd","asd","auk","bs","bu","bu-sd","bu-sd_val","c","date","datetime","h","l","o","pbu","psd","puk","rbu","rsd","ruk","sb","sd","sum_vol","total_vol","uk","val","val_bu","val_sd","val_uk"
252555.3,-29000,-342695000,7189095000,7531790000,26507105000,3069493191.5,3686755744.7,0.6,303889.4,21083,1,583600,-29000,-342695000,12350,"2023-02-22T09:15:00.000Z",1677057300000,12500,12200,12300,27.1,28.4,44.5,2.3,2,45.4,1,612600,2154400,2154400,958200,26507105000,7189095000,7531790000,11786220000
252555.3,-420100,-5131000000,9616525000,14747525000,36322995000,3069493191.5,3686755744.7,7.8,303889.4,21083,0.3,197300,-391100,-4788305000,12300,"2023-02-22T09:20:00.000Z",1677057600000,12400,12200,12300,24.7,73.6,1.8,0.8,1.9,0.7,3,588400,799800,2954200,14100,9815890000,2427430000,7215735000,172725000
252555.3,650100,8120120000,23563460000,15443340000,50965745000,3069493191.5,3686755744.7,-21.5,303889.4,21083,20,1126500,1070200,13251120000,12450,"2023-02-22T09:25:00.000Z",1677057900000,12500,12250,12250,95.2,4.8,0,4.5,0.2,,0,56300,1182800,4137000,,14642750000,13946935000,695815000,
252555.3,439400,5499295000,26212875000,20713580000,58885400000,3069493191.5,3686755744.7,4.2,303889.4,21083,0.5,211500,-210700,-2620825000,12450,"2023-02-22T09:30:00.000Z",1677058200000,12550,12400,12500,33.4,66.6,0,0.8,1.4,,2,422200,633700,4770700,,7919655000,2649415000,5270240000,
252555.3,333600,4190085000,27225080000,23034995000,62219020000,3069493191.5,3686755744.7,2.1,303889.4,21083,0.4,81300,-105800,-1309210000,12400,"2023-02-22T09:35:00.000Z",1677058500000,12500,12400,12400,30.3,69.7,0,0.3,0.6,,2.3,187100,268400,5039100,,3333620000,1012205000,2321415000,
252555.3,238800,3016405000,27683240000,24666835000,64309020000,3069493191.5,3686755744.7,1.9,303889.4,21083,0.3,36800,-94800,-1173680000,12400,"2023-02-22T09:40:00.000Z",1677058800000,12450,12400,12400,21.9,78.1,0,0.1,0.4,,3.6,131600,168400,5207500,,2090000000,458160000,1631840000,
252555.3,-46600,-512995000,28398780000,28911775000,69269500000,3069493191.5,3686755744.7,5.7,303889.4,21083,0.2,57900,-285400,-3529400000,12350,"2023-02-22T09:45:00.000Z",1677059100000,12450,12300,12400,14.4,85.6,0,0.2,1.1,,5.9,343300,401200,5608700,,4960480000,715540000,4244940000,
252555.3,-162600,-1938250000,28780395000,30718645000,71457985000,3069493191.5,3686755744.7,2.3,303889.4,21083,0.2,30900,-116000,-1425255000,12300,"2023-02-22T09:50:00.000Z",1677059400000,12350,12300,12350,17.4,82.6,0,0.1,0.5,,4.8,146900,177800,5786500,,2188485000,381615000,1806870000,
252555.3,-52500,-575000000,30980275000,31555275000,74494495000,3069493191.5,3686755744.7,-2.2,303889.4,21083,2.6,178100,110100,1363250000,12400,"2023-02-22T09:55:00.000Z",1677059700000,12400,12300,12350,72.4,27.6,0,0.7,0.2,,0.4,68000,246100,6032600,,3036510000,2199880000,836630000,
252555.3,236300,3016705000,34770420000,31753715000,78483080000,3069493191.5,3686755744.7,-5.8,303889.4,21083,19.1,304800,288800,3591705000,12450,"2023-02-22T10:00:00.000Z",1677060000000,12500,12350,12400,95,5,0,1.2,0.1,,0.1,16000,320800,6353400,,3988585000,3790145000,198440000,
252555.3,197700,2538345000,35465510000,32927165000,80351620000,3069493191.5,3686755744.7,0.8,303889.4,21083,0.6,55700,-38600,-478360000,12400,"2023-02-22T10:05:00.000Z",1677060300000,12500,12400,12500,37.1,62.9,0,0.2,0.3,,1.7,94300,150000,6503400,,1868540000,695090000,1173450000,
252555.3,75100,1019580000,35856345000,34836765000,82652055000,3069493191.5,3686755744.7,2.5,303889.4,21083,0.2,31400,-122600,-1518765000,12400,"2023-02-22T10:10:00.000Z",1677060600000,12450,12400,12450,16.9,83.1,0,0.1,0.5,,4.9,154000,185400,6688800,,2300435000,390835000,1909600000,
252555.3,28200,441025000,36183705000,35742680000,83885330000,3069493191.5,3686755744.7,0.9,303889.4,21083,0.4,26400,-46900,-578555000,12400,"2023-02-22T10:15:00.000Z",1677060900000,12400,12350,12400,26.5,73.5,0,0.1,0.2,,2.8,73300,99700,6788500,,1233275000,327360000,905915000,
252555.3,37500,558890000,36930185000,36371295000,85260425000,3069493191.5,3686755744.7,-0.2,303889.4,21083,1.2,60200,9300,117865000,12400,"2023-02-22T10:20:00.000Z",1677061200000,12400,12350,12400,54.2,45.8,0,0.2,0.2,,0.8,50900,111100,6899600,,1375095000,746480000,628615000,
252555.3,10400,224820000,37082705000,36857885000,85899535000,3069493191.5,3686755744.7,0.5,303889.4,21083,0.3,12300,-27100,-334070000,12400,"2023-02-22T10:25:00.000Z",1677061500000,12400,12350,12350,23.8,76.2,0,0,0.1,,3.2,39400,51700,6951300,,639110000,152520000,486590000,
252555.3,-126400,-1463375000,37253425000,38716800000,87929170000,3069493191.5,3686755744.7,2.7,303889.4,21083,0.1,13800,-136800,-1688195000,12350,"2023-02-22T10:30:00.000Z",1677061800000,12400,12300,12400,8.4,91.6,0,0.1,0.5,,10.9,150600,164400,7115700,,2029635000,170720000,1858915000,
252555.3,-77800,-860975000,38394565000,39255540000,89609050000,3069493191.5,3686755744.7,-1,303889.4,21083,2.1,92400,48600,602400000,12350,"2023-02-22T10:35:00.000Z",1677062100000,12350,12300,12350,67.8,32.2,0,0.4,0.1,,0.5,43800,136200,7251900,,1679880000,1141140000,538740000,
252555.3,-779200,-9474085000,39062980000,48537065000,99565115000,3069493191.5,3686755744.7,14,303889.4,21083,0.1,54300,-701400,-8613110000,12250,"2023-02-22T10:40:00.000Z",1677062400000,12350,12250,12350,6.7,93.2,0.1,0.2,2.5,0,13.9,755700,810500,8062400,500,9956065000,668415000,9281525000,6125000
252555.3,-693100,-8416605000,40792680000,49209285000,101967035000,3069493191.5,3686755744.7,-1.7,303889.4,21083,2.6,141200,86100,1057480000,12250,"2023-02-22T10:45:00.000Z",1677062700000,12250,12200,12200,71.9,28.1,0,0.6,0.2,,0.4,55100,196300,8258700,,2401920000,1729700000,672220000,
252555.3,-793500,-9638080000,41626905000,51264985000,104856960000,3069493191.5,3686755744.7,2,303889.4,21083,0.4,68100,-100400,-1221475000,12200,"2023-02-22T10:50:00.000Z",1677063000000,12250,12200,12250,28.8,71.2,0,0.3,0.6,,2.5,168500,236600,8495300,,2889925000,834225000,2055700000,
252555.3,-1136800,-13824405000,42807925000,56632330000,111405325000,3069493191.5,3686755744.7,6.8,303889.4,21083,0.2,96800,-343300,-4186325000,12200,"2023-02-22T10:55:00.000Z",1677063300000,12250,12150,12250,18,82,0,0.4,1.4,,4.5,440100,536900,9032200,,6548365000,1181020000,5367345000,
252555.3,-1212900,-14746885000,43328865000,58075750000,113369685000,3069493191.5,3686755744.7,1.5,303889.4,21083,0.4,42700,-76100,-922480000,12150,"2023-02-22T11:00:00.000Z",1677063600000,12200,12150,12200,26.4,73.6,0,0.2,0.4,,2.8,118800,161500,9193700,,1964360000,520940000,1443420000,
252555.3,-1258200,-15295895000,43666805000,58962700000,114594575000,3069493191.5,3686755744.7,0.9,303889.4,21083,0.4,27700,-45300,-549010000,12200,"2023-02-22T11:05:00.000Z",1677063900000,12200,12150,12200,27.5,72.5,0,0.1,0.2,,2.6,73000,100700,9294400,,1224890000,337940000,886950000,
252555.3,-1235300,-15014235000,44502505000,59516740000,115984315000,3069493191.5,3686755744.7,-0.5,303889.4,21083,1.5,68500,22900,281660000,12200,"2023-02-22T11:10:00.000Z",1677064200000,12200,12150,12200,60,40,0,0.3,0.2,,0.7,45600,114100,9408500,,1389740000,835700000,554040000,
252555.3,-1005000,-12201390000,47744735000,59946125000,119655930000,3069493191.5,3686755744.7,-4.6,303889.4,21083,7.5,265500,230300,2812845000,12250,"2023-02-22T11:15:00.000Z",1677064500000,12250,12150,12150,88.3,11.7,0,1.1,0.1,,0.1,35200,300700,9709200,,3671615000,3242230000,429385000,
252555.3,-1039600,-12621105000,48333960000,60955065000,121254095000,3069493191.5,3686755744.7,0.7,303889.4,21083,0.6,48100,-34600,-419715000,12200,"2023-02-22T11:20:00.000Z",1677064800000,12250,12200,12250,36.8,63.2,0,0.2,0.3,,1.7,82700,130800,9840000,,1598165000,589225000,1008940000,
252555.3,-1417700,-17217710000,49986270000,67203980000,129155320000,3069493191.5,3686755744.7,7.4,303889.4,21083,0.3,135400,-378100,-4596605000,12100,"2023-02-22T11:25:00.000Z",1677065100000,12250,12100,12250,20.9,79.1,0,0.5,1.7,,3.8,513500,648900,10488900,,7901225000,1652310000,6248915000,
252555.3,-3255700,-39253355000,59264600000,98517955000,169882585000,3069493191.5,3686755744.7,35.7,303889.4,21083,0.3,767200,-1838000,-22035645000,12000,"2023-02-22T13:00:00.000Z",1677070800000,12150,12000,12100,22.7,77,0.3,3,8.6,0.5,3.4,2605200,3383600,13872500,11200,40727265000,9278330000,31313975000,134960000
252555.3,-4441200,-53479095000,62911660000,116390755000,191402445000,3069493191.5,3686755744.7,23,303889.4,21083,0.2,303900,-1185500,-14225740000,12000,"2023-02-22T13:05:00.000Z",1677071100000,12050,12000,12000,16.9,83.1,0,1.2,4.9,,4.9,1489400,1793300,15665800,,21519860000,3647060000,17872800000,
252555.3,-4163500,-50146695000,66244060000,116390755000,194734845000,3069493191.5,3686755744.7,-5.4,303889.4,21083,Infinity,277700,277700,3332400000,12000,"2023-02-22T13:10:00.000Z",1677071400000,12000,12000,12000,100,0,0,1.1,,,0,,277700,15943500,,3332400000,3332400000,,
252555.3,-3900900,-46995495000,69395260000,116390755000,197886045000,3069493191.5,3686755744.7,-5.1,303889.4,21083,Infinity,262600,262600,3151200000,12000,"2023-02-22T13:15:00.000Z",1677071700000,12000,12000,12000,100,0,0,1,,,0,,262600,16206100,,3151200000,3151200000,,
252555.3,-3732600,-44975895000,71414860000,116390755000,199905645000,3069493191.5,3686755744.7,-3.3,303889.4,21083,Infinity,168300,168300,2019600000,12000,"2023-02-22T13:20:00.000Z",1677072000000,12000,12000,12000,100,0,0,0.7,,,0,,168300,16374400,,2019600000,2019600000,,
252555.3,-3567300,-42992295000,73398460000,116390755000,201889245000,3069493191.5,3686755744.7,-3.2,303889.4,21083,Infinity,165300,165300,1983600000,12000,"2023-02-22T13:25:00.000Z",1677072300000,12000,12000,12000,100,0,0,0.7,,,0,,165300,16539700,,1983600000,1983600000,,
252555.3,-3489300,-42056295000,74334460000,116390755000,202825245000,3069493191.5,3686755744.7,-1.5,303889.4,21083,Infinity,78000,78000,936000000,12000,"2023-02-22T13:30:00.000Z",1677072600000,12000,12000,12000,100,0,0,0.3,,,0,,78000,16617700,,936000000,936000000,,
252555.3,-3393600,-40907895000,75482860000,116390755000,203973645000,3069493191.5,3686755744.7,-1.9,303889.4,21083,Infinity,95700,95700,1148400000,12000,"2023-02-22T13:35:00.000Z",1677072900000,12000,12000,12000,100,0,0,0.4,,,0,,95700,16713400,,1148400000,1148400000,,
252555.3,-3118800,-37610295000,78780460000,116390755000,207271245000,3069493191.5,3686755744.7,-5.3,303889.4,21083,Infinity,274800,274800,3297600000,12000,"2023-02-22T13:40:00.000Z",1677073200000,12000,12000,12000,100,0,0,1.1,,,0,,274800,16988200,,3297600000,3297600000,,
252555.3,-269600,-3351195000,117462765000,120813960000,250460050000,3069493191.5,3686755744.7,-55.5,303889.4,21083,8.9,3211300,2849200,34259100000,12200,"2023-02-22T13:45:00.000Z",1677073500000,12350,12000,12000,89.7,10.1,0.2,12.7,1.2,0.3,0.1,362100,3580200,20568400,6800,43188805000,38682305000,4423205000,83295000
252555.3,-995100,-12057315000,121591480000,133648795000,267423600000,3069493191.5,3686755744.7,14.1,303889.4,21083,0.3,342100,-725500,-8706120000,12100,"2023-02-22T13:50:00.000Z",1677073800000,12200,12000,12200,24.3,75.7,0,1.4,3.5,,3.1,1067600,1409700,21978100,,16963550000,4128715000,12834835000,
252555.3,-1044000,-12646205000,122134825000,134781030000,269099180000,3069493191.5,3686755744.7,1,303889.4,21083,0.5,44900,-48900,-588890000,12100,"2023-02-22T13:55:00.000Z",1677074100000,12150,12050,12100,32.4,67.6,0,0.2,0.3,,2.1,93800,138700,22116800,,1675580000,543345000,1132235000,
252555.3,-844400,-10214480000,126036105000,136250585000,274470015000,3069493191.5,3686755744.7,-3.9,303889.4,21083,2.6,321500,199600,2431725000,12200,"2023-02-22T14:00:00.000Z",1677074400000,12200,12050,12100,72.5,27.5,0,1.3,0.4,,0.4,121900,443400,22560200,,5370835000,3901280000,1469555000,
252555.3,-646100,-7777245000,130020230000,137797475000,280002250000,3069493191.5,3686755744.7,-3.9,303889.4,21083,2.6,324500,198300,2437235000,12250,"2023-02-22T14:05:00.000Z",1677074700000,12300,12200,12200,72,28,0,1.3,0.4,0,0.4,126200,450800,23011000,100,5532235000,3984125000,1546890000,1220000
252555.3,-1249800,-15082505000,131125780000,146208285000,289518610000,3069493191.5,3686755744.7,11.8,303889.4,21083,0.1,91000,-603700,-7305260000,12000,"2023-02-22T14:10:00.000Z",1677075000000,12250,12000,12200,11.6,88.4,0,0.4,2.3,,7.6,694700,785700,23796700,,9516360000,1105550000,8410810000,
252555.3,-1350100,-16280935000,133394505000,149675440000,295254490000,3069493191.5,3686755744.7,1.9,303889.4,21083,0.7,188200,-100300,-1198430000,12050,"2023-02-22T14:15:00.000Z",1677075300000,12100,12000,12000,39.5,60.5,0,0.7,0.9,,1.5,288500,476700,24273400,,5735880000,2268725000,3467155000,
252555.3,-1207000,-14548915000,136966125000,151515040000,300665710000,3069493191.5,3686755744.7,-2.8,303889.4,21083,1.9,296400,143100,1732020000,12050,"2023-02-22T14:20:00.000Z",1677075600000,12050,12000,12050,65.9,34.1,0,1.2,0.5,,0.5,153300,449700,24723100,,5411220000,3571620000,1839600000,
252555.3,-2611400,-31395740000,141881780000,173277520000,327343845000,3069493191.5,3686755744.7,27.3,303889.4,21083,0.2,408800,-1404400,-16846825000,12000,"2023-02-22T14:25:00.000Z",1677075900000,12050,12000,12050,18.4,81.6,0,1.6,6,,4.4,1813200,2222000,26945100,,26678135000,4915655000,21762480000,
252555.3,-2610400,-31383740000,141893780000,173277520000,327355845000,3069493191.5,3686755744.7,0,303889.4,21083,Infinity,1000,1000,12000000,12000,"2023-02-22T14:30:00.000Z",1677076200000,12000,12000,12000,100,0,0,0,,,0,,1000,26946100,,12000000,12000000,,
252555.3,-2412700,-29011340000,144266180000,173277520000,329728245000,3069493191.5,3686755744.7,-3.8,303889.4,21083,Infinity,197700,197700,2372400000,12000,"2023-02-22T14:45:00.000Z",1677077100000,12000,12000,12000,100,0,0,0.8,,,0,,197700,27143800,,2372400000,2372400000,,
