"acum_busd","acum_busd_val","acum_val","bu","bu-sd","bu-sd_val","date","datetime","sd","sum_vol","total_vol","uk","val","val_bu","val_sd","val_uk"
873700,23013559000,120509198000,2776700,873700,23013559000,"2023-01-09T09:14:00.000Z",1673255640000,1903000,7729900,7729900,3050200,120509198000,49189760000,26176201000,45143237000
2247200,45513859000,192565629000,3076600,1373500,22500300000,"2023-01-09T09:16:00.000Z",1673255760000,1703100,4807300,12537200,27600,72056431000,47085708000,24585408000,385315000
3720900,67522685000,273500057000,3304500,1473700,22008826000,"2023-01-09T09:18:00.000Z",1673255880000,1830800,5151200,17688400,15900,80934428000,51350522000,29341696000,242210000
5496600,99883998000,369718879000,3698000,1775700,32361313000,"2023-01-09T09:20:00.000Z",1673256000000,1922300,5661800,23350200,41500,96218822000,63909972000,31548659000,760191000
5792100,99551884000,466956058000,2991000,295500,-332114000,"2023-01-09T09:22:00.000Z",1673256120000,2695500,5718200,29068400,31700,97237179000,48116572000,48448686000,671921000
4660200,80554215000,538195529000,1596600,-1131900,-18997669000,"2023-01-09T09:24:00.000Z",1673256240000,2728500,4377300,33445700,52200,71239471000,25876276000,44873945000,489250000
3800800,66207746000,592030386000,1178700,-859400,-14346469000,"2023-01-09T09:26:00.000Z",1673256360000,2038100,3235000,36680700,18200,53834857000,19382559000,33729028000,723270000
3739700,68560410000,642542618000,1399800,-61100,2352664000,"2023-01-09T09:28:00.000Z",1673256480000,1460900,2861900,39542600,1200,50512232000,26420461000,24067797000,23974000
3810800,69319033000,689047558000,1366900,71100,758623000,"2023-01-09T09:30:00.000Z",1673256600000,1295800,2698000,42240600,35300,46504940000,23126817000,22368194000,1009929000
3492200,68506484000,739164588000,1358900,-318600,-812549000,"2023-01-09T09:32:00.000Z",1673256720000,1677500,3077400,45318000,41000,50117030000,24324809000,25137358000,654863000
3516700,71503166000,789314572000,1508400,24500,2996682000,"2023-01-09T09:34:00.000Z",1673256840000,1483900,3045500,48363500,53200,50149984000,26328356000,23331674000,489954000
3603600,68591492000,831485816000,1312300,86900,-2911674000,"2023-01-09T09:36:00.000Z",1673256960000,1225400,2576800,50940300,39100,42171244000,19249554000,22161228000,760462000
2861000,56284622000,877478237000,937100,-742600,-12306870000,"2023-01-09T09:38:00.000Z",1673257080000,1679700,2632300,53572600,15500,45992421000,16599537000,28906407000,486477000
2155100,45592817000,918212328000,869100,-705900,-10691805000,"2023-01-09T09:40:00.000Z",1673257200000,1575000,2452000,56024600,7900,40734091000,14929143000,25620948000,184000000
1828300,37350622000,962390435000,1165900,-326800,-8242195000,"2023-01-09T09:42:00.000Z",1673257320000,1492700,2677100,58701700,18500,44178107000,17769378000,26011573000,397156000
1499400,31146128000,1010510575000,1362100,-328900,-6204494000,"2023-01-09T09:44:00.000Z",1673257440000,1691000,3072000,61773700,18900,48120140000,20725206000,26929700000,465234000
640100,16164473000,1069901944000,1272600,-859300,-14981655000,"2023-01-09T09:46:00.000Z",1673257560000,2131900,3425200,65198900,20700,59391369000,22017789000,36999444000,374136000
-24800,5546321000,1115416283000,1014500,-664900,-10618152000,"2023-01-09T09:48:00.000Z",1673257680000,1679400,2699700,67898600,5800,45514339000,17404383000,28022535000,87421000
-79800,2871579000,1145813839000,1006300,-55000,-2674742000,"2023-01-09T09:50:00.000Z",1673257800000,1061300,2072200,69970800,4600,30397556000,13829644000,16504386000,63526000
-364700,-12846115000,1193668781000,1535600,-284900,-15717694000,"2023-01-09T09:52:00.000Z",1673257920000,1820500,3367700,73338500,11600,47854942000,15922523000,31640217000,292202000
1046300,-13770127000,1249127033000,3145400,1411000,-924012000,"2023-01-09T09:54:00.000Z",1673258040000,1734400,4883200,78221700,3400,55458252000,27201342000,28125354000,131556000
887000,-11728327000,1292254093000,1259400,-159300,2041800000,"2023-01-09T09:56:00.000Z",1673258160000,1418700,2721600,80943300,43500,43127060000,22126928000,20085128000,915004000
2065300,6486657000,1346598372000,2236900,1178300,18214984000,"2023-01-09T09:58:00.000Z",1673258280000,1058600,3313900,84257200,18400,54344279000,36049726000,17834742000,459811000
3013900,20571561000,1406011580000,2197900,948600,14084904000,"2023-01-09T10:00:00.000Z",1673258400000,1249300,3459400,87716600,12200,59413208000,36675767000,22590863000,146578000
3484900,33900229000,1465168081000,1756100,471000,13328668000,"2023-01-09T10:02:00.000Z",1673258520000,1285100,3070200,90786800,29000,59156501000,35827862000,22499194000,829445000
4380700,51647179000,1510543866000,1592100,895800,17746950000,"2023-01-09T10:04:00.000Z",1673258640000,696300,2294100,93080900,5700,45375785000,31489345000,13742395000,144045000
5005600,63146351000,1564757821000,1688700,624900,11499172000,"2023-01-09T10:06:00.000Z",1673258760000,1063800,2777500,95858400,25000,54213955000,32718730000,21219558000,275667000
5190500,71135333000,1604535327000,1072300,184900,7988982000,"2023-01-09T10:08:00.000Z",1673258880000,887400,1973000,97831400,13300,39777506000,23799814000,15810832000,166860000
6398600,93337899000,1655082215000,1927800,1208100,22202566000,"2023-01-09T10:10:00.000Z",1673259000000,719700,2667100,100498500,19600,50546888000,36239387000,14036821000,270680000
7114000,103009025000,1706546944000,1664900,715400,9671126000,"2023-01-09T10:12:00.000Z",1673259120000,949500,2636300,103134800,21900,51464729000,30324030000,20652904000,487795000
6291000,82038966000,1761457097000,973600,-823000,-20970059000,"2023-01-09T10:14:00.000Z",1673259240000,1796600,2780200,105915000,10000,54910153000,16846980000,37817039000,246134000
5713900,70358468000,1797665888000,644000,-577100,-11680498000,"2023-01-09T10:16:00.000Z",1673259360000,1221100,1874100,107789100,9000,36208791000,12216164000,23896662000,95965000
5459300,65621893000,1835631598000,932900,-254600,-4736575000,"2023-01-09T10:18:00.000Z",1673259480000,1187500,2122400,109911500,2000,37965710000,16590435000,21327010000,48265000
6139900,81561974000,1873371918000,1279900,680600,15940081000,"2023-01-09T10:20:00.000Z",1673259600000,599300,1883400,111794900,4200,37740320000,26784121000,10844040000,112159000
6617600,93241398000,1909516305000,1241400,477700,11679424000,"2023-01-09T10:22:00.000Z",1673259720000,763700,2009900,113804800,4800,36144387000,23890900000,12211476000,42011000
6895700,97502214000,1940759145000,1050100,278100,4260816000,"2023-01-09T10:24:00.000Z",1673259840000,772000,1831300,115636100,9200,31242840000,17676703000,13415887000,150250000
7504500,110228930000,1975892353000,1189500,608800,12726716000,"2023-01-09T10:26:00.000Z",1673259960000,580700,1771500,117407600,1300,35133208000,23912563000,11185847000,34798000
8757700,136030628000,2020065611000,1701600,1253200,25801698000,"2023-01-09T10:28:00.000Z",1673260080000,448400,2155600,119563200,5600,44173258000,34892667000,9090969000,189622000
9490400,152109351000,2064186376000,1529900,732700,16078723000,"2023-01-09T10:30:00.000Z",1673260200000,797200,2360800,121924000,33700,44120765000,29989653000,13910930000,220182000
10182900,166878777000,2113179613000,1577100,692500,14769426000,"2023-01-09T10:32:00.000Z",1673260320000,884600,2468800,124392800,7100,48993237000,31846132000,17076706000,70399000
10888100,179236661000,2167997469000,1815100,705200,12357884000,"2023-01-09T10:34:00.000Z",1673260440000,1109900,2935600,127328400,10600,54817856000,33504562000,21146678000,166616000
11625400,195120088000,2217022664000,1686800,737300,15883427000,"2023-01-09T10:36:00.000Z",1673260560000,949500,2636400,129964800,100,49025195000,32450046000,16566619000,8530000
11222200,190012323000,2261758371000,1068800,-403200,-5107765000,"2023-01-09T10:38:00.000Z",1673260680000,1472000,2549400,132514200,8600,44735707000,19748390000,24856155000,131162000
10288300,171109176000,2306058580000,760800,-933900,-18903147000,"2023-01-09T10:40:00.000Z",1673260800000,1694700,2483700,134997900,28200,44300209000,12461448000,31364595000,474166000
9732500,156684275000,2351292788000,774100,-555800,-14424901000,"2023-01-09T10:42:00.000Z",1673260920000,1329900,2108100,137106000,4100,45234208000,15317789000,29742690000,173729000
8973800,142839563000,2386379687000,522300,-758700,-13844712000,"2023-01-09T10:44:00.000Z",1673261040000,1281000,1841900,138947900,38600,35086899000,10455122000,24299834000,331943000
8281000,131792211000,2422232050000,587400,-692800,-11047352000,"2023-01-09T10:46:00.000Z",1673261160000,1280200,1919100,140867000,51500,35852363000,11927409000,22974761000,950193000
7817000,126791481000,2451897444000,646400,-464000,-5000730000,"2023-01-09T10:48:00.000Z",1673261280000,1110400,1777200,142644200,20400,29665394000,12246735000,17247465000,171194000
7164100,119022995000,2483078310000,466000,-652900,-7768486000,"2023-01-09T10:50:00.000Z",1673261400000,1118900,1585700,144229900,800,31180866000,11697110000,19465596000,18160000
7187800,126708516000,2519477337000,922200,23700,7685521000,"2023-01-09T10:52:00.000Z",1673261520000,898500,1826700,146056600,6000,36399027000,21940839000,14255318000,202870000
7461500,135852425000,2555934903000,1139700,273700,9143909000,"2023-01-09T10:54:00.000Z",1673261640000,866000,2006700,148063300,1000,36457566000,22796313000,13652404000,8849000
7655500,143567660000,2589476210000,1016600,194000,7715235000,"2023-01-09T10:56:00.000Z",1673261760000,822600,1853600,149916900,14400,33541307000,20514167000,12798932000,228208000
7605700,146493590000,2621649510000,766800,-49800,2925930000,"2023-01-09T10:58:00.000Z",1673261880000,816600,1604500,151521400,21100,32173300000,17402006000,14476076000,295218000
7712000,152776148000,2662781102000,1063800,106300,6282558000,"2023-01-09T11:00:00.000Z",1673262000000,957500,2028100,153549500,6800,41131592000,23640067000,17357509000,134016000
7331100,145103299000,2695125830000,590000,-380900,-7672849000,"2023-01-09T11:02:00.000Z",1673262120000,970900,1562300,155111800,1400,32344728000,12326675000,19999524000,18529000
6893400,141193566000,2732320526000,910600,-437700,-3909733000,"2023-01-09T11:04:00.000Z",1673262240000,1348300,2293500,157405300,34600,37194696000,16431950000,20341683000,421063000
6891800,144914580000,2762484162000,708400,-1600,3721014000,"2023-01-09T11:06:00.000Z",1673262360000,710000,1423600,158828900,5200,30163636000,16869945000,13148931000,144760000
6447600,140560016000,2789031617000,489300,-444200,-4354564000,"2023-01-09T11:08:00.000Z",1673262480000,933500,1425300,160254200,2500,26547455000,11067518000,15422082000,57855000
6613000,148852610000,2816172929000,692600,165400,8292594000,"2023-01-09T11:10:00.000Z",1673262600000,527200,1221800,161476000,2000,27141312000,17641076000,9348482000,151754000
7030500,163690669000,2856719654000,1163500,417500,14838059000,"2023-01-09T11:12:00.000Z",1673262720000,746000,1918000,163394000,8500,40546725000,27654837000,12816778000,75110000
6591500,157972658000,2882063912000,511900,-439000,-5718011000,"2023-01-09T11:14:00.000Z",1673262840000,950900,1471100,164865100,8300,25344258000,9681986000,15399997000,262275000
5832300,142366341000,2913754281000,394200,-759200,-15606317000,"2023-01-09T11:16:00.000Z",1673262960000,1153400,1551200,166416300,3600,31690369000,8028826000,23635143000,26400000
5252400,132422859000,2937864278000,381700,-579900,-9943482000,"2023-01-09T11:18:00.000Z",1673263080000,961600,1351200,167767500,7900,24109997000,6979723000,16923205000,207069000
5012100,129651282000,2963807954000,533400,-240300,-2771577000,"2023-01-09T11:20:00.000Z",1673263200000,773700,1316900,169084400,9800,25943676000,11460160000,14231737000,251779000
4180900,118138409000,2997893376000,526100,-831200,-11512873000,"2023-01-09T11:22:00.000Z",1673263320000,1357300,1888400,170972800,5000,34085422000,11207660000,22720533000,157229000
3590800,109723337000,3033355663000,655400,-590100,-8415072000,"2023-01-09T11:24:00.000Z",1673263440000,1245500,1927500,172900300,26600,35462287000,13317196000,21732268000,412823000
2447300,87530799000,3079535208000,650600,-1143500,-22192538000,"2023-01-09T11:26:00.000Z",1673263560000,1794100,2451300,175351600,6600,46179545000,11947286000,34139824000,92435000
1593900,69217741000,3121741011000,615400,-853400,-18313058000,"2023-01-09T11:28:00.000Z",1673263680000,1468800,2090200,177441800,6000,42205803000,11890813000,30203871000,111119000
1576900,68955458000,3122006284000,100,-17000,-262283000,"2023-01-09T11:30:00.000Z",1673263800000,17100,17200,177459000,0,265273000,1495000,263778000,0
602000,52013927000,3249910290000,2882200,-974900,-16941531000,"2023-01-09T13:00:00.000Z",1673269200000,3857100,6894700,184353700,155400,127904006000,52996273000,69937804000,4969929000
-350500,41892857000,3303133725000,1086500,-952500,-10121070000,"2023-01-09T13:02:00.000Z",1673269320000,2039000,3136900,187490600,11400,53223435000,21416007000,31537077000,270351000
-1001400,30892208000,3347375596000,857000,-650900,-11000649000,"2023-01-09T13:04:00.000Z",1673269440000,1507900,2385900,189876500,21000,44241871000,16515274000,27515923000,210674000
-1891300,20042263000,3401982877000,959400,-889900,-10849945000,"2023-01-09T13:06:00.000Z",1673269560000,1849300,2834900,192711400,26200,54607281000,21553462000,32403407000,650412000
-3025600,-3034139000,3451634826000,771200,-1134300,-23076402000,"2023-01-09T13:08:00.000Z",1673269680000,1905500,2679200,195390600,2500,49651949000,13270390000,36346792000,34767000
-4193000,-24195294000,3501483561000,800700,-1167400,-21161155000,"2023-01-09T13:10:00.000Z",1673269800000,1968100,2780100,198170700,11300,49848735000,14231733000,35392888000,224114000
-5376600,-40962454000,3548003582000,791200,-1183600,-16767160000,"2023-01-09T13:12:00.000Z",1673269920000,1974800,2787800,200958500,21800,46520021000,14698147000,31465307000,356567000
-5463200,-41770283000,3591720653000,1187100,-86600,-807829000,"2023-01-09T13:14:00.000Z",1673270040000,1273700,2481600,203440100,20800,43717071000,21223476000,22031305000,462290000
-5338300,-34667412000,3659620403000,1888800,124900,7102871000,"2023-01-09T13:16:00.000Z",1673270160000,1763900,3658700,207098800,6000,67899750000,37434611000,30331740000,133399000
-5122400,-22703087000,3712869019000,1614100,215900,11964325000,"2023-01-09T13:18:00.000Z",1673270280000,1398200,3054300,210153100,42000,53248616000,32345463000,20381138000,522015000
-4739100,-14924947000,3757773657000,1409100,383300,7778140000,"2023-01-09T13:20:00.000Z",1673270400000,1025800,2447300,212600400,12400,44904638000,26224790000,18446650000,233198000
-3912700,1100523000,3811152532000,1917100,826400,16025470000,"2023-01-09T13:22:00.000Z",1673270520000,1090700,3027900,215628300,20100,53378875000,34458893000,18433423000,486559000
-3776700,5083896000,3860284027000,1391700,136000,3983373000,"2023-01-09T13:24:00.000Z",1673270640000,1255700,2723200,218351500,75800,49131495000,26035790000,22052417000,1043288000
-4088600,3549567000,3912583737000,1205500,-311900,-1534329000,"2023-01-09T13:26:00.000Z",1673270760000,1517400,2737500,221089000,14600,52299710000,25239728000,26774057000,285925000
-5220000,-10963569000,3969744551000,1140900,-1131400,-14513136000,"2023-01-09T13:28:00.000Z",1673270880000,2272300,3455400,224544400,42200,57160814000,20893439000,35406575000,860800000
-7030200,-44062886000,4036456009000,932800,-1810200,-33099317000,"2023-01-09T13:30:00.000Z",1673271000000,2743000,3701400,228245800,25600,66711458000,16543656000,49642973000,524829000
-8371000,-54888513000,4114690686000,1685600,-1340800,-10825627000,"2023-01-09T13:32:00.000Z",1673271120000,3026400,4753000,232998800,41000,78234677000,33403708000,44229335000,601634000
-8922500,-59944785000,4161773183000,1085000,-551500,-5056272000,"2023-01-09T13:34:00.000Z",1673271240000,1636500,2744100,235742900,22600,47082497000,20793565000,25849837000,439095000
-11241600,-92165690000,4232232347000,997400,-2319100,-32220905000,"2023-01-09T13:36:00.000Z",1673271360000,3316500,4330400,240073300,16500,70459164000,18955347000,51176252000,327565000
-12245400,-110088993000,4285993019000,987700,-1003800,-17923303000,"2023-01-09T13:38:00.000Z",1673271480000,1991500,2997300,243070600,18100,53760672000,17802747000,35726050000,231875000
-13615100,-129195566000,4356678283000,1231300,-1369700,-19106573000,"2023-01-09T13:40:00.000Z",1673271600000,2601000,3843800,246914400,11500,70685264000,25620927000,44727500000,336837000
-14087900,-135492992000,4408130029000,1266700,-472800,-6297426000,"2023-01-09T13:42:00.000Z",1673271720000,1739500,3016900,249931300,10700,51451746000,22477782000,28775208000,198756000
-16063600,-168774995000,4473470207000,919900,-1975700,-33282003000,"2023-01-09T13:44:00.000Z",1673271840000,2895600,3895900,253827200,80400,65340178000,15706501000,48988504000,645173000
-18598900,-214227461000,4560378370000,1169000,-2535300,-45452466000,"2023-01-09T13:46:00.000Z",1673271960000,3704300,4899300,258726500,26000,86908163000,20578068000,66030534000,299561000
-19529400,-224500665000,4636607055000,1728400,-930500,-10273204000,"2023-01-09T13:48:00.000Z",1673272080000,2658900,4413500,263140000,26200,76228685000,32793033000,43066237000,369415000
-18156100,-199954696000,4689668193000,2232900,1373300,24545969000,"2023-01-09T13:50:00.000Z",1673272200000,859600,3094300,266234300,1800,53061138000,38783113000,14237144000,40881000
-16842400,-177366769000,4749658713000,2426700,1313700,22587927000,"2023-01-09T13:52:00.000Z",1673272320000,1113000,3564600,269798900,24900,59990520000,41179786000,18591859000,218875000
-15349000,-151744084000,4803742442000,2203500,1493400,25622685000,"2023-01-09T13:54:00.000Z",1673272440000,710100,2918800,272717700,5200,54083729000,39817005000,14194320000,72404000
-13978700,-127224061000,4866689981000,2317000,1370300,24520023000,"2023-01-09T13:56:00.000Z",1673272560000,946700,3280400,275998100,16700,62947539000,43530591000,19010568000,406380000
-15363100,-161348469000,4927175580000,768300,-1384400,-34124408000,"2023-01-09T13:58:00.000Z",1673272680000,2152700,2954000,278952100,33000,60485599000,12696120000,46820528000,968951000
-16226500,-175563929000,4973010802000,815600,-863400,-14215460000,"2023-01-09T14:00:00.000Z",1673272800000,1679000,2521200,281473300,26600,45835222000,15614011000,29829471000,391740000
-15901400,-170641872000,5000551167000,896800,325100,4922057000,"2023-01-09T14:02:00.000Z",1673272920000,571700,1496500,282969800,28000,27540365000,16040005000,11117948000,382412000
-15720300,-166727681000,5035867904000,1112600,181100,3914191000,"2023-01-09T14:04:00.000Z",1673273040000,931500,2051900,285021700,7800,35316737000,19545730000,15631539000,139468000
-15221000,-154285043000,5111368112000,2133300,499300,12442638000,"2023-01-09T14:06:00.000Z",1673273160000,1634000,3781300,288803000,14000,75500208000,43887290000,31444652000,168266000
-15115200,-145084391000,5160716609000,1310200,105800,9200652000,"2023-01-09T14:08:00.000Z",1673273280000,1204400,2520200,291323200,5600,49348497000,29195982000,19995330000,157185000
-15966000,-156388080000,5207156144000,920000,-850800,-11303689000,"2023-01-09T14:10:00.000Z",1673273400000,1770800,2701500,294024700,10700,46439535000,17495088000,28798777000,145670000
-18564300,-205079445000,5287832653000,805100,-2598300,-48691365000,"2023-01-09T14:12:00.000Z",1673273520000,3403400,4216600,298241300,8100,80676509000,15881727000,64573092000,221690000
-21475500,-248940390000,5392234074000,1522500,-2911200,-43860945000,"2023-01-09T14:14:00.000Z",1673273640000,4433700,5966200,304207500,10000,104401421000,30137723000,73998668000,265030000
-21488800,-250528630000,5485915228000,2645600,-13300,-1588240000,"2023-01-09T14:16:00.000Z",1673273760000,2658900,5335100,309542600,30600,93681154000,45826775000,47415015000,439364000
-20639200,-231571542000,5554859764000,2461600,849600,18957088000,"2023-01-09T14:18:00.000Z",1673273880000,1612000,4106200,313648800,32600,68944536000,43654995000,24697907000,591634000
-20435700,-227810616000,5628004201000,2060700,203500,3760926000,"2023-01-09T14:20:00.000Z",1673274000000,1857200,3958000,317606800,40100,73144437000,38110214000,34349288000,684935000
-21796900,-235571906000,5706153703000,1774900,-1361200,-7761290000,"2023-01-09T14:22:00.000Z",1673274120000,3136100,5043400,322650200,132400,78149502000,34593278000,42354568000,1201656000
-23384000,-260001475000,5783600216000,1507900,-1587100,-24429569000,"2023-01-09T14:24:00.000Z",1673274240000,3095000,4676600,327326800,73700,77446513000,25720526000,50150095000,1575892000
-25809900,-300758027000,5868836570000,1341200,-2425900,-40756552000,"2023-01-09T14:26:00.000Z",1673274360000,3767100,5227100,332553900,118800,85236354000,21430402000,62186954000,1618998000
-31744700,-394899390000,6019821573000,1737600,-5934800,-94141363000,"2023-01-09T14:28:00.000Z",1673274480000,7672400,9532000,342085900,122000,150985003000,27357866000,121499229000,2127908000
-31766600,-395343241000,6020336760000,2100,-21900,-443851000,"2023-01-09T14:30:00.000Z",1673274600000,24000,26100,342112000,0,515187000,35668000,479519000,0
-33620200,-403094878000,6412520448000,918800,-1853600,-7751637000,"2023-01-09T14:44:00.000Z",1673275440000,2772400,21640300,363752300,17949100,392183688000,23799809000,31551446000,336832433000
