"abu","acum_busd","acum_busd_val","acum_val","asd","auk","bs","bu","bu-sd","bu-sd_val","c","date","datetime","h","l","o","pbu","psd","puk","rbu","rsd","ruk","sb","sd","sum_vol","total_vol","uk","val","val_bu","val_sd","val_uk"
11093.5,-10000,-23000000,23000000,10320.7,533.7,0,,-10000,-23000000,2.3,"2023-02-01T07:24:00.000Z",1675236240000,2.3,2.3,2.3,0,100,0,,1,,Infinity,10000,10000,1937200,,23000000,,23000000,
11093.5,-19400,-47430000,47430000,10320.7,533.7,0,,-9400,-24430000,2.6,"2023-02-01T09:00:00.000Z",1675242000000,2.6,2.5,2.5,0,100,0,,0.9,,Infinity,9400,9400,9400,,24430000,,24430000,
11093.5,-49600,-125950000,176390000,10320.7,533.7,0.2,9700,-30200,-78520000,2.6,"2023-02-01T09:02:00.000Z",1675242120000,2.6,2.6,2.6,19.6,80.4,0,0.9,3.9,,4.1,39900,49600,59000,,128960000,25220000,103740000,
11093.5,-33200,-83310000,219030000,10320.7,533.7,Infinity,16400,16400,42640000,2.6,"2023-02-01T09:04:00.000Z",1675242240000,2.6,2.6,2.6,100,0,0,1.5,,,0,,16400,75400,,42640000,42640000,,
11093.5,-10000,-22990000,279350000,10320.7,533.7,Infinity,23200,23200,60320000,2.6,"2023-02-01T09:06:00.000Z",1675242360000,2.6,2.6,2.6,100,0,0,2.1,,,0,,23200,98600,,60320000,60320000,,
11093.5,-9800,-22470000,279870000,10320.7,533.7,Infinity,200,200,520000,2.6,"2023-02-01T09:08:00.000Z",1675242480000,2.6,2.6,2.6,100,0,0,0,,,0,,200,98800,,520000,520000,,
11093.5,-9500,-21690000,280650000,10320.7,533.7,Infinity,300,300,780000,2.6,"2023-02-01T09:10:00.000Z",1675242600000,2.6,2.6,2.6,100,0,0,0,,,0,,300,99100,,780000,780000,,
11093.5,-10500,-24190000,283150000,10320.7,533.7,0,,-1000,-2500000,2.5,"2023-02-01T09:12:00.000Z",1675242720000,2.5,2.5,2.5,0,100,0,,0.1,,Infinity,1000,1000,100100,,2500000,,2500000,
11093.5,-11000,-25440000,284400000,10320.7,533.7,0,,-500,-1250000,2.5,"2023-02-01T09:14:00.000Z",1675242840000,2.5,2.5,2.5,0,100,0,,0,,Infinity,500,500,100600,,1250000,,1250000,
11093.5,-32800,-79940000,338900000,10320.7,533.7,0,,-21800,-54500000,2.5,"2023-02-01T09:18:00.000Z",1675243080000,2.5,2.5,2.5,0,100,0,,2.1,,Infinity,21800,21800,122400,,54500000,,54500000,
11093.5,-97300,-241190000,533650000,10320.7,533.7,0.1,6700,-64500,-161250000,2.5,"2023-02-01T09:20:00.000Z",1675243200000,2.5,2.5,2.5,8.6,91.4,0,0.6,6.9,,10.6,71200,77900,200300,,194750000,16750000,178000000,
11093.5,-96800,-239940000,534900000,10320.7,533.7,Infinity,500,500,1250000,2.5,"2023-02-01T09:22:00.000Z",1675243320000,2.5,2.5,2.5,100,0,0,0,,,0,,500,200800,,1250000,1250000,,
11093.5,-3400,-6440000,774400000,10320.7,533.7,78.8,94600,93400,233500000,2.5,"2023-02-01T09:24:00.000Z",1675243440000,2.5,2.5,2.5,98.7,1.3,0,8.5,0.1,,0,1200,95800,296600,,239500000,236500000,3000000,
11093.5,-4500,-9190000,777150000,10320.7,533.7,0,,-1100,-2750000,2.5,"2023-02-01T09:26:00.000Z",1675243560000,2.5,2.5,2.5,0,100,0,,0.1,,Infinity,1100,1100,297700,,2750000,,2750000,
11093.5,-21100,-50680000,819160000,10320.7,533.7,0,100,-16600,-41490000,2.5,"2023-02-01T09:28:00.000Z",1675243680000,2.6,2.5,2.5,0.6,99.4,0,0,1.6,,167,16700,16800,314500,,42010000,260000,41750000,
11093.5,-30800,-74920000,843920000,10320.7,533.7,0,100,-9700,-24240000,2.5,"2023-02-01T09:30:00.000Z",1675243800000,2.6,2.5,2.5,1,99,0,0,0.9,,98,9800,9900,324400,,24760000,260000,24500000,
11093.5,-11900,-27660000,913180000,10320.7,533.7,5.3,23300,18900,47260000,2.6,"2023-02-01T09:32:00.000Z",1675243920000,2.6,2.5,2.5,84.1,15.9,0,2.1,0.4,,0.2,4400,27700,352100,,69260000,58260000,11000000,
11093.5,-12100,-28160000,913680000,10320.7,533.7,0,,-200,-500000,2.5,"2023-02-01T09:34:00.000Z",1675244040000,2.5,2.5,2.5,0,100,0,,0,,Infinity,200,200,352300,,500000,,500000,
11093.5,-13000,-30410000,915930000,10320.7,533.7,0,,-900,-2250000,2.5,"2023-02-01T09:36:00.000Z",1675244160000,2.5,2.5,2.5,0,100,0,,0.1,,Infinity,900,900,353200,,2250000,,2250000,
11093.5,-13400,-31400000,917440000,10320.7,533.7,0.2,100,-400,-990000,2.6,"2023-02-01T09:40:00.000Z",1675244400000,2.6,2.5,2.5,16.7,83.3,0,0,0,,5,500,600,353800,,1510000,260000,1250000,
11093.5,-8300,-18140000,930700000,10320.7,533.7,Infinity,5100,5100,13260000,2.6,"2023-02-01T09:42:00.000Z",1675244520000,2.6,2.6,2.6,100,0,0,0.5,,,0,,5100,358900,,13260000,13260000,,
11093.5,-2000,-1760000,947080000,10320.7,533.7,Infinity,6300,6300,16380000,2.6,"2023-02-01T09:44:00.000Z",1675244640000,2.6,2.6,2.6,100,0,0,0.6,,,0,,6300,365200,,16380000,16380000,,
11093.5,8000,24240000,973080000,10320.7,533.7,Infinity,10000,10000,26000000,2.6,"2023-02-01T09:48:00.000Z",1675244880000,2.6,2.6,2.6,100,0,0,0.9,,,0,,10000,375200,,26000000,26000000,,
11093.5,13000,37240000,986080000,10320.7,533.7,Infinity,5000,5000,13000000,2.6,"2023-02-01T09:50:00.000Z",1675245000000,2.6,2.6,2.6,100,0,0,0.5,,,0,,5000,380200,,13000000,13000000,,
11093.5,13100,37510000,986850000,10320.7,533.7,2,200,100,270000,2.5,"2023-02-01T09:52:00.000Z",1675245120000,2.6,2.5,2.6,66.7,33.3,0,0,0,,0.5,100,300,380500,,770000,520000,250000,
11093.5,10100,30010000,994350000,10320.7,533.7,0,,-3000,-7500000,2.5,"2023-02-01T09:56:00.000Z",1675245360000,2.5,2.5,2.5,0,100,0,,0.3,,Infinity,3000,3000,383500,,7500000,,7500000,
11093.5,9000,27260000,997100000,10320.7,533.7,0,,-1100,-2750000,2.5,"2023-02-01T10:00:00.000Z",1675245600000,2.5,2.5,2.5,0,100,0,,0.1,,Infinity,1100,1100,384600,,2750000,,2750000,
11093.5,4700,16510000,1007850000,10320.7,533.7,0,,-4300,-10750000,2.5,"2023-02-01T10:04:00.000Z",1675245840000,2.5,2.5,2.5,0,100,0,,0.4,,Infinity,4300,4300,388900,,10750000,,10750000,
11093.5,-16000,-35240000,1059600000,10320.7,533.7,0,,-20700,-51750000,2.5,"2023-02-01T10:06:00.000Z",1675245960000,2.5,2.5,2.5,0,100,0,,2,,Infinity,20700,20700,409600,,51750000,,51750000,
11093.5,-119000,-292740000,1317100000,10320.7,533.7,0,,-103000,-257500000,2.5,"2023-02-01T10:10:00.000Z",1675246200000,2.5,2.5,2.5,0,100,0,,10,,Infinity,103000,103000,512600,,257500000,,257500000,
11093.5,-202100,-500490000,1524850000,10320.7,533.7,0,,-83100,-207750000,2.5,"2023-02-01T10:12:00.000Z",1675246320000,2.5,2.5,2.5,0,100,0,,8.1,,Infinity,83100,83100,595700,,207750000,,207750000,
11093.5,-245300,-608490000,1633850000,10320.7,533.7,0,200,-43200,-108000000,2.5,"2023-02-01T10:14:00.000Z",1675246440000,2.5,2.5,2.5,0.5,99.5,0,0,4.2,,217,43400,43600,639300,,109000000,500000,108500000,
11093.5,-252500,-626490000,1655850000,10320.7,533.7,0.1,800,-7200,-18000000,2.5,"2023-02-01T10:16:00.000Z",1675246560000,2.5,2.5,2.5,9.1,90.9,0,0.1,0.8,,10,8000,8800,648100,,22000000,2000000,20000000,
11093.5,-228600,-566740000,1716100000,10320.7,533.7,240,24000,23900,59750000,2.5,"2023-02-01T10:18:00.000Z",1675246680000,2.5,2.5,2.5,99.6,0.4,0,2.2,0,,0,100,24100,672200,,60250000,60000000,250000,
11093.5,-228900,-567490000,1716850000,10320.7,533.7,0,,-300,-750000,2.5,"2023-02-01T10:20:00.000Z",1675246800000,2.5,2.5,2.5,0,100,0,,0,,Infinity,300,300,672500,,750000,,750000,
11093.5,-228700,-566970000,1717370000,10320.7,533.7,Infinity,200,200,520000,2.6,"2023-02-01T10:22:00.000Z",1675246920000,2.6,2.6,2.6,100,0,0,0,,,0,,200,672700,,520000,520000,,
11093.5,-226700,-561770000,1722570000,10320.7,533.7,Infinity,2000,2000,5200000,2.6,"2023-02-01T10:32:00.000Z",1675247520000,2.6,2.6,2.6,100,0,0,0.2,,,0,,2000,674700,,5200000,5200000,,
11093.5,-240700,-596270000,1783070000,10320.7,533.7,0.3,5000,-14000,-34500000,2.5,"2023-02-01T10:34:00.000Z",1675247640000,2.6,2.5,2.6,20.8,79.2,0,0.5,1.8,,3.8,19000,24000,698700,,60500000,13000000,47500000,
11093.5,-264600,-656020000,1842820000,10320.7,533.7,0,,-23900,-59750000,2.5,"2023-02-01T10:36:00.000Z",1675247760000,2.5,2.5,2.5,0,100,0,,2.3,,Infinity,23900,23900,722600,,59750000,,59750000,
11093.5,-269200,-667520000,1854320000,10320.7,533.7,0,,-4600,-11500000,2.5,"2023-02-01T10:38:00.000Z",1675247880000,2.5,2.5,2.5,0,100,0,,0.4,,Infinity,4600,4600,727200,,11500000,,11500000,
11093.5,-266700,-661270000,1860570000,10320.7,533.7,Infinity,2500,2500,6250000,2.5,"2023-02-01T10:42:00.000Z",1675248120000,2.5,2.5,2.5,100,0,0,0.2,,,0,,2500,729700,,6250000,6250000,,
11093.5,-313500,-778270000,1978070000,10320.7,533.7,0,100,-46800,-117000000,2.5,"2023-02-01T10:44:00.000Z",1675248240000,2.5,2.5,2.5,0.2,99.8,0,0,4.5,,469,46900,47000,776700,,117500000,250000,117250000,
11093.5,-314500,-780770000,1980570000,10320.7,533.7,0,,-1000,-2500000,2.5,"2023-02-01T10:46:00.000Z",1675248360000,2.5,2.5,2.5,0,100,0,,0.1,,Infinity,1000,1000,777700,,2500000,,2500000,
11093.5,-321500,-798270000,1998070000,10320.7,533.7,0,,-7000,-17500000,2.5,"2023-02-01T10:48:00.000Z",1675248480000,2.5,2.5,2.5,0,100,0,,0.7,,Infinity,7000,7000,784700,,17500000,,17500000,
11093.5,-336300,-835270000,2035070000,10320.7,533.7,0,,-14800,-37000000,2.5,"2023-02-01T10:50:00.000Z",1675248600000,2.5,2.5,2.5,0,100,0,,1.4,,Infinity,14800,14800,799500,,37000000,,37000000,
11093.5,-336200,-835020000,2035320000,10320.7,533.7,Infinity,100,100,250000,2.5,"2023-02-01T10:54:00.000Z",1675248840000,2.5,2.5,2.5,100,0,0,0,,,0,,100,799600,,250000,250000,,
11093.5,-335800,-834020000,2036320000,10320.7,533.7,Infinity,400,400,1000000,2.5,"2023-02-01T10:56:00.000Z",1675248960000,2.5,2.5,2.5,100,0,0,0,,,0,,400,800000,,1000000,1000000,,
11093.5,-335500,-833270000,2037070000,10320.7,533.7,Infinity,300,300,750000,2.5,"2023-02-01T10:58:00.000Z",1675249080000,2.5,2.5,2.5,100,0,0,0,,,0,,300,800300,,750000,750000,,
11093.5,-331200,-822520000,2047820000,10320.7,533.7,Infinity,4300,4300,10750000,2.5,"2023-02-01T11:00:00.000Z",1675249200000,2.5,2.5,2.5,100,0,0,0.4,,,0,,4300,804600,,10750000,10750000,,
11093.5,-333100,-827080000,2052380000,10320.7,533.7,0,,-1900,-4560000,2.4,"2023-02-01T11:04:00.000Z",1675249440000,2.4,2.4,2.4,0,100,0,,0.2,,Infinity,1900,1900,806500,,4560000,,4560000,
11093.5,-327400,-812830000,2066630000,10320.7,533.7,Infinity,5700,5700,14250000,2.5,"2023-02-01T11:06:00.000Z",1675249560000,2.5,2.5,2.5,100,0,0,0.5,,,0,,5700,812200,,14250000,14250000,,
11093.5,-326100,-809570000,2070370000,10320.7,533.7,14,1400,1300,3260000,2.5,"2023-02-01T11:08:00.000Z",1675249680000,2.5,2.4,2.4,93.3,6.7,0,0.1,0,,0.1,100,1500,813700,,3740000,3500000,240000,
11093.5,-314900,-781570000,2098370000,10320.7,533.7,Infinity,11200,11200,28000000,2.5,"2023-02-01T11:14:00.000Z",1675250040000,2.5,2.5,2.5,100,0,0,1,,,0,,11200,824900,,28000000,28000000,,
11093.5,-314700,-781070000,2098870000,10320.7,533.7,Infinity,200,200,500000,2.5,"2023-02-01T11:18:00.000Z",1675250280000,2.5,2.5,2.5,100,0,0,0,,,0,,200,825100,,500000,500000,,
11093.5,-315100,-782030000,2099830000,10320.7,533.7,0,,-400,-960000,2.4,"2023-02-01T11:22:00.000Z",1675250520000,2.4,2.4,2.4,0,100,0,,0,,Infinity,400,400,825500,,960000,,960000,
11093.5,-316400,-785150000,2102950000,10320.7,533.7,0,,-1300,-3120000,2.4,"2023-02-01T11:28:00.000Z",1675250880000,2.4,2.4,2.4,0,100,0,,0.1,,Infinity,1300,1300,826800,,3120000,,3120000,
11093.5,155300,346940000,3235500000,10320.7,533.7,4718,471800,471700,1132090000,2.4,"2023-02-01T13:00:00.000Z",1675256400000,2.4,2.3,2.4,100,0,0,42.5,0,,0,100,471900,1298700,,1132550000,1132320000,229999.99999999997,
11093.5,156700,350300000,3238860000,10320.7,533.7,Infinity,1400,1400,3360000,2.4,"2023-02-01T13:02:00.000Z",1675256520000,2.4,2.4,2.4,100,0,0,0.1,,,0,,1400,1300100,,3360000,3360000,,
11093.5,159900,357980000,3246540000,10320.7,533.7,Infinity,3200,3200,7680000,2.4,"2023-02-01T13:06:00.000Z",1675256760000,2.4,2.4,2.4,100,0,0,0.3,,,0,,3200,1303300,,7680000,7680000,,
11093.5,161400,361580000,3250140000,10320.7,533.7,Infinity,1500,1500,3600000,2.4,"2023-02-01T13:08:00.000Z",1675256880000,2.4,2.4,2.4,100,0,0,0.1,,,0,,1500,1304800,,3600000,3600000,,
11093.5,183700,415100000,3303660000,10320.7,533.7,Infinity,22300,22300,53520000,2.4,"2023-02-01T13:10:00.000Z",1675257000000,2.4,2.4,2.4,100,0,0,2,,,0,,22300,1327100,,53520000,53520000,,
11093.5,197800,448940000,3337500000,10320.7,533.7,Infinity,14100,14100,33840000,2.4,"2023-02-01T13:12:00.000Z",1675257120000,2.4,2.4,2.4,100,0,0,1.3,,,0,,14100,1341200,,33840000,33840000,,
11093.5,230200,526700000,3415260000,10320.7,533.7,Infinity,32400,32400,77760000,2.4,"2023-02-01T13:14:00.000Z",1675257240000,2.4,2.4,2.4,100,0,0,2.9,,,0,,32400,1373600,,77760000,77760000,,
11093.5,387500,904230000,3792790000,10320.7,533.7,Infinity,157300,157300,377530000,2.5,"2023-02-01T13:16:00.000Z",1675257360000,2.5,2.4,2.4,100,0,0,14.2,,,0,,157300,1530900,,377530000,377530000,,
11093.5,367800,857160000,3850360000,10320.7,533.7,0.1,2100,-19700,-47070000,2.5,"2023-02-01T13:18:00.000Z",1675257480000,2.5,2.4,2.4,8.8,91.2,0,0.2,2.1,,10.4,21800,23900,1554800,,57570000,5250000,52320000,
11093.5,357900,833430000,3875590000,10320.7,533.7,0,300,-9900,-23730000,2.5,"2023-02-01T13:20:00.000Z",1675257600000,2.5,2.4,2.5,2.9,97.1,0,0,1,,34,10200,10500,1565300,,25230000,750000,24480000,
11093.5,358400,834680000,3876840000,10320.7,533.7,Infinity,500,500,1250000,2.5,"2023-02-01T13:24:00.000Z",1675257840000,2.5,2.5,2.5,100,0,0,0,,,0,,500,1565800,,1250000,1250000,,
11093.5,360700,840430000,3882590000,10320.7,533.7,Infinity,2300,2300,5750000,2.5,"2023-02-01T13:30:00.000Z",1675258200000,2.5,2.5,2.5,100,0,0,0.2,,,0,,2300,1568100,,5750000,5750000,,
11093.5,358700,835630000,3887390000,10320.7,533.7,0,,-2000,-4800000,2.4,"2023-02-01T13:32:00.000Z",1675258320000,2.4,2.4,2.4,0,100,0,,0.2,,Infinity,2000,2000,1570100,,4800000,,4800000,
11093.5,352700,821230000,3901790000,10320.7,533.7,0,,-6000,-14400000,2.4,"2023-02-01T13:36:00.000Z",1675258560000,2.4,2.4,2.4,0,100,0,,0.6,,Infinity,6000,6000,1576100,,14400000,,14400000,
11093.5,352800,821480000,3902040000,10320.7,533.7,Infinity,100,100,250000,2.5,"2023-02-01T13:40:00.000Z",1675258800000,2.5,2.5,2.5,100,0,0,0,,,0,,100,1576200,,250000,250000,,
11093.5,352700,821240000,3902280000,10320.7,533.7,0,,-100,-240000,2.4,"2023-02-01T13:50:00.000Z",1675259400000,2.4,2.4,2.4,0,100,0,,0,,Infinity,100,100,1576300,,240000,,240000,
11093.5,342700,797240000,3926280000,10320.7,533.7,0,,-10000,-24000000,2.4,"2023-02-01T13:52:00.000Z",1675259520000,2.4,2.4,2.4,0,100,0,,1,,Infinity,10000,10000,1586300,,24000000,,24000000,
11093.5,337700,785240000,3938280000,10320.7,533.7,0,,-5000,-12000000,2.4,"2023-02-01T13:54:00.000Z",1675259640000,2.4,2.4,2.4,0,100,0,,0.5,,Infinity,5000,5000,1591300,,12000000,,12000000,
11093.5,336600,782600000,3940920000,10320.7,533.7,0,,-1100,-2640000,2.4,"2023-02-01T13:56:00.000Z",1675259760000,2.4,2.4,2.4,0,100,0,,0.1,,Infinity,1100,1100,1592400,,2640000,,2640000,
11093.5,136800,303080000,4420440000,10320.7,533.7,0,,-199800,-479520000,2.4,"2023-02-01T13:58:00.000Z",1675259880000,2.4,2.4,2.4,0,100,0,,19.4,,Infinity,199800,199800,1792200,,479520000,,479520000,
11093.5,153800,343880000,4486680000,10320.7,533.7,4.2,22300,17000,40800000,2.4,"2023-02-01T14:00:00.000Z",1675260000000,2.4,2.4,2.4,80.8,19.2,0,2,0.5,,0.2,5300,27600,1819800,,66240000,53520000,12720000,
11093.5,149300,333670000,4503610000,10320.7,533.7,0.2,1400,-4500,-10209999.999999998,2.3,"2023-02-01T14:02:00.000Z",1675260120000,2.4,2.3,2.4,19.2,80.8,0,0.1,0.6,,4.2,5900,7300,1827100,,16930000,3360000,13569999.999999998,
11093.5,150300,336070000,4506010000,10320.7,533.7,Infinity,1000,1000,2400000,2.4,"2023-02-01T14:04:00.000Z",1675260240000,2.4,2.4,2.4,100,0,0,0.1,,,0,,1000,1828100,,2400000,2400000,,
11093.5,157400,353110000,4523050000,10320.7,533.7,Infinity,7100,7100,17040000,2.4,"2023-02-01T14:06:00.000Z",1675260360000,2.4,2.4,2.4,100,0,0,0.6,,,0,,7100,1835200,,17040000,17040000,,
11093.5,163300,367270000,4537210000,10320.7,533.7,Infinity,5900,5900,14160000,2.4,"2023-02-01T14:08:00.000Z",1675260480000,2.4,2.4,2.4,100,0,0,0.5,,,0,,5900,1841100,,14160000,14160000,,
11093.5,174400,393910000,4563850000,10320.7,533.7,Infinity,11100,11100,26640000,2.4,"2023-02-01T14:10:00.000Z",1675260600000,2.4,2.4,2.4,100,0,0,1,,,0,,11100,1852200,,26640000,26640000,,
11093.5,174000,392990000,4564770000,10320.7,533.7,0,,-400,-919999.9999999999,2.3,"2023-02-01T14:12:00.000Z",1675260720000,2.3,2.3,2.3,0,100,0,,0,,Infinity,400,400,1852600,,919999.9999999999,,919999.9999999999,
11093.5,172000,388390000,4569370000,10320.7,533.7,0,,-2000,-4600000,2.3,"2023-02-01T14:14:00.000Z",1675260840000,2.3,2.3,2.3,0,100,0,,0.2,,Infinity,2000,2000,1854600,,4600000,,4600000,
11093.5,167000,376890000,4580870000,10320.7,533.7,0,,-5000,-11500000,2.3,"2023-02-01T14:16:00.000Z",1675260960000,2.3,2.3,2.3,0,100,0,,0.5,,Infinity,5000,5000,1859600,,11500000,,11500000,
11093.5,162200,365870000,4592850000,10320.7,533.7,0,200,-4800,-11020000,2.3,"2023-02-01T14:18:00.000Z",1675261080000,2.4,2.3,2.4,3.8,96.2,0,0,0.5,,25,5000,5200,1864800,,11980000,480000,11500000,
11093.5,128100,287460000,4672220000,10320.7,533.7,0,200,-34100,-78410000,2.3,"2023-02-01T14:20:00.000Z",1675261200000,2.4,2.3,2.3,0.6,99.4,0,0,3.3,,171.5,34300,34500,1899300,,79370000,480000,78890000,
11093.5,100600,224230000,4736410000,10320.7,533.7,0,200,-27500,-63230000,2.3,"2023-02-01T14:22:00.000Z",1675261320000,2.4,2.3,2.3,0.7,99.3,0,0,2.7,,138.5,27700,27900,1927200,,64190000,480000,63710000,
11093.5,97800,217810000,4743790000,10320.7,533.7,0.1,200,-2800,-6420000,2.3,"2023-02-01T14:24:00.000Z",1675261440000,2.4,2.3,2.4,6.3,93.8,0,0,0.3,,15,3000,3200,1940400,,7380000,480000,6900000,
11093.5,90700,201580000,4764820000,10320.7,533.7,0.1,1000,-7100,-16230000,2.4,"2023-02-01T14:26:00.000Z",1675261560000,2.4,2.3,2.3,11,89,0,0.1,0.8,,8.1,8100,9100,1949500,,21030000,2400000,18630000,
11093.5,71100,156550000,4812250000,10320.7,533.7,0,500,-19600,-45030000,2.3,"2023-02-01T14:28:00.000Z",1675261680000,2.4,2.3,2.4,2.4,97.6,0,0,1.9,,40.2,20100,20600,1970100,,47430000,1200000,46230000,
11093.5,71100,156550000,4925180000,10320.7,533.7,NaN,,0,0,2.3,"2023-02-01T14:44:00.000Z",1675262640000,2.3,2.3,2.3,0,0,100,,,92,NaN,,49100,2019200,49100,112929999.99999999,,,112929999.99999999
